988.828 -388.81 0.35 0.0
988.826 -388.81 0.35 1.0
936.892 -498.29 0.35 1.0
862.134 -615.392 0.35 1.0
772.434 -721.486 0.35 1.0
669.424 -814.653 0.35 1.0
554.852 -893.303 0.35 1.0
430.852 -955.96 0.35 1.0
299.645 -1001.52 0.35 1.0
163.46 -1029.202 0.35 1.0
24.877 -1038.479 0.35 1.0
-0.948 -1036.753 0.35 1.0
-0.948 -1196.589 0.35 1.0
24.856 -1198.246 0.35 1.0
178.282 -1188.396 0.35 1.0
329.188 -1159.007 0.35 1.0
475.096 -1110.562 0.35 1.0
613.612 -1043.856 0.35 1.0
742.461 -959.985 0.35 1.0
859.526 -860.325 0.35 1.0
962.887 -746.514 0.35 1.0
1050.845 -620.42 0.35 1.0
1121.957 -484.11 0.35 1.0
1123.274 -480.754 0.35 1.0
1159.348 -388.81 0.35 1.0
991.828 -388.81 0.35 1.0
991.828 -388.81 20.35 0.0
1005.557 -399.71 20.35 0.0
998.753 -414.37 20.35 1.0
954.625 -507.392 20.35 1.0
954.364 -507.899 20.35 1.0
954.073 -508.389 20.35 1.0
878.542 -626.705 20.35 1.0
878.17 -627.245 20.35 1.0
877.821 -627.684 20.35 1.0
787.188 -734.885 20.35 1.0
786.748 -735.37 20.35 1.0
786.343 -735.759 20.35 1.0
682.231 -829.923 20.35 1.0
681.729 -830.345 20.35 1.0
681.276 -830.677 20.35 1.0
565.542 -910.124 20.35 1.0
564.989 -910.475 20.35 1.0
564.496 -910.743 20.35 1.0
439.205 -974.056 20.35 1.0
438.61 -974.33 20.35 1.0
438.086 -974.531 20.35 1.0
305.356 -1020.618 20.35 1.0
304.847 -1020.771 20.35 1.0
304.301 -1020.899 20.35 1.0
166.735 -1048.861 20.35 1.0
166.088 -1048.968 20.35 1.0
165.53 -1049.023 20.35 1.0
25.464 -1058.4 20.35 1.0
24.877 -1058.42 20.35 1.0
24.248 -1058.4 20.35 1.0
9.96 -1057.443 20.35 1.0
9.96 -1194.307 20.35 1.0
24.856 -1195.263 20.35 1.0
177.9 -1185.437 20.35 1.0
328.431 -1156.121 20.35 1.0
473.977 -1107.797 20.35 1.0
612.149 -1041.257 20.35 1.0
740.677 -957.594 20.35 1.0
857.451 -858.183 20.35 1.0
960.555 -744.655 20.35 1.0
1048.294 -618.874 20.35 1.0
1119.298 -482.773 20.35 1.0
1125.314 -467.675 20.35 1.0
1151.979 -399.71 20.35 1.0
1008.557 -399.71 20.35 1.0
1008.557 -399.71 40.35 0.0
1024.759 -399.71 40.35 0.0
999.038 -455.137 40.35 1.0
970.2 -515.927 40.35 1.0
969.94 -516.435 40.35 1.0
969.648 -516.924 40.35 1.0
892.79 -637.319 40.35 1.0
892.469 -637.78 40.35 1.0
892.12 -638.22 40.35 1.0
799.894 -747.303 40.35 1.0
799.514 -747.717 40.35 1.0
799.11 -748.106 40.35 1.0
693.238 -843.862 40.35 1.0
692.736 -844.284 40.35 1.0
692.284 -844.615 40.35 1.0
574.593 -925.405 40.35 1.0
574.04 -925.756 40.35 1.0
573.547 -926.025 40.35 1.0
446.139 -990.407 40.35 1.0
445.543 -990.682 40.35 1.0
445.019 -990.882 40.35 1.0
310.166 -1037.708 40.35 1.0
309.539 -1037.9 40.35 1.0
308.993 -1038.029 40.35 1.0
169.102 -1066.463 40.35 1.0
168.455 -1066.571 40.35 1.0
167.897 -1066.625 40.35 1.0
25.464 -1076.16 40.35 1.0
24.877 -1076.181 40.35 1.0
24.248 -1076.16 40.35 1.0
9.974 -1075.205 40.35 1.0
9.974 -1209.914 40.35 1.0
24.856 -1210.869 40.35 1.0
179.896 -1200.915 40.35 1.0
332.39 -1171.217 40.35 1.0
479.834 -1122.263 40.35 1.0
619.807 -1054.855 40.35 1.0
750.011 -970.101 40.35 1.0
868.308 -869.393 40.35 1.0
972.756 -754.385 40.35 1.0
1061.639 -626.964 40.35 1.0
1133.568 -489.09 40.35 1.0
1151.53 -444.023 40.35 1.0
1168.916 -399.71 40.35 1.0
1027.759 -399.71 40.35 1.0
1027.759 -399.71 60.35 0.0
1043.962 -399.71 60.35 0.0
999.356 -495.835 60.35 1.0
985.775 -524.463 60.35 1.0
985.515 -524.97 60.35 1.0
985.223 -525.459 60.35 1.0
907.14 -647.776 60.35 1.0
906.734 -648.359 60.35 1.0
906.418 -648.755 60.35 1.0
812.722 -759.579 60.35 1.0
812.243 -760.103 60.35 1.0
811.877 -760.453 60.35 1.0
704.245 -857.8 60.35 1.0
703.7 -858.256 60.35 1.0
703.291 -858.554 60.35 1.0
583.644 -940.686 60.35 1.0
583.044 -941.065 60.35 1.0
582.598 -941.306 60.35 1.0
453.072 -1006.758 60.35 1.0
452.426 -1007.054 60.35 1.0
451.953 -1007.233 60.35 1.0
314.858 -1054.837 60.35 1.0
314.232 -1055.03 60.35 1.0
313.686 -1055.159 60.35 1.0
171.47 -1084.065 60.35 1.0
170.823 -1084.173 60.35 1.0
170.264 -1084.228 60.35 1.0
25.464 -1093.921 60.35 1.0
24.877 -1093.941 60.35 1.0
24.248 -1093.921 60.35 1.0
9.988 -1092.966 60.35 1.0
9.988 -1225.521 60.35 1.0
24.856 -1226.475 60.35 1.0
181.892 -1216.393 60.35 1.0
336.348 -1186.313 60.35 1.0
485.69 -1136.728 60.35 1.0
627.465 -1068.453 60.35 1.0
759.345 -982.608 60.35 1.0
879.165 -880.604 60.35 1.0
984.957 -764.115 60.35 1.0
1074.985 -635.054 60.35 1.0
1147.839 -495.407 60.35 1.0
1177.746 -420.371 60.35 1.0
1185.852 -399.71 60.35 1.0
1046.962 -399.71 60.35 1.0
1046.962 -399.71 80.35 0.0
1063.085 -399.71 80.35 0.0
1001.293 -532.869 80.35 1.0
1000.969 -533.5 80.35 1.0
1000.708 -533.935 80.35 1.0
921.351 -658.247 80.35 1.0
920.946 -658.83 80.35 1.0
920.63 -659.226 80.35 1.0
825.411 -771.851 80.35 1.0
824.932 -772.375 80.35 1.0
824.566 -772.725 80.35 1.0
715.185 -871.654 80.35 1.0
714.64 -872.109 80.35 1.0
714.231 -872.407 80.35 1.0
592.64 -955.874 80.35 1.0
592.04 -956.253 80.35 1.0
591.594 -956.494 80.35 1.0
459.964 -1023.01 80.35 1.0
459.318 -1023.305 80.35 1.0
458.844 -1023.485 80.35 1.0
319.522 -1071.863 80.35 1.0
318.843 -1072.069 80.35 1.0
318.349 -1072.184 80.35 1.0
173.822 -1101.56 80.35 1.0
173.121 -1101.675 80.35 1.0
172.617 -1101.722 80.35 1.0
25.464 -1111.573 80.35 1.0
24.877 -1111.593 80.35 1.0
24.248 -1111.573 80.35 1.0
10.003 -1110.619 80.35 1.0
10.003 -1241.128 80.35 1.0
24.856 -1242.082 80.35 1.0
183.887 -1231.871 80.35 1.0
340.307 -1201.409 80.35 1.0
491.546 -1151.194 80.35 1.0
635.123 -1082.051 80.35 1.0
768.679 -995.115 80.35 1.0
890.022 -891.815 80.35 1.0
997.159 -773.845 80.35 1.0
1088.33 -643.144 80.35 1.0
1162.109 -501.724 80.35 1.0
1202.77 -399.71 80.35 1.0
1066.085 -399.71 80.35 1.0
1081.438 -399.71 100.35 0.0
1079.042 -405.247 100.35 1.0
1016.063 -540.963 100.35 1.0
1015.739 -541.595 100.35 1.0
1015.478 -542.029 100.35 1.0
934.91 -668.237 100.35 1.0
934.505 -668.821 100.35 1.0
934.189 -669.216 100.35 1.0
837.518 -783.56 100.35 1.0
837.039 -784.084 100.35 1.0
836.672 -784.434 100.35 1.0
725.623 -884.872 100.35 1.0
725.078 -885.327 100.35 1.0
724.669 -885.625 100.35 1.0
601.224 -970.366 100.35 1.0
600.623 -970.744 100.35 1.0
600.177 -970.985 100.35 1.0
466.539 -1038.516 100.35 1.0
465.893 -1038.811 100.35 1.0
465.419 -1038.991 100.35 1.0
323.972 -1088.107 100.35 1.0
323.292 -1088.313 100.35 1.0
322.799 -1088.428 100.35 1.0
176.067 -1118.253 100.35 1.0
175.366 -1118.367 100.35 1.0
174.862 -1118.415 100.35 1.0
25.464 -1128.416 100.35 1.0
24.877 -1128.436 100.35 1.0
24.248 -1128.416 100.35 1.0
10.017 -1127.463 100.35 1.0
10.017 -1256.735 100.35 1.0
24.856 -1257.688 100.35 1.0
185.883 -1247.349 100.35 1.0
344.265 -1216.505 100.35 1.0
497.403 -1165.659 100.35 1.0
642.781 -1095.649 100.35 1.0
778.014 -1007.622 100.35 1.0
900.879 -903.026 100.35 1.0
1009.36 -783.576 100.35 1.0
1101.676 -651.235 100.35 1.0
1176.38 -508.041 100.35 1.0
1205.867 -434.039 100.35 1.0
1218.553 -399.71 100.35 1.0
1084.438 -399.71 100.35 1.0
1084.438 -399.71 120.35 0.0
1098.714 -399.71 120.35 0.0
1096.235 -407.83 120.35 1.0
1095.995 -408.448 120.35 1.0
1094.759 -411.3 120.35 1.0
1030.833 -549.057 120.35 1.0
1030.509 -549.689 120.35 1.0
1030.248 -550.124 120.35 1.0
948.47 -678.228 120.35 1.0
948.065 -678.811 120.35 1.0
947.748 -679.207 120.35 1.0
849.625 -795.268 120.35 1.0
849.145 -795.792 120.35 1.0
848.779 -796.143 120.35 1.0
736.062 -898.09 120.35 1.0
735.517 -898.545 120.35 1.0
735.107 -898.843 120.35 1.0
609.807 -984.857 120.35 1.0
609.206 -985.236 120.35 1.0
608.761 -985.477 120.35 1.0
473.114 -1054.022 120.35 1.0
472.468 -1054.318 120.35 1.0
471.994 -1054.497 120.35 1.0
328.422 -1104.351 120.35 1.0
327.742 -1104.557 120.35 1.0
327.249 -1104.672 120.35 1.0
178.312 -1134.945 120.35 1.0
177.611 -1135.059 120.35 1.0
177.107 -1135.107 120.35 1.0
25.464 -1145.258 120.35 1.0
24.877 -1145.278 120.35 1.0
24.248 -1145.258 120.35 1.0
10.031 -1144.306 120.35 1.0
10.031 -1271.465 120.35 1.0
24.856 -1272.417 120.35 1.0
187.766 -1261.957 120.35 1.0
348.001 -1230.752 120.35 1.0
502.93 -1179.312 120.35 1.0
650.009 -1108.482 120.35 1.0
786.823 -1019.426 120.35 1.0
911.126 -913.606 120.35 1.0
1020.876 -792.759 120.35 1.0
1114.271 -658.87 120.35 1.0
1189.831 -514.036 120.35 1.0
1194.138 -502.989 120.35 1.0
1232.306 -399.71 120.35 1.0
1101.714 -399.71 120.35 1.0
1101.714 -399.71 140.35 0.0
1115.881 -399.71 140.35 0.0
1112.308 -411.451 140.35 1.0
1112.057 -412.166 140.35 1.0
1110.256 -416.691 140.35 1.0
1110.056 -417.158 140.35 1.0
1045.195 -556.928 140.35 1.0
1044.872 -557.56 140.35 1.0
1044.611 -557.994 140.35 1.0
961.655 -687.943 140.35 1.0
961.25 -688.526 140.35 1.0
960.934 -688.922 140.35 1.0
861.397 -806.654 140.35 1.0
860.918 -807.178 140.35 1.0
860.552 -807.528 140.35 1.0
746.212 -910.943 140.35 1.0
745.667 -911.398 140.35 1.0
745.257 -911.697 140.35 1.0
618.153 -998.949 140.35 1.0
617.552 -999.327 140.35 1.0
617.107 -999.568 140.35 1.0
479.507 -1069.1 140.35 1.0
478.861 -1069.396 140.35 1.0
478.388 -1069.575 140.35 1.0
332.749 -1120.146 140.35 1.0
332.069 -1120.353 140.35 1.0
331.576 -1120.468 140.35 1.0
180.495 -1151.176 140.35 1.0
179.794 -1151.291 140.35 1.0
179.29 -1151.339 140.35 1.0
25.464 -1161.636 140.35 1.0
24.877 -1161.656 140.35 1.0
24.248 -1161.636 140.35 1.0
10.046 -1160.685 140.35 1.0
10.046 -1283.468 140.35 1.0
24.856 -1284.419 140.35 1.0
189.301 -1273.861 140.35 1.0
351.046 -1242.362 140.35 1.0
507.434 -1190.437 140.35 1.0
655.899 -1118.94 140.35 1.0
794.002 -1029.045 140.35 1.0
919.476 -922.228 140.35 1.0
1030.26 -800.243 140.35 1.0
1124.535 -665.092 140.35 1.0
1200.806 -518.894 140.35 1.0
1222.954 -462.229 140.35 1.0
1246.059 -399.71 140.35 1.0
1118.881 -399.71 140.35 1.0
1132.499 -399.71 160.35 0.0
1123.685 -421.863 160.35 1.0
1123.484 -422.33 160.35 1.0
1057.814 -563.843 160.35 1.0
1057.513 -564.435 160.35 1.0
1057.23 -564.91 160.35 1.0
973.24 -696.479 160.35 1.0
972.862 -697.025 160.35 1.0
972.518 -697.458 160.35 1.0
871.741 -816.658 160.35 1.0
871.294 -817.149 160.35 1.0
870.896 -817.532 160.35 1.0
755.13 -922.236 160.35 1.0
754.621 -922.663 160.35 1.0
754.175 -922.99 160.35 1.0
625.487 -1011.329 160.35 1.0
624.926 -1011.685 160.35 1.0
624.44 -1011.949 160.35 1.0
485.125 -1082.348 160.35 1.0
484.522 -1082.626 160.35 1.0
484.005 -1082.823 160.35 1.0
336.55 -1134.025 160.35 1.0
335.871 -1134.232 160.35 1.0
335.377 -1134.346 160.35 1.0
182.413 -1165.438 160.35 1.0
181.712 -1165.552 160.35 1.0
181.208 -1165.6 160.35 1.0
25.464 -1176.026 160.35 1.0
24.877 -1176.046 160.35 1.0
24.248 -1176.026 160.35 1.0
10.06 -1175.076 160.35 1.0
10.06 -1295.472 160.35 1.0
24.856 -1296.422 160.35 1.0
190.836 -1285.766 160.35 1.0
354.09 -1253.972 160.35 1.0
511.939 -1201.563 160.35 1.0
661.789 -1129.398 160.35 1.0
801.181 -1038.664 160.35 1.0
927.826 -930.85 160.35 1.0
1039.644 -807.726 160.35 1.0
1134.799 -671.314 160.35 1.0
1211.781 -523.753 160.35 1.0
1251.731 -421.576 160.35 1.0
1259.811 -399.71 160.35 1.0
1135.499 -399.71 160.35 1.0
1135.499 -399.71 180.35 0.0
10.074 -1189.467 180.35 0.0
10.074 -1307.475 180.35 1.0
24.856 -1308.424 180.35 1.0
192.371 -1297.67 180.35 1.0
357.135 -1265.582 180.35 1.0
516.443 -1212.688 180.35 1.0
667.679 -1139.857 180.35 1.0
808.36 -1048.284 180.35 1.0
936.176 -939.472 180.35 1.0
1049.028 -815.21 180.35 1.0
1145.063 -677.536 180.35 1.0
1222.757 -528.611 180.35 1.0
1273.159 -399.71 180.35 1.0
1146.55 -399.71 180.35 1.0
1145.727 -401.872 180.35 1.0
1142.435 -413.585 180.35 1.0
1142.2 -414.248 180.35 1.0
1137.113 -427.035 180.35 1.0
1136.912 -427.501 180.35 1.0
1070.434 -570.759 180.35 1.0
1070.132 -571.351 180.35 1.0
1069.849 -571.825 180.35 1.0
984.824 -705.014 180.35 1.0
984.447 -705.561 180.35 1.0
984.103 -705.993 180.35 1.0
882.085 -826.661 180.35 1.0
881.638 -827.152 180.35 1.0
881.239 -827.536 180.35 1.0
764.048 -933.529 180.35 1.0
763.539 -933.956 180.35 1.0
763.093 -934.283 180.35 1.0
632.82 -1023.71 180.35 1.0
632.259 -1024.066 180.35 1.0
631.773 -1024.33 180.35 1.0
490.743 -1095.596 180.35 1.0
490.139 -1095.874 180.35 1.0
489.623 -1096.071 180.35 1.0
340.234 -1147.943 180.35 1.0
339.717 -1148.098 180.35 1.0
339.179 -1148.225 180.35 1.0
184.331 -1179.699 180.35 1.0
183.676 -1179.808 180.35 1.0
183.126 -1179.861 180.35 1.0
25.464 -1190.415 180.35 1.0
24.877 -1190.436 180.35 1.0
24.248 -1190.415 180.35 1.0
13.068 -1189.667 180.35 1.0
13.068 -1189.667 200.35 0.0
10.089 -1203.161 200.35 0.0
10.089 -1319.479 200.35 1.0
24.856 -1320.427 200.35 1.0
193.906 -1309.574 200.35 1.0
360.179 -1277.192 200.35 1.0
520.947 -1223.814 200.35 1.0
673.569 -1150.315 200.35 1.0
815.539 -1057.903 200.35 1.0
944.526 -948.094 200.35 1.0
1058.412 -822.693 200.35 1.0
1155.327 -683.758 200.35 1.0
1233.732 -533.47 200.35 1.0
1266.38 -449.958 200.35 1.0
1284.993 -399.71 200.35 1.0
1160.319 -399.71 200.35 1.0
1155.352 -412.761 200.35 1.0
1150.245 -430.949 200.35 1.0
1149.962 -431.797 200.35 1.0
1149.738 -432.321 200.35 1.0
1082.443 -577.34 200.35 1.0
1082.141 -577.931 200.35 1.0
1081.858 -578.406 200.35 1.0
995.849 -713.137 200.35 1.0
995.471 -713.683 200.35 1.0
995.128 -714.116 200.35 1.0
891.928 -836.181 200.35 1.0
891.481 -836.672 200.35 1.0
891.083 -837.055 200.35 1.0
772.534 -944.276 200.35 1.0
772.026 -944.703 200.35 1.0
771.58 -945.03 200.35 1.0
639.798 -1035.493 200.35 1.0
639.237 -1035.848 200.35 1.0
638.752 -1036.112 200.35 1.0
496.089 -1108.204 200.35 1.0
495.485 -1108.481 200.35 1.0
494.969 -1108.678 200.35 1.0
343.852 -1161.151 200.35 1.0
343.335 -1161.306 200.35 1.0
342.797 -1161.432 200.35 1.0
186.156 -1193.271 200.35 1.0
185.501 -1193.379 200.35 1.0
184.951 -1193.433 200.35 1.0
25.464 -1204.109 200.35 1.0
24.877 -1204.129 200.35 1.0
24.248 -1204.109 200.35 1.0
13.082 -1203.362 200.35 1.0
13.082 -1203.362 220.35 0.0
10.103 -1215.426 220.35 0.0
10.103 -1331.483 220.35 1.0
24.856 -1332.43 220.35 1.0
195.441 -1321.478 220.35 1.0
363.224 -1288.802 220.35 1.0
525.451 -1234.939 220.35 1.0
679.459 -1160.773 220.35 1.0
822.718 -1067.522 220.35 1.0
952.876 -956.716 220.35 1.0
1067.796 -830.177 220.35 1.0
1165.591 -689.98 220.35 1.0
1244.708 -538.328 220.35 1.0
1255.7 -510.189 220.35 1.0
1296.626 -399.71 220.35 1.0
1174.088 -399.71 220.35 1.0
1164.976 -423.649 220.35 1.0
1161.689 -435.357 220.35 1.0
1161.415 -436.181 220.35 1.0
1161.182 -436.728 220.35 1.0
1093.197 -583.233 220.35 1.0
1092.896 -583.825 220.35 1.0
1092.613 -584.3 220.35 1.0
1005.722 -720.412 220.35 1.0
1005.345 -720.958 220.35 1.0
1005.001 -721.391 220.35 1.0
900.743 -844.707 220.35 1.0
900.297 -845.198 220.35 1.0
899.898 -845.581 220.35 1.0
780.135 -953.9 220.35 1.0
779.626 -954.327 220.35 1.0
779.18 -954.654 220.35 1.0
646.048 -1046.044 220.35 1.0
645.487 -1046.4 220.35 1.0
645.002 -1046.664 220.35 1.0
500.876 -1119.494 220.35 1.0
500.273 -1119.772 220.35 1.0
499.757 -1119.969 220.35 1.0
347.092 -1172.978 220.35 1.0
346.575 -1173.133 220.35 1.0
346.037 -1173.26 220.35 1.0
187.791 -1205.425 220.35 1.0
187.136 -1205.533 220.35 1.0
186.586 -1205.587 220.35 1.0
25.464 -1216.373 220.35 1.0
24.877 -1216.393 220.35 1.0
24.248 -1216.373 220.35 1.0
13.096 -1215.626 220.35 1.0
13.096 -1215.626 240.35 0.0
10.117 -1227.69 240.35 0.0
10.117 -1342.032 240.35 1.0
24.856 -1342.978 240.35 1.0
196.79 -1331.94 240.35 1.0
365.9 -1299.006 240.35 1.0
529.41 -1244.717 240.35 1.0
684.635 -1169.964 240.35 1.0
829.027 -1075.975 240.35 1.0
960.214 -964.294 240.35 1.0
1076.043 -836.753 240.35 1.0
1174.611 -695.449 240.35 1.0
1254.329 -542.644 240.35 1.0
1268.585 -505.17 240.35 1.0
1307.649 -399.71 240.35 1.0
1187.857 -399.71 240.35 1.0
1174.601 -434.538 240.35 1.0
1173.134 -439.765 240.35 1.0
1172.844 -440.627 240.35 1.0
1172.627 -441.136 240.35 1.0
1103.952 -589.127 240.35 1.0
1103.65 -589.719 240.35 1.0
1103.367 -590.194 240.35 1.0
1015.595 -727.686 240.35 1.0
1015.218 -728.233 240.35 1.0
1014.874 -728.665 240.35 1.0
909.559 -853.232 240.35 1.0
909.112 -853.723 240.35 1.0
908.713 -854.106 240.35 1.0
787.735 -963.525 240.35 1.0
787.227 -963.952 240.35 1.0
786.781 -964.278 240.35 1.0
652.298 -1056.596 240.35 1.0
651.737 -1056.952 240.35 1.0
651.251 -1057.216 240.35 1.0
505.664 -1130.784 240.35 1.0
505.06 -1131.062 240.35 1.0
504.544 -1131.259 240.35 1.0
350.332 -1184.806 240.35 1.0
349.815 -1184.961 240.35 1.0
349.277 -1185.088 240.35 1.0
189.426 -1217.579 240.35 1.0
188.77 -1217.688 240.35 1.0
188.22 -1217.741 240.35 1.0
25.464 -1228.636 240.35 1.0
24.877 -1228.657 240.35 1.0
24.248 -1228.636 240.35 1.0
13.111 -1227.891 240.35 1.0
13.111 -1227.891 260.35 0.0
10.132 -1239.677 260.35 0.0
10.132 -1351.07 260.35 1.0
24.856 -1352.016 260.35 1.0
197.945 -1340.903 260.35 1.0
368.192 -1307.747 260.35 1.0
532.801 -1253.094 260.35 1.0
689.07 -1177.838 260.35 1.0
834.432 -1083.218 260.35 1.0
966.501 -970.786 260.35 1.0
1083.109 -842.388 260.35 1.0
1182.34 -700.133 260.35 1.0
1262.593 -546.302 260.35 1.0
1306.204 -431.678 260.35 1.0
1318.045 -399.71 260.35 1.0
1199.6 -399.71 260.35 1.0
1197.882 -404.778 260.35 1.0
1184.134 -444.637 260.35 1.0
1183.785 -445.501 260.35 1.0
1114.463 -594.887 260.35 1.0
1114.162 -595.479 260.35 1.0
1113.878 -595.954 260.35 1.0
1025.245 -734.796 260.35 1.0
1024.867 -735.342 260.35 1.0
1024.523 -735.775 260.35 1.0
918.175 -861.565 260.35 1.0
917.728 -862.056 260.35 1.0
917.329 -862.439 260.35 1.0
795.163 -972.931 260.35 1.0
794.655 -973.358 260.35 1.0
794.209 -973.685 260.35 1.0
658.406 -1066.909 260.35 1.0
657.845 -1067.264 260.35 1.0
657.36 -1067.528 260.35 1.0
510.343 -1141.819 260.35 1.0
509.74 -1142.097 260.35 1.0
509.223 -1142.294 260.35 1.0
353.499 -1196.366 260.35 1.0
352.981 -1196.521 260.35 1.0
352.443 -1196.648 260.35 1.0
191.023 -1229.458 260.35 1.0
190.368 -1229.567 260.35 1.0
189.818 -1229.62 260.35 1.0
25.464 -1240.622 260.35 1.0
24.877 -1240.643 260.35 1.0
24.248 -1240.622 260.35 1.0
13.125 -1239.878 260.35 1.0
13.125 -1239.878 280.35 0.0
10.146 -1250.014 280.35 0.0
10.146 -1360.109 280.35 1.0
24.856 -1361.053 280.35 1.0
199.101 -1349.866 280.35 1.0
370.484 -1316.489 280.35 1.0
536.193 -1261.471 280.35 1.0
693.505 -1185.713 280.35 1.0
839.838 -1090.461 280.35 1.0
972.789 -977.278 280.35 1.0
1090.175 -848.023 280.35 1.0
1190.068 -704.818 280.35 1.0
1270.857 -549.96 280.35 1.0
1327.979 -399.826 280.35 1.0
1328.022 -399.71 280.35 1.0
1210.43 -399.71 280.35 1.0
1203.317 -420.698 280.35 1.0
1193.778 -448.352 280.35 1.0
1193.43 -449.216 280.35 1.0
1123.526 -599.854 280.35 1.0
1123.225 -600.446 280.35 1.0
1122.942 -600.921 280.35 1.0
1033.565 -740.927 280.35 1.0
1033.188 -741.473 280.35 1.0
1032.844 -741.906 280.35 1.0
925.604 -868.75 280.35 1.0
925.157 -869.241 280.35 1.0
924.758 -869.624 280.35 1.0
801.569 -981.043 280.35 1.0
801.06 -981.47 280.35 1.0
800.614 -981.796 280.35 1.0
663.673 -1075.801 280.35 1.0
663.112 -1076.157 280.35 1.0
662.627 -1076.421 280.35 1.0
514.378 -1151.334 280.35 1.0
513.774 -1151.612 280.35 1.0
513.258 -1151.809 280.35 1.0
356.229 -1206.335 280.35 1.0
355.712 -1206.489 280.35 1.0
355.174 -1206.616 280.35 1.0
192.401 -1239.701 280.35 1.0
191.745 -1239.81 280.35 1.0
191.195 -1239.863 280.35 1.0
25.464 -1250.958 280.35 1.0
24.877 -1250.978 280.35 1.0
24.248 -1250.958 280.35 1.0
13.139 -1250.214 280.35 1.0
13.139 -1250.214 300.35 0.0
10.16 -1260.35 300.35 0.0
10.16 -1369.147 300.35 1.0
24.856 -1370.091 300.35 1.0
200.257 -1358.829 300.35 1.0
372.777 -1325.231 300.35 1.0
539.584 -1269.847 300.35 1.0
697.939 -1193.587 300.35 1.0
845.243 -1097.703 300.35 1.0
979.076 -983.77 300.35 1.0
1097.24 -853.658 300.35 1.0
1197.796 -709.503 300.35 1.0
1279.121 -553.619 300.35 1.0
1321.364 -442.591 300.35 1.0
1337.145 -399.71 300.35 1.0
1221.26 -399.71 300.35 1.0
1208.752 -436.617 300.35 1.0
1203.423 -452.067 300.35 1.0
1203.075 -452.93 300.35 1.0
1132.59 -604.821 300.35 1.0
1132.316 -605.364 300.35 1.0
1132.006 -605.888 300.35 1.0
1041.886 -747.058 300.35 1.0
1041.542 -747.559 300.35 1.0
1041.165 -748.037 300.35 1.0
933.033 -875.935 300.35 1.0
932.625 -876.386 300.35 1.0
932.188 -876.809 300.35 1.0
807.974 -989.154 300.35 1.0
807.509 -989.547 300.35 1.0
807.02 -989.908 300.35 1.0
668.94 -1084.694 300.35 1.0
668.427 -1085.021 300.35 1.0
667.894 -1085.314 300.35 1.0
518.413 -1160.85 300.35 1.0
517.809 -1161.128 300.35 1.0
517.293 -1161.325 300.35 1.0
358.96 -1216.303 300.35 1.0
358.442 -1216.458 300.35 1.0
357.905 -1216.584 300.35 1.0
193.778 -1249.945 300.35 1.0
193.123 -1250.053 300.35 1.0
192.573 -1250.107 300.35 1.0
25.464 -1261.293 300.35 1.0
24.877 -1261.313 300.35 1.0
24.248 -1261.293 300.35 1.0
13.153 -1260.55 300.35 1.0
13.153 -1260.55 320.35 0.0
10.175 -1270.687 320.35 0.0
10.175 -1378.185 320.35 1.0
24.856 -1379.128 320.35 1.0
201.412 -1367.793 320.35 1.0
375.069 -1333.973 320.35 1.0
542.975 -1278.224 320.35 1.0
702.374 -1201.462 320.35 1.0
850.648 -1104.946 320.35 1.0
985.363 -990.262 320.35 1.0
1104.306 -859.293 320.35 1.0
1205.524 -714.188 320.35 1.0
1287.385 -557.277 320.35 1.0
1314.749 -485.356 320.35 1.0
1346.267 -399.71 320.35 1.0
1232.09 -399.71 320.35 1.0
1214.203 -452.491 320.35 1.0
1213.068 -455.781 320.35 1.0
1212.72 -456.645 320.35 1.0
1141.654 -609.788 320.35 1.0
1141.379 -610.332 320.35 1.0
1141.069 -610.855 320.35 1.0
1050.207 -753.188 320.35 1.0
1049.863 -753.69 320.35 1.0
1049.486 -754.167 320.35 1.0
940.463 -883.12 320.35 1.0
940.054 -883.572 320.35 1.0
939.617 -883.994 320.35 1.0
814.38 -997.265 320.35 1.0
813.915 -997.658 320.35 1.0
813.425 -998.019 320.35 1.0
674.207 -1093.586 320.35 1.0
673.694 -1093.914 320.35 1.0
673.161 -1094.206 320.35 1.0
522.447 -1170.365 320.35 1.0
521.895 -1170.621 320.35 1.0
521.328 -1170.84 320.35 1.0
361.808 -1226.231 320.35 1.0
361.226 -1226.412 320.35 1.0
360.635 -1226.552 320.35 1.0
195.156 -1260.188 320.35 1.0
194.555 -1260.289 320.35 1.0
193.95 -1260.35 320.35 1.0
25.464 -1271.629 320.35 1.0
24.877 -1271.649 320.35 1.0
24.248 -1271.629 320.35 1.0
13.168 -1270.887 320.35 1.0
13.168 -1270.887 340.35 0.0
10.189 -1279.727 340.35 0.0
10.189 -1387.224 340.35 1.0
24.856 -1388.165 340.35 1.0
202.568 -1376.756 340.35 1.0
377.361 -1342.715 340.35 1.0
546.367 -1286.601 340.35 1.0
706.809 -1209.336 340.35 1.0
856.054 -1112.189 340.35 1.0
991.65 -996.754 340.35 1.0
1111.372 -864.927 340.35 1.0
1213.253 -718.873 340.35 1.0
1295.649 -560.935 340.35 1.0
1308.134 -528.12 340.35 1.0
1355.39 -399.71 340.35 1.0
1242.92 -399.71 340.35 1.0
1241.99 -402.449 340.35 1.0
1221.45 -459.176 340.35 1.0
1221.148 -459.909 340.35 1.0
1149.581 -614.133 340.35 1.0
1149.306 -614.676 340.35 1.0
1148.997 -615.199 340.35 1.0
1057.485 -758.55 340.35 1.0
1057.14 -759.052 340.35 1.0
1056.763 -759.53 340.35 1.0
946.961 -889.404 340.35 1.0
946.552 -889.856 340.35 1.0
946.115 -890.279 340.35 1.0
819.982 -1004.359 340.35 1.0
819.517 -1004.753 340.35 1.0
819.027 -1005.113 340.35 1.0
678.814 -1101.364 340.35 1.0
678.301 -1101.692 340.35 1.0
677.768 -1101.984 340.35 1.0
525.976 -1178.688 340.35 1.0
525.424 -1178.944 340.35 1.0
524.857 -1179.162 340.35 1.0
364.196 -1234.95 340.35 1.0
363.615 -1235.13 340.35 1.0
363.023 -1235.271 340.35 1.0
196.361 -1269.147 340.35 1.0
195.76 -1269.248 340.35 1.0
195.155 -1269.309 340.35 1.0
25.464 -1280.668 340.35 1.0
24.877 -1280.688 340.35 1.0
24.248 -1280.668 340.35 1.0
13.182 -1279.927 340.35 1.0
13.182 -1279.927 360.35 0.0
10.203 -1288.32 360.35 0.0
10.203 -1395.892 360.35 1.0
24.856 -1396.832 360.35 1.0
203.676 -1385.352 360.35 1.0
379.56 -1351.099 360.35 1.0
549.619 -1294.635 360.35 1.0
711.062 -1216.888 360.35 1.0
861.238 -1119.135 360.35 1.0
997.679 -1002.98 360.35 1.0
1118.148 -870.331 360.35 1.0
1220.664 -723.366 360.35 1.0
1303.546 -564.498 360.35 1.0
1364.189 -399.71 360.35 1.0
1251.604 -399.71 360.35 1.0
1246.171 -416.133 360.35 1.0
1229.468 -462.264 360.35 1.0
1229.166 -462.997 360.35 1.0
1157.116 -618.262 360.35 1.0
1156.841 -618.805 360.35 1.0
1156.531 -619.328 360.35 1.0
1064.402 -763.647 360.35 1.0
1064.057 -764.149 360.35 1.0
1063.68 -764.626 360.35 1.0
953.137 -895.377 360.35 1.0
952.728 -895.829 360.35 1.0
952.291 -896.252 360.35 1.0
825.307 -1011.102 360.35 1.0
824.842 -1011.495 360.35 1.0
824.352 -1011.856 360.35 1.0
683.193 -1108.756 360.35 1.0
682.679 -1109.084 360.35 1.0
682.146 -1109.376 360.35 1.0
529.331 -1186.598 360.35 1.0
528.778 -1186.854 360.35 1.0
528.211 -1187.072 360.35 1.0
366.466 -1243.236 360.35 1.0
365.885 -1243.417 360.35 1.0
365.293 -1243.558 360.35 1.0
197.506 -1277.662 360.35 1.0
196.905 -1277.763 360.35 1.0
196.301 -1277.824 360.35 1.0
25.464 -1289.26 360.35 1.0
24.877 -1289.28 360.35 1.0
24.248 -1289.26 360.35 1.0
13.196 -1288.52 360.35 1.0
13.196 -1288.52 380.35 0.0
10.217 -1296.913 380.35 0.0
10.217 -1402.352 380.35 1.0
24.856 -1403.292 380.35 1.0
204.502 -1391.758 380.35 1.0
381.198 -1357.347 380.35 1.0
552.043 -1300.622 380.35 1.0
714.232 -1222.516 380.35 1.0
865.101 -1124.311 380.35 1.0
1002.173 -1007.62 380.35 1.0
1123.198 -874.358 380.35 1.0
1226.188 -726.714 380.35 1.0
1309.452 -567.113 380.35 1.0
1371.058 -399.71 380.35 1.0
1259.867 -399.71 380.35 1.0
1245.349 -443.625 380.35 1.0
1237.486 -465.352 380.35 1.0
1237.184 -466.085 380.35 1.0
1164.65 -622.391 380.35 1.0
1164.376 -622.934 380.35 1.0
1164.066 -623.457 380.35 1.0
1071.319 -768.744 380.35 1.0
1070.974 -769.245 380.35 1.0
1070.597 -769.723 380.35 1.0
959.313 -901.35 380.35 1.0
958.904 -901.802 380.35 1.0
958.467 -902.225 380.35 1.0
830.631 -1017.845 380.35 1.0
830.167 -1018.238 380.35 1.0
829.677 -1018.599 380.35 1.0
687.571 -1116.149 380.35 1.0
687.058 -1116.477 380.35 1.0
686.525 -1116.769 380.35 1.0
532.685 -1194.508 380.35 1.0
532.132 -1194.764 380.35 1.0
531.565 -1194.983 380.35 1.0
368.736 -1251.523 380.35 1.0
368.155 -1251.703 380.35 1.0
367.563 -1251.844 380.35 1.0
198.651 -1286.177 380.35 1.0
198.05 -1286.278 380.35 1.0
197.446 -1286.339 380.35 1.0
25.464 -1297.852 380.35 1.0
24.877 -1297.872 380.35 1.0
24.248 -1297.852 380.35 1.0
13.211 -1297.113 380.35 1.0
13.211 -1297.113 400.35 0.0
10.232 -1305.293 400.35 0.0
10.232 -1408.812 400.35 1.0
24.856 -1409.751 400.35 1.0
205.328 -1398.164 400.35 1.0
382.837 -1363.595 400.35 1.0
554.467 -1306.609 400.35 1.0
717.402 -1228.144 400.35 1.0
868.964 -1129.488 400.35 1.0
1006.667 -1012.26 400.35 1.0
1128.248 -878.386 400.35 1.0
1231.712 -730.063 400.35 1.0
1315.358 -569.727 400.35 1.0
1377.926 -399.71 400.35 1.0
1268.13 -399.71 400.35 1.0
1247.083 -463.374 400.35 1.0
1245.239 -468.542 400.35 1.0
1245.005 -469.091 400.35 1.0
1171.998 -626.418 400.35 1.0
1171.724 -626.961 400.35 1.0
1171.414 -627.484 400.35 1.0
1078.064 -773.714 400.35 1.0
1077.72 -774.216 400.35 1.0
1077.343 -774.693 400.35 1.0
965.336 -907.175 400.35 1.0
964.927 -907.627 400.35 1.0
964.49 -908.05 400.35 1.0
835.824 -1024.421 400.35 1.0
835.359 -1024.814 400.35 1.0
834.87 -1025.175 400.35 1.0
691.841 -1123.358 400.35 1.0
691.328 -1123.686 400.35 1.0
690.795 -1123.978 400.35 1.0
535.956 -1202.222 400.35 1.0
535.404 -1202.478 400.35 1.0
534.836 -1202.697 400.35 1.0
370.95 -1259.604 400.35 1.0
370.368 -1259.785 400.35 1.0
369.777 -1259.925 400.35 1.0
199.768 -1294.481 400.35 1.0
199.167 -1294.583 400.35 1.0
198.563 -1294.643 400.35 1.0
25.464 -1306.231 400.35 1.0
24.877 -1306.251 400.35 1.0
24.248 -1306.231 400.35 1.0
13.225 -1305.493 400.35 1.0
13.225 -1305.493 420.35 0.0
10.246 -1312.285 420.35 0.0
10.246 -1415.272 420.35 1.0
24.856 -1416.21 420.35 1.0
206.154 -1404.571 420.35 1.0
384.475 -1369.843 420.35 1.0
556.891 -1312.597 420.35 1.0
720.571 -1233.772 420.35 1.0
872.828 -1134.665 420.35 1.0
1011.16 -1016.9 420.35 1.0
1133.298 -882.413 420.35 1.0
1237.235 -733.411 420.35 1.0
1321.265 -572.342 420.35 1.0
1384.268 -401.141 420.35 1.0
1384.84 -399.71 420.35 1.0
1276.392 -399.71 420.35 1.0
1265.947 -431.298 420.35 1.0
1251.846 -470.831 420.35 1.0
1251.53 -471.604 420.35 1.0
1178.13 -629.778 420.35 1.0
1177.855 -630.321 420.35 1.0
1177.545 -630.844 420.35 1.0
1083.693 -777.861 420.35 1.0
1083.349 -778.363 420.35 1.0
1082.972 -778.84 420.35 1.0
970.361 -912.036 420.35 1.0
969.953 -912.487 420.35 1.0
969.516 -912.91 420.35 1.0
840.157 -1029.908 420.35 1.0
839.693 -1030.301 420.35 1.0
839.203 -1030.662 420.35 1.0
695.404 -1129.374 420.35 1.0
694.891 -1129.702 420.35 1.0
694.358 -1129.994 420.35 1.0
538.685 -1208.659 420.35 1.0
538.133 -1208.915 420.35 1.0
537.566 -1209.134 420.35 1.0
372.797 -1266.347 420.35 1.0
372.215 -1266.528 420.35 1.0
371.624 -1266.669 420.35 1.0
200.7 -1301.411 420.35 1.0
200.099 -1301.512 420.35 1.0
199.494 -1301.573 420.35 1.0
25.464 -1313.222 420.35 1.0
24.877 -1313.243 420.35 1.0
24.248 -1313.222 420.35 1.0
13.239 -1312.486 420.35 1.0
13.239 -1312.486 440.35 0.0
10.26 -1319.278 440.35 0.0
10.26 -1421.733 440.35 1.0
24.856 -1422.67 440.35 1.0
206.98 -1410.977 440.35 1.0
386.114 -1376.091 440.35 1.0
559.315 -1318.584 440.35 1.0
723.741 -1239.4 440.35 1.0
876.691 -1139.841 440.35 1.0
1015.654 -1021.54 440.35 1.0
1138.348 -886.44 440.35 1.0
1242.759 -736.76 440.35 1.0
1327.171 -574.956 440.35 1.0
1390.46 -402.98 440.35 1.0
1391.77 -399.71 440.35 1.0
1284.634 -399.71 440.35 1.0
1258.371 -473.343 440.35 1.0
1258.054 -474.117 440.35 1.0
1184.261 -633.138 440.35 1.0
1183.986 -633.681 440.35 1.0
1183.676 -634.204 440.35 1.0
1089.322 -782.008 440.35 1.0
1088.977 -782.51 440.35 1.0
1088.6 -782.988 440.35 1.0
975.387 -916.896 440.35 1.0
974.979 -917.348 440.35 1.0
974.542 -917.771 440.35 1.0
844.49 -1035.395 440.35 1.0
844.026 -1035.788 440.35 1.0
843.536 -1036.149 440.35 1.0
698.967 -1135.39 440.35 1.0
698.454 -1135.717 440.35 1.0
697.921 -1136.009 440.35 1.0
541.415 -1215.096 440.35 1.0
540.862 -1215.352 440.35 1.0
540.295 -1215.57 440.35 1.0
374.644 -1273.09 440.35 1.0
374.063 -1273.271 440.35 1.0
373.471 -1273.412 440.35 1.0
201.632 -1308.34 440.35 1.0
201.031 -1308.441 440.35 1.0
200.426 -1308.502 440.35 1.0
25.464 -1320.214 440.35 1.0
24.877 -1320.234 440.35 1.0
24.248 -1320.214 440.35 1.0
13.254 -1319.478 440.35 1.0
13.254 -1319.478 460.35 0.0
10.275 -1326.27 460.35 0.0
10.275 -1428.193 460.35 1.0
24.856 -1429.129 460.35 1.0
207.806 -1417.383 460.35 1.0
387.752 -1382.339 460.35 1.0
561.739 -1324.571 460.35 1.0
726.911 -1245.029 460.35 1.0
880.554 -1145.018 460.35 1.0
1020.148 -1026.18 460.35 1.0
1143.398 -890.468 460.35 1.0
1248.283 -740.108 460.35 1.0
1333.078 -577.571 460.35 1.0
1396.653 -404.817 460.35 1.0
1398.704 -399.71 460.35 1.0
1291.074 -399.71 460.35 1.0
1289.06 -405.543 460.35 1.0
1278.325 -438.205 460.35 1.0
1264.895 -475.856 460.35 1.0
1264.579 -476.63 460.35 1.0
1190.392 -636.498 460.35 1.0
1190.118 -637.041 460.35 1.0
1189.808 -637.564 460.35 1.0
1094.95 -786.156 460.35 1.0
1094.606 -786.658 460.35 1.0
1094.229 -787.135 460.35 1.0
980.413 -921.757 460.35 1.0
980.005 -922.208 460.35 1.0
979.567 -922.631 460.35 1.0
848.824 -1040.882 460.35 1.0
848.359 -1041.275 460.35 1.0
847.869 -1041.636 460.35 1.0
702.53 -1141.405 460.35 1.0
702.017 -1141.733 460.35 1.0
701.484 -1142.025 460.35 1.0
544.144 -1221.532 460.35 1.0
543.592 -1221.789 460.35 1.0
543.025 -1222.007 460.35 1.0
376.491 -1279.834 460.35 1.0
375.91 -1280.014 460.35 1.0
375.318 -1280.155 460.35 1.0
202.564 -1315.269 460.35 1.0
201.963 -1315.37 460.35 1.0
201.358 -1315.431 460.35 1.0
25.464 -1327.206 460.35 1.0
24.877 -1327.226 460.35 1.0
24.248 -1327.206 460.35 1.0
13.268 -1326.471 460.35 1.0
13.268 -1326.471 480.35 0.0
10.289 -1332.776 480.35 0.0
10.289 -1434.653 480.35 1.0
24.856 -1435.588 480.35 1.0
208.632 -1423.789 480.35 1.0
389.391 -1388.587 480.35 1.0
564.163 -1330.558 480.35 1.0
730.08 -1250.657 480.35 1.0
884.418 -1150.194 480.35 1.0
1024.641 -1030.82 480.35 1.0
1148.448 -894.495 480.35 1.0
1253.806 -743.457 480.35 1.0
1338.984 -580.186 480.35 1.0
1402.845 -406.655 480.35 1.0
1404.765 -401.851 480.35 1.0
1405.381 -399.71 480.35 1.0
1297.141 -399.71 480.35 1.0
1289.226 -422.639 480.35 1.0
1270.891 -478.399 480.35 1.0
1270.66 -478.943 480.35 1.0
1196.096 -639.624 480.35 1.0
1195.822 -640.167 480.35 1.0
1195.512 -640.69 480.35 1.0
1100.187 -790.014 480.35 1.0
1099.843 -790.516 480.35 1.0
1099.466 -790.993 480.35 1.0
985.088 -926.279 480.35 1.0
984.68 -926.73 480.35 1.0
984.243 -927.153 480.35 1.0
852.855 -1045.987 480.35 1.0
852.39 -1046.38 480.35 1.0
851.9 -1046.74 480.35 1.0
705.845 -1147.002 480.35 1.0
705.332 -1147.329 480.35 1.0
704.799 -1147.621 480.35 1.0
546.684 -1227.521 480.35 1.0
546.131 -1227.777 480.35 1.0
545.564 -1227.995 480.35 1.0
378.21 -1286.107 480.35 1.0
377.628 -1286.287 480.35 1.0
377.037 -1286.428 480.35 1.0
203.43 -1321.716 480.35 1.0
202.83 -1321.817 480.35 1.0
202.225 -1321.878 480.35 1.0
25.464 -1333.71 480.35 1.0
24.877 -1333.731 480.35 1.0
24.248 -1333.71 480.35 1.0
13.282 -1332.976 480.35 1.0
13.282 -1332.976 500.35 0.0
10.303 -1338.278 500.35 0.0
10.303 -1440.519 500.35 1.0
24.856 -1441.454 500.35 1.0
209.382 -1429.607 500.35 1.0
390.878 -1394.26 500.35 1.0
566.364 -1335.995 500.35 1.0
732.959 -1255.767 500.35 1.0
887.926 -1154.895 500.35 1.0
1028.722 -1035.034 500.35 1.0
1153.034 -898.152 500.35 1.0
1258.822 -746.497 500.35 1.0
1344.348 -582.56 500.35 1.0
1409.117 -406.525 500.35 1.0
1409.231 -406.176 500.35 1.0
1411.091 -399.71 500.35 1.0
1303.209 -399.71 500.35 1.0
1289.392 -439.735 500.35 1.0
1276.025 -480.376 500.35 1.0
1275.794 -480.921 500.35 1.0
1200.921 -642.268 500.35 1.0
1200.646 -642.811 500.35 1.0
1200.336 -643.334 500.35 1.0
1104.616 -793.277 500.35 1.0
1104.272 -793.779 500.35 1.0
1103.895 -794.257 500.35 1.0
989.043 -930.104 500.35 1.0
988.635 -930.555 500.35 1.0
988.198 -930.978 500.35 1.0
856.264 -1050.304 500.35 1.0
855.799 -1050.697 500.35 1.0
855.31 -1051.058 500.35 1.0
708.649 -1151.735 500.35 1.0
708.136 -1152.063 500.35 1.0
707.603 -1152.355 500.35 1.0
548.831 -1232.586 500.35 1.0
548.279 -1232.842 500.35 1.0
547.712 -1233.06 500.35 1.0
379.663 -1291.413 500.35 1.0
379.082 -1291.594 500.35 1.0
378.49 -1291.734 500.35 1.0
204.164 -1327.168 500.35 1.0
203.563 -1327.269 500.35 1.0
202.958 -1327.33 500.35 1.0
25.464 -1339.212 500.35 1.0
24.877 -1339.232 500.35 1.0
24.248 -1339.212 500.35 1.0
13.297 -1338.479 500.35 1.0
13.297 -1338.479 520.35 0.0
10.318 -1343.781 520.35 0.0
10.318 -1444.653 520.35 1.0
24.856 -1445.586 520.35 1.0
209.911 -1433.705 520.35 1.0
391.927 -1398.258 520.35 1.0
567.915 -1339.825 520.35 1.0
734.986 -1259.368 520.35 1.0
890.398 -1158.207 520.35 1.0
1031.597 -1038.002 520.35 1.0
1156.265 -900.729 520.35 1.0
1262.356 -748.64 520.35 1.0
1348.126 -584.234 520.35 1.0
1415.968 -399.71 520.35 1.0
1309.276 -399.71 520.35 1.0
1289.559 -456.831 520.35 1.0
1281.159 -482.354 520.35 1.0
1280.928 -482.898 520.35 1.0
1205.745 -644.912 520.35 1.0
1205.471 -645.455 520.35 1.0
1205.161 -645.978 520.35 1.0
1109.045 -796.541 520.35 1.0
1108.701 -797.043 520.35 1.0
1108.324 -797.52 520.35 1.0
992.998 -933.928 520.35 1.0
992.59 -934.38 520.35 1.0
992.152 -934.802 520.35 1.0
859.674 -1054.622 520.35 1.0
859.209 -1055.015 520.35 1.0
858.719 -1055.376 520.35 1.0
711.453 -1156.469 520.35 1.0
710.939 -1156.796 520.35 1.0
710.406 -1157.089 520.35 1.0
550.979 -1237.651 520.35 1.0
550.427 -1237.907 520.35 1.0
549.859 -1238.125 520.35 1.0
381.117 -1296.719 520.35 1.0
380.535 -1296.9 520.35 1.0
379.944 -1297.041 520.35 1.0
204.897 -1332.621 520.35 1.0
204.296 -1332.722 520.35 1.0
203.692 -1332.783 520.35 1.0
25.464 -1344.714 520.35 1.0
24.877 -1344.734 520.35 1.0
24.248 -1344.714 520.35 1.0
13.311 -1343.981 520.35 1.0
13.311 -1343.981 540.35 0.0
10.332 -1349.284 540.35 0.0
10.332 -1448.786 540.35 1.0
24.856 -1449.719 540.35 1.0
210.439 -1437.804 540.35 1.0
392.975 -1402.255 540.35 1.0
569.466 -1343.656 540.35 1.0
737.014 -1262.969 540.35 1.0
892.869 -1161.519 540.35 1.0
1034.472 -1040.971 540.35 1.0
1159.496 -903.305 540.35 1.0
1265.89 -750.782 540.35 1.0
1351.904 -585.908 540.35 1.0
1420.316 -399.71 540.35 1.0
1315.344 -399.71 540.35 1.0
1289.725 -473.927 540.35 1.0
1286.453 -483.885 540.35 1.0
1286.272 -484.386 540.35 1.0
1286.062 -484.875 540.35 1.0
1210.57 -647.556 540.35 1.0
1210.296 -648.099 540.35 1.0
1209.986 -648.622 540.35 1.0
1113.474 -799.804 540.35 1.0
1113.13 -800.306 540.35 1.0
1112.753 -800.784 540.35 1.0
996.953 -937.753 540.35 1.0
996.544 -938.204 540.35 1.0
996.107 -938.627 540.35 1.0
863.084 -1058.94 540.35 1.0
862.619 -1059.333 540.35 1.0
862.129 -1059.693 540.35 1.0
714.256 -1161.202 540.35 1.0
713.743 -1161.53 540.35 1.0
713.21 -1161.822 540.35 1.0
553.127 -1242.716 540.35 1.0
552.575 -1242.972 540.35 1.0
552.007 -1243.191 540.35 1.0
382.57 -1302.025 540.35 1.0
381.989 -1302.206 540.35 1.0
381.397 -1302.347 540.35 1.0
205.63 -1338.073 540.35 1.0
205.03 -1338.174 540.35 1.0
204.425 -1338.235 540.35 1.0
25.464 -1350.215 540.35 1.0
24.877 -1350.235 540.35 1.0
24.248 -1350.215 540.35 1.0
13.325 -1349.484 540.35 1.0
13.325 -1349.484 560.35 0.0
1320.554 -399.71 560.35 0.0
1319.361 -403.298 560.35 1.0
1290.952 -486.192 560.35 1.0
1290.738 -486.691 560.35 1.0
1214.97 -649.967 560.35 1.0
1214.696 -650.51 560.35 1.0
1214.386 -651.034 560.35 1.0
1117.514 -802.781 560.35 1.0
1117.17 -803.283 560.35 1.0
1116.793 -803.76 560.35 1.0
1000.559 -941.241 560.35 1.0
1000.151 -941.693 560.35 1.0
999.714 -942.115 560.35 1.0
866.193 -1062.878 560.35 1.0
865.728 -1063.271 560.35 1.0
865.239 -1063.631 560.35 1.0
716.813 -1165.52 560.35 1.0
716.3 -1165.847 560.35 1.0
715.767 -1166.139 560.35 1.0
555.086 -1247.335 560.35 1.0
554.533 -1247.591 560.35 1.0
553.966 -1247.81 560.35 1.0
383.896 -1306.865 560.35 1.0
383.314 -1307.045 560.35 1.0
382.723 -1307.186 560.35 1.0
206.299 -1343.046 560.35 1.0
205.699 -1343.147 560.35 1.0
205.094 -1343.208 560.35 1.0
25.464 -1355.233 560.35 1.0
24.877 -1355.253 560.35 1.0
24.248 -1355.233 560.35 1.0
10.346 -1354.302 560.35 1.0
10.346 -1452.919 560.35 1.0
24.856 -1453.851 560.35 1.0
210.968 -1441.902 560.35 1.0
394.023 -1406.252 560.35 1.0
571.017 -1347.486 560.35 1.0
739.042 -1266.569 560.35 1.0
895.341 -1164.83 560.35 1.0
1037.347 -1043.939 560.35 1.0
1162.727 -905.882 560.35 1.0
1269.424 -752.924 560.35 1.0
1355.683 -587.581 560.35 1.0
1356.809 -584.515 560.35 1.0
1424.693 -399.71 560.35 1.0
1323.554 -399.71 560.35 1.0
1323.554 -399.71 580.35 0.0
10.361 -1358.398 580.35 0.0
10.361 -1457.053 580.35 1.0
24.856 -1457.984 580.35 1.0
211.496 -1446.001 580.35 1.0
395.071 -1410.25 580.35 1.0
572.567 -1351.317 580.35 1.0
741.07 -1270.17 580.35 1.0
897.813 -1168.142 580.35 1.0
1040.221 -1046.908 580.35 1.0
1165.958 -908.458 580.35 1.0
1272.957 -755.066 580.35 1.0
1359.462 -589.253 580.35 1.0
1429.115 -399.71 580.35 1.0
1324.643 -399.71 580.35 1.0
1315.736 -426.503 580.35 1.0
1294.773 -487.663 580.35 1.0
1294.559 -488.162 580.35 1.0
1218.561 -651.935 580.35 1.0
1218.286 -652.478 580.35 1.0
1217.976 -653.001 580.35 1.0
1120.81 -805.21 580.35 1.0
1120.466 -805.711 580.35 1.0
1120.089 -806.189 580.35 1.0
1003.503 -944.088 580.35 1.0
1003.094 -944.539 580.35 1.0
1002.657 -944.962 580.35 1.0
868.731 -1066.091 580.35 1.0
868.266 -1066.484 580.35 1.0
867.776 -1066.845 580.35 1.0
718.9 -1169.042 580.35 1.0
718.387 -1169.37 580.35 1.0
717.854 -1169.662 580.35 1.0
556.684 -1251.105 580.35 1.0
556.132 -1251.361 580.35 1.0
555.564 -1251.58 580.35 1.0
384.978 -1310.814 580.35 1.0
384.396 -1310.994 580.35 1.0
383.805 -1311.135 580.35 1.0
206.845 -1347.104 580.35 1.0
206.244 -1347.205 580.35 1.0
205.64 -1347.266 580.35 1.0
25.464 -1359.327 580.35 1.0
24.877 -1359.348 580.35 1.0
24.248 -1359.327 580.35 1.0
13.354 -1358.598 580.35 1.0
10.375 -1362.493 600.35 0.0
10.375 -1461.186 600.35 1.0
24.856 -1462.116 600.35 1.0
212.025 -1450.099 600.35 1.0
396.119 -1414.247 600.35 1.0
574.118 -1355.147 600.35 1.0
743.098 -1273.771 600.35 1.0
900.284 -1171.454 600.35 1.0
1043.096 -1049.876 600.35 1.0
1169.189 -911.035 600.35 1.0
1276.491 -757.209 600.35 1.0
1363.241 -590.925 600.35 1.0
1432.644 -402.119 600.35 1.0
1433.26 -399.71 600.35 1.0
1328.731 -399.71 600.35 1.0
1312.138 -449.629 600.35 1.0
1298.594 -489.135 600.35 1.0
1298.38 -489.634 600.35 1.0
1222.152 -653.903 600.35 1.0
1221.877 -654.446 600.35 1.0
1221.567 -654.969 600.35 1.0
1124.107 -807.638 600.35 1.0
1123.762 -808.14 600.35 1.0
1123.385 -808.617 600.35 1.0
1006.446 -946.934 600.35 1.0
1006.037 -947.385 600.35 1.0
1005.6 -947.808 600.35 1.0
871.268 -1069.304 600.35 1.0
870.803 -1069.697 600.35 1.0
870.314 -1070.058 600.35 1.0
720.987 -1172.565 600.35 1.0
720.473 -1172.893 600.35 1.0
719.94 -1173.185 600.35 1.0
558.283 -1254.874 600.35 1.0
557.73 -1255.131 600.35 1.0
557.163 -1255.349 600.35 1.0
386.059 -1314.763 600.35 1.0
385.478 -1314.943 600.35 1.0
384.886 -1315.084 600.35 1.0
207.391 -1351.162 600.35 1.0
206.79 -1351.263 600.35 1.0
206.185 -1351.324 600.35 1.0
25.464 -1363.422 600.35 1.0
24.877 -1363.442 600.35 1.0
24.248 -1363.422 600.35 1.0
13.368 -1362.693 600.35 1.0
13.368 -1362.693 620.35 0.0
10.389 -1366.588 620.35 0.0
10.389 -1465.32 620.35 1.0
24.856 -1466.248 620.35 1.0
212.553 -1454.198 620.35 1.0
397.168 -1418.244 620.35 1.0
575.669 -1358.978 620.35 1.0
745.126 -1277.372 620.35 1.0
902.756 -1174.766 620.35 1.0
1045.971 -1052.845 620.35 1.0
1172.42 -913.611 620.35 1.0
1280.025 -759.351 620.35 1.0
1367.02 -592.597 620.35 1.0
1434.274 -409.75 620.35 1.0
1434.5 -409.024 620.35 1.0
1436.883 -399.71 620.35 1.0
1332.82 -399.71 620.35 1.0
1308.513 -472.834 620.35 1.0
1302.415 -490.607 620.35 1.0
1302.201 -491.106 620.35 1.0
1225.742 -655.87 620.35 1.0
1225.468 -656.414 620.35 1.0
1225.158 -656.937 620.35 1.0
1127.403 -810.067 620.35 1.0
1127.059 -810.569 620.35 1.0
1126.682 -811.046 620.35 1.0
1009.389 -949.78 620.35 1.0
1008.981 -950.232 620.35 1.0
1008.543 -950.655 620.35 1.0
873.806 -1072.518 620.35 1.0
873.341 -1072.911 620.35 1.0
872.851 -1073.271 620.35 1.0
723.073 -1176.088 620.35 1.0
722.56 -1176.416 620.35 1.0
722.027 -1176.708 620.35 1.0
559.881 -1258.644 620.35 1.0
559.329 -1258.9 620.35 1.0
558.761 -1259.119 620.35 1.0
387.141 -1318.712 620.35 1.0
386.56 -1318.892 620.35 1.0
385.968 -1319.033 620.35 1.0
207.936 -1355.22 620.35 1.0
207.336 -1355.321 620.35 1.0
206.731 -1355.382 620.35 1.0
25.464 -1367.516 620.35 1.0
24.877 -1367.536 620.35 1.0
24.248 -1367.516 620.35 1.0
13.383 -1366.789 620.35 1.0
13.383 -1366.789 640.35 0.0
10.404 -1370.402 640.35 0.0
10.404 -1469.453 640.35 1.0
24.856 -1470.381 640.35 1.0
213.081 -1458.297 640.35 1.0
398.216 -1422.241 640.35 1.0
577.22 -1362.808 640.35 1.0
747.154 -1280.972 640.35 1.0
905.228 -1178.078 640.35 1.0
1048.846 -1055.814 640.35 1.0
1175.65 -916.188 640.35 1.0
1283.559 -761.493 640.35 1.0
1370.799 -594.269 640.35 1.0
1436.192 -416.567 640.35 1.0
1436.357 -415.924 640.35 1.0
1440.506 -399.71 640.35 1.0
1336.909 -399.71 640.35 1.0
1312.047 -474.503 640.35 1.0
1305.963 -492.001 640.35 1.0
1305.757 -492.48 640.35 1.0
1229.086 -657.703 640.35 1.0
1228.811 -658.246 640.35 1.0
1228.501 -658.769 640.35 1.0
1130.473 -812.329 640.35 1.0
1130.128 -812.831 640.35 1.0
1129.751 -813.308 640.35 1.0
1012.13 -952.431 640.35 1.0
1011.721 -952.883 640.35 1.0
1011.284 -953.305 640.35 1.0
876.169 -1075.51 640.35 1.0
875.704 -1075.903 640.35 1.0
875.215 -1076.264 640.35 1.0
725.016 -1179.369 640.35 1.0
724.503 -1179.696 640.35 1.0
723.97 -1179.989 640.35 1.0
561.37 -1262.154 640.35 1.0
560.817 -1262.411 640.35 1.0
560.25 -1262.629 640.35 1.0
388.149 -1322.389 640.35 1.0
387.567 -1322.57 640.35 1.0
386.976 -1322.711 640.35 1.0
208.445 -1358.999 640.35 1.0
207.844 -1359.1 640.35 1.0
207.239 -1359.161 640.35 1.0
25.464 -1371.329 640.35 1.0
24.877 -1371.349 640.35 1.0
24.248 -1371.329 640.35 1.0
13.397 -1370.603 640.35 1.0
13.397 -1370.603 660.35 0.0
10.418 -1373.15 660.35 0.0
10.418 -1471.608 660.35 1.0
24.856 -1472.535 660.35 1.0
213.357 -1460.433 660.35 1.0
398.762 -1424.325 660.35 1.0
578.028 -1364.805 660.35 1.0
748.211 -1282.849 660.35 1.0
906.516 -1179.804 660.35 1.0
1050.345 -1057.361 660.35 1.0
1177.335 -917.531 660.35 1.0
1285.401 -762.61 660.35 1.0
1372.769 -595.141 660.35 1.0
1438.212 -417.311 660.35 1.0
1441.692 -407.188 660.35 1.0
1443.957 -399.71 660.35 1.0
1340.922 -399.71 660.35 1.0
1308.526 -492.988 660.35 1.0
1308.32 -493.467 660.35 1.0
1231.494 -659.023 660.35 1.0
1231.22 -659.566 660.35 1.0
1230.91 -660.089 660.35 1.0
1132.684 -813.958 660.35 1.0
1132.339 -814.46 660.35 1.0
1131.962 -814.937 660.35 1.0
1014.104 -954.34 660.35 1.0
1013.696 -954.792 660.35 1.0
1013.258 -955.215 660.35 1.0
877.871 -1077.665 660.35 1.0
877.406 -1078.058 660.35 1.0
876.917 -1078.419 660.35 1.0
726.416 -1181.732 660.35 1.0
725.903 -1182.059 660.35 1.0
725.37 -1182.352 660.35 1.0
562.442 -1264.683 660.35 1.0
561.889 -1264.939 660.35 1.0
561.322 -1265.158 660.35 1.0
388.874 -1325.038 660.35 1.0
388.292 -1325.218 660.35 1.0
387.701 -1325.359 660.35 1.0
208.811 -1361.72 660.35 1.0
208.21 -1361.822 660.35 1.0
207.605 -1361.883 660.35 1.0
25.464 -1374.075 660.35 1.0
24.877 -1374.096 660.35 1.0
24.248 -1374.075 660.35 1.0
13.411 -1373.35 660.35 1.0
13.411 -1373.35 680.35 0.0
10.432 -1375.897 680.35 0.0
10.432 -1473.561 680.35 1.0
24.856 -1474.487 680.35 1.0
213.606 -1462.369 680.35 1.0
399.257 -1426.213 680.35 1.0
578.76 -1366.614 680.35 1.0
749.169 -1284.55 680.35 1.0
907.683 -1181.368 680.35 1.0
1051.703 -1058.763 680.35 1.0
1178.86 -918.748 680.35 1.0
1287.07 -763.621 680.35 1.0
1374.554 -595.931 680.35 1.0
1440.083 -417.866 680.35 1.0
1446.324 -399.71 680.35 1.0
1343.486 -399.71 680.35 1.0
1334.931 -425.332 680.35 1.0
1311.089 -493.975 680.35 1.0
1310.883 -494.454 680.35 1.0
1233.845 -660.465 680.35 1.0
1233.595 -660.945 680.35 1.0
1233.318 -661.409 680.35 1.0
1134.821 -815.7 680.35 1.0
1134.51 -816.143 680.35 1.0
1134.173 -816.566 680.35 1.0
1016.078 -956.25 680.35 1.0
1015.622 -956.75 680.35 1.0
1015.233 -957.124 680.35 1.0
879.573 -1079.821 680.35 1.0
879.108 -1080.214 680.35 1.0
878.619 -1080.574 680.35 1.0
727.816 -1184.095 680.35 1.0
727.302 -1184.422 680.35 1.0
726.769 -1184.715 680.35 1.0
563.514 -1267.211 680.35 1.0
562.961 -1267.468 680.35 1.0
562.394 -1267.686 680.35 1.0
389.6 -1327.687 680.35 1.0
389.018 -1327.867 680.35 1.0
388.427 -1328.008 680.35 1.0
209.177 -1364.442 680.35 1.0
208.576 -1364.543 680.35 1.0
207.971 -1364.604 680.35 1.0
25.464 -1376.822 680.35 1.0
24.877 -1376.842 680.35 1.0
24.248 -1376.822 680.35 1.0
13.426 -1376.097 680.35 1.0
13.426 -1376.097 700.35 0.0
10.447 -1378.644 700.35 0.0
10.447 -1475.513 700.35 1.0
24.856 -1476.438 700.35 1.0
213.856 -1464.304 700.35 1.0
399.752 -1428.101 700.35 1.0
579.493 -1368.423 700.35 1.0
750.126 -1286.25 700.35 1.0
908.851 -1182.932 700.35 1.0
1053.06 -1060.165 700.35 1.0
1180.386 -919.965 700.35 1.0
1288.739 -764.633 700.35 1.0
1376.338 -596.721 700.35 1.0
1442.003 -418.278 700.35 1.0
1448.379 -399.71 700.35 1.0
1345.933 -399.71 700.35 1.0
1325.971 -459.506 700.35 1.0
1313.652 -494.962 700.35 1.0
1313.446 -495.441 700.35 1.0
1236.253 -661.784 700.35 1.0
1236.004 -662.265 700.35 1.0
1235.727 -662.729 700.35 1.0
1137.032 -817.329 700.35 1.0
1136.721 -817.772 700.35 1.0
1136.384 -818.195 700.35 1.0
1018.052 -958.159 700.35 1.0
1017.597 -958.659 700.35 1.0
1017.207 -959.033 700.35 1.0
881.275 -1081.976 700.35 1.0
880.757 -1082.411 700.35 1.0
880.321 -1082.73 700.35 1.0
729.215 -1186.458 700.35 1.0
728.644 -1186.82 700.35 1.0
728.169 -1187.078 700.35 1.0
564.586 -1269.74 700.35 1.0
563.971 -1270.022 700.35 1.0
563.466 -1270.214 700.35 1.0
390.325 -1330.335 700.35 1.0
389.744 -1330.516 700.35 1.0
389.152 -1330.657 700.35 1.0
209.543 -1367.164 700.35 1.0
208.942 -1367.265 700.35 1.0
208.337 -1367.326 700.35 1.0
25.464 -1379.568 700.35 1.0
24.877 -1379.588 700.35 1.0
24.248 -1379.568 700.35 1.0
13.44 -1378.844 700.35 1.0
13.44 -1378.844 720.35 0.0
10.461 -1381.391 720.35 0.0
10.461 -1477.466 720.35 1.0
24.856 -1478.39 720.35 1.0
214.106 -1466.24 720.35 1.0
400.247 -1429.989 720.35 1.0
580.225 -1370.232 720.35 1.0
751.084 -1287.951 720.35 1.0
910.018 -1184.496 720.35 1.0
1054.418 -1061.567 720.35 1.0
1181.912 -921.181 720.35 1.0
1290.408 -765.645 720.35 1.0
1378.123 -597.511 720.35 1.0
1443.825 -418.977 720.35 1.0
1450.448 -399.71 720.35 1.0
1348.38 -399.71 720.35 1.0
1316.975 -493.782 720.35 1.0
1316.215 -495.949 720.35 1.0
1316.009 -496.428 720.35 1.0
1238.662 -663.104 720.35 1.0
1238.412 -663.584 720.35 1.0
1238.135 -664.048 720.35 1.0
1139.243 -818.958 720.35 1.0
1138.932 -819.401 720.35 1.0
1138.595 -819.824 720.35 1.0
1020.026 -960.068 720.35 1.0
1019.571 -960.568 720.35 1.0
1019.181 -960.942 720.35 1.0
882.977 -1084.131 720.35 1.0
882.459 -1084.566 720.35 1.0
882.023 -1084.885 720.35 1.0
730.615 -1188.821 720.35 1.0
730.043 -1189.183 720.35 1.0
729.568 -1189.44 720.35 1.0
565.658 -1272.268 720.35 1.0
565.043 -1272.55 720.35 1.0
564.538 -1272.743 720.35 1.0
391.051 -1332.984 720.35 1.0
390.404 -1333.182 720.35 1.0
389.878 -1333.305 720.35 1.0
209.909 -1369.886 720.35 1.0
209.308 -1369.987 720.35 1.0
208.703 -1370.048 720.35 1.0
25.464 -1382.314 720.35 1.0
24.877 -1382.335 720.35 1.0
24.248 -1382.314 720.35 1.0
13.454 -1381.592 720.35 1.0
13.454 -1381.592 740.35 0.0
10.475 -1382.89 740.35 0.0
10.475 -1479.418 740.35 1.0
24.856 -1480.342 740.35 1.0
214.355 -1468.175 740.35 1.0
400.742 -1431.877 740.35 1.0
580.958 -1372.041 740.35 1.0
752.042 -1289.651 740.35 1.0
911.185 -1186.06 740.35 1.0
1055.776 -1062.969 740.35 1.0
1183.438 -922.398 740.35 1.0
1292.077 -766.657 740.35 1.0
1379.908 -598.301 740.35 1.0
1445.696 -419.532 740.35 1.0
1452.299 -400.319 740.35 1.0
1452.456 -399.71 740.35 1.0
1350.828 -399.71 740.35 1.0
1343.245 -422.423 740.35 1.0
1317.615 -496.481 740.35 1.0
1317.407 -496.965 740.35 1.0
1239.975 -663.824 740.35 1.0
1239.726 -664.304 740.35 1.0
1239.449 -664.768 740.35 1.0
1140.449 -819.847 740.35 1.0
1140.138 -820.29 740.35 1.0
1139.801 -820.713 740.35 1.0
1021.103 -961.109 740.35 1.0
1020.648 -961.609 740.35 1.0
1020.258 -961.984 740.35 1.0
883.905 -1085.307 740.35 1.0
883.387 -1085.742 740.35 1.0
882.951 -1086.061 740.35 1.0
731.378 -1190.11 740.35 1.0
730.807 -1190.471 740.35 1.0
730.332 -1190.729 740.35 1.0
566.243 -1273.647 740.35 1.0
565.628 -1273.93 740.35 1.0
565.123 -1274.122 740.35 1.0
391.447 -1334.429 740.35 1.0
390.865 -1334.609 740.35 1.0
390.274 -1334.75 740.35 1.0
210.108 -1371.37 740.35 1.0
209.508 -1371.472 740.35 1.0
208.903 -1371.533 740.35 1.0
25.464 -1383.812 740.35 1.0
24.877 -1383.833 740.35 1.0
24.248 -1383.812 740.35 1.0
13.469 -1383.091 740.35 1.0
13.469 -1383.091 760.35 0.0
10.49 -1384.327 760.35 0.0
10.49 -1481.371 760.35 1.0
24.856 -1482.293 760.35 1.0
214.605 -1470.111 760.35 1.0
401.237 -1433.764 760.35 1.0
581.69 -1373.85 760.35 1.0
752.999 -1291.352 760.35 1.0
912.353 -1187.624 760.35 1.0
1057.133 -1064.371 760.35 1.0
1184.964 -923.615 760.35 1.0
1293.746 -767.668 760.35 1.0
1381.692 -599.091 760.35 1.0
1447.567 -420.087 760.35 1.0
1451.64 -408.239 760.35 1.0
1451.786 -407.753 760.35 1.0
1453.858 -399.71 760.35 1.0
1352.356 -399.71 760.35 1.0
1347.859 -413.474 760.35 1.0
1318.955 -496.997 760.35 1.0
1318.747 -497.481 760.35 1.0
1241.234 -664.514 760.35 1.0
1240.985 -664.994 760.35 1.0
1240.708 -665.458 760.35 1.0
1141.605 -820.699 760.35 1.0
1141.294 -821.141 760.35 1.0
1140.957 -821.564 760.35 1.0
1022.135 -962.107 760.35 1.0
1021.68 -962.607 760.35 1.0
1021.29 -962.982 760.35 1.0
884.795 -1086.434 760.35 1.0
884.277 -1086.868 760.35 1.0
883.841 -1087.187 760.35 1.0
732.11 -1191.345 760.35 1.0
731.538 -1191.707 760.35 1.0
731.063 -1191.965 760.35 1.0
566.803 -1274.969 760.35 1.0
566.251 -1275.225 760.35 1.0
565.684 -1275.444 760.35 1.0
391.826 -1335.814 760.35 1.0
391.244 -1335.994 760.35 1.0
390.653 -1336.135 760.35 1.0
210.3 -1372.793 760.35 1.0
209.699 -1372.895 760.35 1.0
209.094 -1372.955 760.35 1.0
25.464 -1385.248 760.35 1.0
24.877 -1385.268 760.35 1.0
24.248 -1385.248 760.35 1.0
13.483 -1384.527 760.35 1.0
13.483 -1384.527 780.35 0.0
10.504 -1385.764 780.35 0.0
10.504 -1483.324 780.35 1.0
24.856 -1484.245 780.35 1.0
214.854 -1472.047 780.35 1.0
401.733 -1435.652 780.35 1.0
582.422 -1375.659 780.35 1.0
753.957 -1293.052 780.35 1.0
913.52 -1189.188 780.35 1.0
1058.491 -1065.773 780.35 1.0
1186.49 -924.832 780.35 1.0
1295.414 -768.68 780.35 1.0
1383.477 -599.881 780.35 1.0
1449.438 -420.643 780.35 1.0
1450.992 -416.123 780.35 1.0
1451.273 -415.186 780.35 1.0
1455.259 -399.71 780.35 1.0
1353.193 -399.71 780.35 1.0
1337.17 -448.76 780.35 1.0
1320.295 -497.513 780.35 1.0
1320.086 -497.997 780.35 1.0
1242.493 -665.204 780.35 1.0
1242.244 -665.684 780.35 1.0
1241.967 -666.148 780.35 1.0
1142.761 -821.55 780.35 1.0
1142.45 -821.993 780.35 1.0
1142.113 -822.416 780.35 1.0
1023.167 -963.105 780.35 1.0
1022.712 -963.605 780.35 1.0
1022.322 -963.98 780.35 1.0
885.685 -1087.56 780.35 1.0
885.22 -1087.953 780.35 1.0
884.731 -1088.314 780.35 1.0
732.841 -1192.58 780.35 1.0
732.328 -1192.908 780.35 1.0
731.795 -1193.2 780.35 1.0
567.364 -1276.291 780.35 1.0
566.811 -1276.547 780.35 1.0
566.244 -1276.765 780.35 1.0
392.205 -1337.198 780.35 1.0
391.624 -1337.379 780.35 1.0
391.032 -1337.52 780.35 1.0
210.491 -1374.216 780.35 1.0
209.891 -1374.318 780.35 1.0
209.286 -1374.378 780.35 1.0
25.464 -1386.684 780.35 1.0
24.877 -1386.704 780.35 1.0
24.248 -1386.684 780.35 1.0
13.497 -1385.964 780.35 1.0
13.497 -1385.964 800.35 0.0
10.518 -1387.2 800.35 0.0
10.518 -1485.029 800.35 1.0
24.856 -1485.949 800.35 1.0
215.072 -1473.737 800.35 1.0
402.165 -1437.301 800.35 1.0
583.062 -1377.239 800.35 1.0
754.793 -1294.537 800.35 1.0
914.539 -1190.554 800.35 1.0
1059.677 -1066.997 800.35 1.0
1187.822 -925.894 800.35 1.0
1296.872 -769.563 800.35 1.0
1385.035 -600.571 800.35 1.0
1450.955 -421.446 800.35 1.0
1452.483 -415.93 800.35 1.0
1456.661 -399.71 800.35 1.0
1354.029 -399.71 800.35 1.0
1326.531 -483.896 800.35 1.0
1321.634 -498.029 800.35 1.0
1321.426 -498.513 800.35 1.0
1243.752 -665.894 800.35 1.0
1243.503 -666.374 800.35 1.0
1243.226 -666.838 800.35 1.0
1143.917 -822.402 800.35 1.0
1143.605 -822.844 800.35 1.0
1143.269 -823.267 800.35 1.0
1024.199 -964.104 800.35 1.0
1023.791 -964.555 800.35 1.0
1023.354 -964.978 800.35 1.0
886.575 -1088.687 800.35 1.0
886.11 -1089.08 800.35 1.0
885.62 -1089.441 800.35 1.0
733.573 -1193.815 800.35 1.0
733.06 -1194.143 800.35 1.0
732.527 -1194.435 800.35 1.0
567.924 -1277.612 800.35 1.0
567.372 -1277.869 800.35 1.0
566.805 -1278.087 800.35 1.0
392.584 -1338.583 800.35 1.0
392.003 -1338.763 800.35 1.0
391.411 -1338.904 800.35 1.0
210.682 -1375.639 800.35 1.0
210.082 -1375.74 800.35 1.0
209.477 -1375.801 800.35 1.0
25.464 -1388.119 800.35 1.0
24.877 -1388.14 800.35 1.0
24.248 -1388.119 800.35 1.0
13.512 -1387.401 800.35 1.0
13.512 -1387.401 820.35 0.0
10.533 -1387.846 820.35 0.0
10.533 -1484.903 820.35 1.0
24.856 -1485.822 820.35 1.0
215.056 -1473.611 820.35 1.0
402.133 -1437.178 820.35 1.0
583.014 -1377.121 820.35 1.0
754.731 -1294.427 820.35 1.0
914.463 -1190.452 820.35 1.0
1059.588 -1066.906 820.35 1.0
1187.723 -925.815 820.35 1.0
1296.763 -769.498 820.35 1.0
1384.919 -600.52 820.35 1.0
1450.877 -421.29 820.35 1.0
1452.113 -417.201 820.35 1.0
1457.561 -399.71 820.35 1.0
1354.866 -399.71 820.35 1.0
1330.148 -475.386 820.35 1.0
1322.236 -498.258 820.35 1.0
1322.028 -498.745 820.35 1.0
1244.318 -666.204 820.35 1.0
1244.068 -666.684 820.35 1.0
1243.791 -667.148 820.35 1.0
1144.435 -822.784 820.35 1.0
1144.124 -823.227 820.35 1.0
1143.788 -823.65 820.35 1.0
1024.662 -964.552 820.35 1.0
1024.207 -965.051 820.35 1.0
1023.817 -965.426 820.35 1.0
886.974 -1089.193 820.35 1.0
886.456 -1089.627 820.35 1.0
886.02 -1089.946 820.35 1.0
733.901 -1194.37 820.35 1.0
733.33 -1194.732 820.35 1.0
732.855 -1194.989 820.35 1.0
568.176 -1278.206 820.35 1.0
567.623 -1278.462 820.35 1.0
567.056 -1278.68 820.35 1.0
392.755 -1339.205 820.35 1.0
392.173 -1339.385 820.35 1.0
391.582 -1339.526 820.35 1.0
210.768 -1376.278 820.35 1.0
210.168 -1376.379 820.35 1.0
209.563 -1376.44 820.35 1.0
25.464 -1388.764 820.35 1.0
24.877 -1388.784 820.35 1.0
24.248 -1388.764 820.35 1.0
13.526 -1388.046 820.35 1.0
10.547 -1387.989 840.35 0.0
10.547 -1484.634 840.35 1.0
24.856 -1485.553 840.35 1.0
215.022 -1473.344 840.35 1.0
402.064 -1436.917 840.35 1.0
582.913 -1376.871 840.35 1.0
754.599 -1294.192 840.35 1.0
914.302 -1190.236 840.35 1.0
1059.401 -1066.712 840.35 1.0
1187.512 -925.647 840.35 1.0
1296.533 -769.358 840.35 1.0
1384.673 -600.41 840.35 1.0
1450.619 -421.214 840.35 1.0
1453.354 -412.163 840.35 1.0
1457.233 -399.71 840.35 1.0
1355.703 -399.71 840.35 1.0
1342.785 -439.254 840.35 1.0
1322.37 -498.31 840.35 1.0
1322.161 -498.796 840.35 1.0
1244.443 -666.272 840.35 1.0
1244.193 -666.752 840.35 1.0
1243.916 -667.217 840.35 1.0
1144.55 -822.869 840.35 1.0
1144.239 -823.311 840.35 1.0
1143.902 -823.734 840.35 1.0
1024.765 -964.651 840.35 1.0
1024.309 -965.151 840.35 1.0
1023.919 -965.525 840.35 1.0
887.062 -1089.305 840.35 1.0
886.544 -1089.739 840.35 1.0
886.108 -1090.058 840.35 1.0
733.974 -1194.492 840.35 1.0
733.403 -1194.854 840.35 1.0
732.928 -1195.112 840.35 1.0
568.231 -1278.337 840.35 1.0
567.617 -1278.619 840.35 1.0
567.112 -1278.812 840.35 1.0
392.792 -1339.342 840.35 1.0
392.211 -1339.522 840.35 1.0
391.619 -1339.663 840.35 1.0
210.787 -1376.419 840.35 1.0
210.187 -1376.52 840.35 1.0
209.582 -1376.581 840.35 1.0
25.464 -1388.906 840.35 1.0
24.877 -1388.927 840.35 1.0
24.248 -1388.906 840.35 1.0
13.54 -1388.19 840.35 1.0
13.54 -1388.19 860.35 0.0
10.561 -1388.133 860.35 0.0
10.561 -1484.365 860.35 1.0
24.856 -1485.283 860.35 1.0
214.987 -1473.076 860.35 1.0
401.996 -1436.656 860.35 1.0
582.812 -1376.621 860.35 1.0
754.467 -1293.957 860.35 1.0
914.141 -1190.02 860.35 1.0
1059.213 -1066.518 860.35 1.0
1187.301 -925.479 860.35 1.0
1296.302 -769.218 860.35 1.0
1384.426 -600.301 860.35 1.0
1450.36 -421.137 860.35 1.0
1454.572 -407.199 860.35 1.0
1456.904 -399.71 860.35 1.0
1356.539 -399.71 860.35 1.0
1355.472 -402.975 860.35 1.0
1322.503 -498.361 860.35 1.0
1322.294 -498.847 860.35 1.0
1244.568 -666.341 860.35 1.0
1244.318 -666.821 860.35 1.0
1244.041 -667.285 860.35 1.0
1144.665 -822.953 860.35 1.0
1144.354 -823.396 860.35 1.0
1144.017 -823.819 860.35 1.0
1024.867 -964.75 860.35 1.0
1024.412 -965.25 860.35 1.0
1024.022 -965.624 860.35 1.0
887.151 -1089.417 860.35 1.0
886.633 -1089.851 860.35 1.0
886.196 -1090.17 860.35 1.0
734.047 -1194.615 860.35 1.0
733.475 -1194.977 860.35 1.0
733.0 -1195.235 860.35 1.0
568.287 -1278.468 860.35 1.0
567.672 -1278.751 860.35 1.0
567.167 -1278.943 860.35 1.0
392.83 -1339.48 860.35 1.0
392.183 -1339.678 860.35 1.0
391.657 -1339.801 860.35 1.0
210.806 -1376.56 860.35 1.0
210.206 -1376.662 860.35 1.0
209.601 -1376.723 860.35 1.0
25.464 -1389.049 860.35 1.0
24.877 -1389.069 860.35 1.0
24.248 -1389.049 860.35 1.0
13.555 -1388.333 860.35 1.0
13.555 -1388.333 880.35 0.0
10.576 -1388.276 880.35 0.0
10.576 -1484.097 880.35 1.0
24.856 -1485.014 880.35 1.0
214.953 -1472.809 880.35 1.0
401.928 -1436.396 880.35 1.0
582.711 -1376.372 880.35 1.0
754.334 -1293.722 880.35 1.0
913.98 -1189.804 880.35 1.0
1059.026 -1066.325 880.35 1.0
1187.091 -925.311 880.35 1.0
1296.072 -769.078 880.35 1.0
1384.18 -600.192 880.35 1.0
1450.102 -421.06 880.35 1.0
1455.813 -402.16 880.35 1.0
1456.576 -399.71 880.35 1.0
1356.022 -399.71 880.35 1.0
1354.439 -404.381 880.35 1.0
1341.968 -442.49 880.35 1.0
1322.636 -498.412 880.35 1.0
1322.427 -498.898 880.35 1.0
1244.693 -666.409 880.35 1.0
1244.443 -666.89 880.35 1.0
1244.166 -667.354 880.35 1.0
1144.78 -823.038 880.35 1.0
1144.469 -823.48 880.35 1.0
1144.132 -823.903 880.35 1.0
1024.97 -964.849 880.35 1.0
1024.514 -965.349 880.35 1.0
1024.124 -965.723 880.35 1.0
887.239 -1089.528 880.35 1.0
886.721 -1089.963 880.35 1.0
886.285 -1090.282 880.35 1.0
734.119 -1194.738 880.35 1.0
733.548 -1195.1 880.35 1.0
733.073 -1195.358 880.35 1.0
568.343 -1278.6 880.35 1.0
567.728 -1278.882 880.35 1.0
567.223 -1279.074 880.35 1.0
392.868 -1339.617 880.35 1.0
392.221 -1339.815 880.35 1.0
391.695 -1339.938 880.35 1.0
210.825 -1376.702 880.35 1.0
210.158 -1376.812 880.35 1.0
209.62 -1376.864 880.35 1.0
25.464 -1389.192 880.35 1.0
24.877 -1389.212 880.35 1.0
24.248 -1389.192 880.35 1.0
13.569 -1388.477 880.35 1.0
13.569 -1388.477 900.35 0.0
10.59 -1388.134 900.35 0.0
10.59 -1483.828 900.35 1.0
24.856 -1484.744 900.35 1.0
214.918 -1472.542 900.35 1.0
401.859 -1436.135 900.35 1.0
582.61 -1376.122 900.35 1.0
754.202 -1293.487 900.35 1.0
913.818 -1189.588 900.35 1.0
1058.838 -1066.131 900.35 1.0
1186.88 -925.143 900.35 1.0
1295.841 -768.939 900.35 1.0
1383.933 -600.083 900.35 1.0
1449.843 -420.984 900.35 1.0
1456.271 -399.71 900.35 1.0
1355.059 -399.71 900.35 1.0
1347.497 -422.029 900.35 1.0
1322.695 -497.83 900.35 1.0
1322.512 -498.336 900.35 1.0
1322.3 -498.831 900.35 1.0
1244.567 -666.34 900.35 1.0
1244.317 -666.82 900.35 1.0
1244.04 -667.285 900.35 1.0
1144.664 -822.953 900.35 1.0
1144.353 -823.395 900.35 1.0
1144.016 -823.818 900.35 1.0
1024.867 -964.749 900.35 1.0
1024.411 -965.249 900.35 1.0
1024.021 -965.623 900.35 1.0
887.15 -1089.416 900.35 1.0
886.632 -1089.85 900.35 1.0
886.196 -1090.169 900.35 1.0
734.046 -1194.614 900.35 1.0
733.475 -1194.976 900.35 1.0
733.0 -1195.234 900.35 1.0
568.287 -1278.467 900.35 1.0
567.672 -1278.75 900.35 1.0
567.167 -1278.942 900.35 1.0
392.83 -1339.479 900.35 1.0
392.183 -1339.677 900.35 1.0
391.657 -1339.8 900.35 1.0
210.806 -1376.559 900.35 1.0
210.139 -1376.669 900.35 1.0
209.601 -1376.721 900.35 1.0
25.464 -1389.048 900.35 1.0
24.877 -1389.068 900.35 1.0
24.248 -1389.048 900.35 1.0
13.583 -1388.334 900.35 1.0
13.583 -1388.334 920.35 0.0
10.604 -1387.024 920.35 0.0
10.604 -1483.56 920.35 1.0
24.856 -1484.475 920.35 1.0
214.884 -1472.274 920.35 1.0
401.791 -1435.874 920.35 1.0
582.509 -1375.872 920.35 1.0
754.07 -1293.252 920.35 1.0
913.657 -1189.372 920.35 1.0
1058.651 -1065.938 920.35 1.0
1186.669 -924.975 920.35 1.0
1295.611 -768.799 920.35 1.0
1383.687 -599.974 920.35 1.0
1449.585 -420.907 920.35 1.0
1455.99 -399.71 920.35 1.0
1354.096 -399.71 920.35 1.0
1340.555 -439.677 920.35 1.0
1321.658 -497.43 920.35 1.0
1321.476 -497.937 920.35 1.0
1321.264 -498.431 920.35 1.0
1243.592 -665.806 920.35 1.0
1243.343 -666.287 920.35 1.0
1243.066 -666.751 920.35 1.0
1143.77 -822.293 920.35 1.0
1143.458 -822.736 920.35 1.0
1143.122 -823.159 920.35 1.0
1024.068 -963.977 920.35 1.0
1023.612 -964.477 920.35 1.0
1023.222 -964.851 920.35 1.0
886.462 -1088.544 920.35 1.0
885.943 -1088.979 920.35 1.0
885.507 -1089.298 920.35 1.0
733.48 -1193.658 920.35 1.0
732.908 -1194.02 920.35 1.0
732.434 -1194.278 920.35 1.0
567.853 -1277.444 920.35 1.0
567.238 -1277.727 920.35 1.0
566.733 -1277.919 920.35 1.0
392.536 -1338.407 920.35 1.0
391.955 -1338.587 920.35 1.0
391.363 -1338.728 920.35 1.0
210.658 -1375.458 920.35 1.0
210.058 -1375.559 920.35 1.0
209.453 -1375.62 920.35 1.0
25.464 -1387.937 920.35 1.0
24.877 -1387.957 920.35 1.0
24.248 -1387.937 920.35 1.0
13.598 -1387.224 920.35 1.0
13.598 -1387.224 940.35 0.0
10.619 -1385.913 940.35 0.0
10.619 -1483.291 940.35 1.0
24.856 -1484.205 940.35 1.0
214.849 -1472.007 940.35 1.0
401.722 -1435.613 940.35 1.0
582.407 -1375.622 940.35 1.0
753.937 -1293.017 940.35 1.0
913.496 -1189.156 940.35 1.0
1058.463 -1065.744 940.35 1.0
1186.458 -924.807 940.35 1.0
1295.38 -768.659 940.35 1.0
1383.44 -599.865 940.35 1.0
1449.163 -421.276 940.35 1.0
1449.464 -420.376 940.35 1.0
1455.708 -399.71 940.35 1.0
1353.133 -399.71 940.35 1.0
1333.613 -457.325 940.35 1.0
1320.621 -497.031 940.35 1.0
1320.439 -497.538 940.35 1.0
1320.227 -498.032 940.35 1.0
1242.618 -665.272 940.35 1.0
1242.369 -665.753 940.35 1.0
1242.091 -666.217 940.35 1.0
1142.875 -821.634 940.35 1.0
1142.564 -822.077 940.35 1.0
1142.227 -822.5 940.35 1.0
1023.269 -963.204 940.35 1.0
1022.814 -963.704 940.35 1.0
1022.424 -964.079 940.35 1.0
885.773 -1087.672 940.35 1.0
885.255 -1088.107 940.35 1.0
884.819 -1088.426 940.35 1.0
732.914 -1192.702 940.35 1.0
732.401 -1193.03 940.35 1.0
731.867 -1193.322 940.35 1.0
567.419 -1276.422 940.35 1.0
566.867 -1276.678 940.35 1.0
566.3 -1276.896 940.35 1.0
392.243 -1337.335 940.35 1.0
391.661 -1337.516 940.35 1.0
391.07 -1337.657 940.35 1.0
210.51 -1374.357 940.35 1.0
209.91 -1374.458 940.35 1.0
209.305 -1374.519 940.35 1.0
25.464 -1386.826 940.35 1.0
24.877 -1386.846 940.35 1.0
24.248 -1386.826 940.35 1.0
13.612 -1386.114 940.35 1.0
13.612 -1386.114 960.35 0.0
10.633 -1384.803 960.35 0.0
10.633 -1483.022 960.35 1.0
24.856 -1483.935 960.35 1.0
214.815 -1471.74 960.35 1.0
401.654 -1435.353 960.35 1.0
582.306 -1375.372 960.35 1.0
753.805 -1292.783 960.35 1.0
913.335 -1188.94 960.35 1.0
1058.275 -1065.55 960.35 1.0
1186.248 -924.639 960.35 1.0
1295.15 -768.519 960.35 1.0
1383.194 -599.756 960.35 1.0
1449.068 -420.754 960.35 1.0
1449.904 -417.964 960.35 1.0
1454.796 -399.71 960.35 1.0
1352.17 -399.71 960.35 1.0
1326.671 -474.973 960.35 1.0
1319.585 -496.632 960.35 1.0
1319.402 -497.138 960.35 1.0
1319.19 -497.633 960.35 1.0
1241.644 -664.738 960.35 1.0
1241.394 -665.219 960.35 1.0
1241.117 -665.683 960.35 1.0
1142.054 -820.862 960.35 1.0
1141.71 -821.364 960.35 1.0
1141.333 -821.841 960.35 1.0
1022.471 -962.432 960.35 1.0
1022.062 -962.884 960.35 1.0
1021.625 -963.306 960.35 1.0
885.084 -1086.8 960.35 1.0
884.62 -1087.193 960.35 1.0
884.13 -1087.554 960.35 1.0
732.348 -1191.746 960.35 1.0
731.834 -1192.074 960.35 1.0
731.301 -1192.366 960.35 1.0
566.986 -1275.399 960.35 1.0
566.433 -1275.655 960.35 1.0
565.866 -1275.873 960.35 1.0
391.949 -1336.264 960.35 1.0
391.367 -1336.444 960.35 1.0
390.776 -1336.585 960.35 1.0
210.362 -1373.256 960.35 1.0
209.761 -1373.357 960.35 1.0
209.157 -1373.418 960.35 1.0
25.464 -1385.715 960.35 1.0
24.877 -1385.735 960.35 1.0
24.248 -1385.715 960.35 1.0
13.626 -1385.004 960.35 1.0
13.626 -1385.004 980.35 0.0
10.647 -1383.693 980.35 0.0
10.647 -1480.912 980.35 1.0
24.856 -1481.824 980.35 1.0
214.545 -1469.646 980.35 1.0
401.118 -1433.31 980.35 1.0
581.514 -1373.415 980.35 1.0
752.769 -1290.943 980.35 1.0
912.072 -1187.248 980.35 1.0
1056.806 -1064.034 980.35 1.0
1184.597 -923.322 980.35 1.0
1293.344 -767.425 980.35 1.0
1381.263 -598.901 980.35 1.0
1447.075 -420.069 980.35 1.0
1448.485 -415.609 980.35 1.0
1452.746 -399.71 980.35 1.0
1351.207 -399.71 980.35 1.0
1319.729 -492.621 980.35 1.0
1318.548 -496.232 980.35 1.0
1318.365 -496.739 980.35 1.0
1318.153 -497.233 980.35 1.0
1240.669 -664.204 980.35 1.0
1240.42 -664.685 980.35 1.0
1240.143 -665.149 980.35 1.0
1141.086 -820.316 980.35 1.0
1140.775 -820.759 980.35 1.0
1140.438 -821.182 980.35 1.0
1021.672 -961.66 980.35 1.0
1021.216 -962.16 980.35 1.0
1020.826 -962.534 980.35 1.0
884.396 -1085.928 980.35 1.0
883.878 -1086.363 980.35 1.0
883.441 -1086.682 980.35 1.0
731.781 -1190.79 980.35 1.0
731.21 -1191.152 980.35 1.0
730.735 -1191.41 980.35 1.0
566.552 -1274.376 980.35 1.0
565.999 -1274.632 980.35 1.0
565.432 -1274.851 980.35 1.0
391.656 -1335.192 980.35 1.0
391.074 -1335.373 980.35 1.0
390.483 -1335.514 980.35 1.0
210.214 -1372.155 980.35 1.0
209.613 -1372.256 980.35 1.0
209.009 -1372.317 980.35 1.0
25.464 -1384.604 980.35 1.0
24.877 -1384.624 980.35 1.0
24.248 -1384.604 980.35 1.0
13.641 -1383.894 980.35 1.0
13.641 -1383.894 1000.35 0.0
10.662 -1381.651 1000.35 0.0
10.662 -1478.686 1000.35 1.0
24.856 -1479.597 1000.35 1.0
214.26 -1467.437 1000.35 1.0
400.554 -1431.156 1000.35 1.0
580.678 -1371.351 1000.35 1.0
751.676 -1289.002 1000.35 1.0
910.74 -1185.463 1000.35 1.0
1055.257 -1062.434 1000.35 1.0
1182.856 -921.934 1000.35 1.0
1291.44 -766.27 1000.35 1.0
1379.227 -598.0 1000.35 1.0
1444.94 -419.436 1000.35 1.0
1447.905 -410.126 1000.35 1.0
1450.696 -399.71 1000.35 1.0
1349.233 -399.71 1000.35 1.0
1316.458 -496.002 1000.35 1.0
1316.241 -496.511 1000.35 1.0
1238.877 -663.222 1000.35 1.0
1238.628 -663.702 1000.35 1.0
1238.35 -664.166 1000.35 1.0
1139.441 -819.104 1000.35 1.0
1139.13 -819.547 1000.35 1.0
1138.793 -819.97 1000.35 1.0
1020.203 -960.239 1000.35 1.0
1019.747 -960.739 1000.35 1.0
1019.357 -961.113 1000.35 1.0
883.129 -1084.324 1000.35 1.0
882.611 -1084.759 1000.35 1.0
882.175 -1085.078 1000.35 1.0
730.74 -1189.032 1000.35 1.0
730.168 -1189.394 1000.35 1.0
729.693 -1189.652 1000.35 1.0
565.754 -1272.494 1000.35 1.0
565.202 -1272.751 1000.35 1.0
564.634 -1272.969 1000.35 1.0
391.116 -1333.221 1000.35 1.0
390.534 -1333.401 1000.35 1.0
389.943 -1333.542 1000.35 1.0
209.942 -1370.129 1000.35 1.0
209.341 -1370.23 1000.35 1.0
208.736 -1370.291 1000.35 1.0
25.464 -1382.56 1000.35 1.0
24.877 -1382.58 1000.35 1.0
24.248 -1382.56 1000.35 1.0
13.655 -1381.851 1000.35 1.0
