1463.895 -388.81 0.35 0.0
1340.21 -388.81 0.35 1.0
1305.266 -491.619 0.35 1.0
1228.128 -657.847 0.35 1.0
1129.504 -812.344 0.35 1.0
1011.142 -952.345 0.35 1.0
875.201 -1075.293 0.35 1.0
724.086 -1179.025 0.35 1.0
560.528 -1261.675 0.35 1.0
387.379 -1321.801 0.35 1.0
207.723 -1358.319 0.35 1.0
24.877 -1370.559 0.35 1.0
-0.231 -1368.881 0.35 1.0
-0.231 -1487.815 0.35 1.0
24.856 -1489.425 0.35 1.0
215.517 -1477.185 0.35 1.0
403.047 -1440.663 0.35 1.0
584.366 -1380.461 0.35 1.0
756.499 -1297.566 0.35 1.0
916.618 -1193.34 0.35 1.0
1062.095 -1069.494 0.35 1.0
1190.54 -928.062 0.35 1.0
1299.845 -771.365 0.35 1.0
1388.214 -601.978 0.35 1.0
1454.202 -422.667 0.35 1.0
1457.921 -411.029 0.35 1.0
1458.148 -410.254 0.35 1.0
1463.119 -391.708 0.35 1.0
1463.119 -391.708 20.35 0.0
10.676 -1379.38 20.35 0.0
10.676 -1476.459 20.35 1.0
24.856 -1477.37 20.35 1.0
213.975 -1465.228 20.35 1.0
399.989 -1429.002 20.35 1.0
579.842 -1369.286 20.35 1.0
750.583 -1287.062 20.35 1.0
909.408 -1183.679 20.35 1.0
1053.708 -1060.834 20.35 1.0
1181.114 -920.545 20.35 1.0
1289.535 -765.116 20.35 1.0
1377.19 -597.098 20.35 1.0
1442.805 -418.802 20.35 1.0
1447.324 -404.643 20.35 1.0
1448.646 -399.71 20.35 1.0
1346.766 -399.71 20.35 1.0
1314.358 -495.133 20.35 1.0
1314.12 -495.694 20.35 1.0
1236.885 -662.13 20.35 1.0
1236.635 -662.611 20.35 1.0
1236.358 -663.075 20.35 1.0
1137.612 -817.756 20.35 1.0
1137.301 -818.199 20.35 1.0
1136.964 -818.622 20.35 1.0
1018.57 -958.659 20.35 1.0
1018.114 -959.159 20.35 1.0
1017.724 -959.534 20.35 1.0
881.721 -1082.541 20.35 1.0
881.203 -1082.976 20.35 1.0
880.767 -1083.295 20.35 1.0
729.582 -1187.077 20.35 1.0
729.011 -1187.439 20.35 1.0
728.536 -1187.697 20.35 1.0
564.867 -1270.403 20.35 1.0
564.315 -1270.659 20.35 1.0
563.747 -1270.877 20.35 1.0
390.515 -1331.03 20.35 1.0
389.934 -1331.21 20.35 1.0
389.342 -1331.351 20.35 1.0
209.639 -1367.878 20.35 1.0
209.038 -1367.979 20.35 1.0
208.433 -1368.04 20.35 1.0
25.464 -1380.288 20.35 1.0
24.877 -1380.308 20.35 1.0
24.248 -1380.288 20.35 1.0
13.669 -1379.58 20.35 1.0
13.669 -1379.58 40.35 0.0
1344.3 -399.71 40.35 0.0
1312.24 -494.313 40.35 1.0
1312.0 -494.878 40.35 1.0
1234.892 -661.039 40.35 1.0
1234.643 -661.519 40.35 1.0
1234.366 -661.983 40.35 1.0
1135.783 -816.409 40.35 1.0
1135.472 -816.851 40.35 1.0
1135.135 -817.274 40.35 1.0
1016.937 -957.08 40.35 1.0
1016.481 -957.58 40.35 1.0
1016.091 -957.954 40.35 1.0
880.313 -1080.758 40.35 1.0
879.795 -1081.193 40.35 1.0
879.359 -1081.512 40.35 1.0
728.424 -1185.122 40.35 1.0
727.853 -1185.484 40.35 1.0
727.378 -1185.742 40.35 1.0
563.98 -1268.311 40.35 1.0
563.428 -1268.567 40.35 1.0
562.86 -1268.786 40.35 1.0
389.915 -1328.839 40.35 1.0
389.334 -1329.019 40.35 1.0
388.742 -1329.16 40.35 1.0
209.336 -1365.626 40.35 1.0
208.735 -1365.727 40.35 1.0
208.131 -1365.788 40.35 1.0
25.465 -1378.016 40.35 1.0
24.877 -1378.037 40.35 1.0
24.248 -1378.016 40.35 1.0
10.69 -1377.109 40.35 1.0
10.69 -1474.233 40.35 1.0
24.856 -1475.143 40.35 1.0
213.69 -1463.019 40.35 1.0
399.424 -1426.848 40.35 1.0
579.007 -1367.222 40.35 1.0
749.491 -1285.121 40.35 1.0
908.076 -1181.894 40.35 1.0
1052.159 -1059.234 40.35 1.0
1179.373 -919.157 40.35 1.0
1287.631 -763.962 40.35 1.0
1375.154 -596.197 40.35 1.0
1440.67 -418.168 40.35 1.0
1446.568 -399.71 40.35 1.0
1347.3 -399.71 40.35 1.0
1347.3 -399.71 60.35 0.0
1341.833 -399.71 60.35 0.0
1310.121 -493.493 60.35 1.0
1309.88 -494.061 60.35 1.0
1232.9 -659.947 60.35 1.0
1232.651 -660.427 60.35 1.0
1232.373 -660.891 60.35 1.0
1133.954 -815.061 60.35 1.0
1133.642 -815.504 60.35 1.0
1133.306 -815.927 60.35 1.0
1015.304 -955.501 60.35 1.0
1014.848 -956.0 60.35 1.0
1014.458 -956.375 60.35 1.0
878.905 -1078.975 60.35 1.0
878.387 -1079.41 60.35 1.0
877.951 -1079.729 60.35 1.0
727.266 -1183.168 60.35 1.0
726.695 -1183.529 60.35 1.0
726.22 -1183.787 60.35 1.0
563.093 -1266.219 60.35 1.0
562.541 -1266.476 60.35 1.0
561.973 -1266.694 60.35 1.0
389.315 -1326.647 60.35 1.0
388.733 -1326.828 60.35 1.0
388.142 -1326.969 60.35 1.0
209.033 -1363.374 60.35 1.0
208.432 -1363.476 60.35 1.0
207.828 -1363.536 60.35 1.0
25.464 -1375.744 60.35 1.0
24.877 -1375.765 60.35 1.0
24.248 -1375.744 60.35 1.0
10.705 -1374.838 60.35 1.0
10.705 -1472.007 60.35 1.0
24.856 -1472.916 60.35 1.0
213.406 -1460.811 60.35 1.0
398.859 -1424.694 60.35 1.0
578.171 -1365.158 60.35 1.0
748.398 -1283.181 60.35 1.0
906.744 -1180.109 60.35 1.0
1050.61 -1057.635 60.35 1.0
1177.632 -917.768 60.35 1.0
1285.727 -762.807 60.35 1.0
1373.118 -595.295 60.35 1.0
1438.535 -417.535 60.35 1.0
1444.23 -399.71 60.35 1.0
1344.833 -399.71 60.35 1.0
1344.833 -399.71 80.35 0.0
1339.366 -399.71 80.35 0.0
1317.782 -463.672 80.35 1.0
1307.774 -492.683 80.35 1.0
1307.564 -493.173 80.35 1.0
1230.725 -658.755 80.35 1.0
1230.476 -659.235 80.35 1.0
1230.198 -659.699 80.35 1.0
1131.957 -813.59 80.35 1.0
1131.646 -814.033 80.35 1.0
1131.309 -814.456 80.35 1.0
1013.521 -953.776 80.35 1.0
1013.065 -954.276 80.35 1.0
1012.675 -954.651 80.35 1.0
877.368 -1077.028 80.35 1.0
876.85 -1077.463 80.35 1.0
876.414 -1077.782 80.35 1.0
726.002 -1181.034 80.35 1.0
725.489 -1181.361 80.35 1.0
724.956 -1181.653 80.35 1.0
562.125 -1263.936 80.35 1.0
561.573 -1264.192 80.35 1.0
561.005 -1264.411 80.35 1.0
388.66 -1324.255 80.35 1.0
388.078 -1324.436 80.35 1.0
387.487 -1324.577 80.35 1.0
208.702 -1360.916 80.35 1.0
208.102 -1361.018 80.35 1.0
207.497 -1361.078 80.35 1.0
25.465 -1373.264 80.35 1.0
24.877 -1373.284 80.35 1.0
24.248 -1373.264 80.35 1.0
10.719 -1372.358 80.35 1.0
10.719 -1469.781 80.35 1.0
24.856 -1470.689 80.35 1.0
213.121 -1458.602 80.35 1.0
398.294 -1422.54 80.35 1.0
577.335 -1363.094 80.35 1.0
747.305 -1281.241 80.35 1.0
905.412 -1178.325 80.35 1.0
1049.06 -1056.035 80.35 1.0
1175.891 -916.38 80.35 1.0
1283.822 -761.653 80.35 1.0
1371.081 -594.394 80.35 1.0
1436.486 -416.633 80.35 1.0
1441.893 -399.71 80.35 1.0
1342.366 -399.71 80.35 1.0
1342.366 -399.71 100.35 0.0
1336.581 -398.869 100.35 0.0
1304.649 -491.48 100.35 1.0
1304.439 -491.97 100.35 1.0
1227.846 -657.023 100.35 1.0
1227.571 -657.566 100.35 1.0
1227.262 -658.09 100.35 1.0
1129.334 -811.49 100.35 1.0
1128.99 -811.992 100.35 1.0
1128.613 -812.469 100.35 1.0
1011.113 -951.448 100.35 1.0
1010.705 -951.9 100.35 1.0
1010.268 -952.322 100.35 1.0
875.293 -1074.4 100.35 1.0
874.828 -1074.793 100.35 1.0
874.338 -1075.154 100.35 1.0
724.296 -1178.152 100.35 1.0
723.783 -1178.48 100.35 1.0
723.249 -1178.772 100.35 1.0
560.817 -1260.853 100.35 1.0
560.265 -1261.109 100.35 1.0
559.698 -1261.327 100.35 1.0
387.775 -1321.025 100.35 1.0
387.193 -1321.206 100.35 1.0
386.602 -1321.347 100.35 1.0
208.256 -1357.597 100.35 1.0
207.656 -1357.698 100.35 1.0
207.051 -1357.759 100.35 1.0
25.465 -1369.915 100.35 1.0
24.877 -1369.935 100.35 1.0
24.248 -1369.915 100.35 1.0
10.733 -1369.01 100.35 1.0
10.733 -1467.555 100.35 1.0
24.856 -1468.462 100.35 1.0
212.836 -1456.394 100.35 1.0
397.729 -1420.385 100.35 1.0
576.5 -1361.03 100.35 1.0
746.212 -1279.3 100.35 1.0
904.08 -1176.54 100.35 1.0
1047.511 -1054.435 100.35 1.0
1174.15 -914.991 100.35 1.0
1281.918 -760.498 100.35 1.0
1369.045 -593.493 100.35 1.0
1434.265 -416.267 100.35 1.0
1439.825 -398.868 100.35 1.0
1339.581 -398.869 100.35 1.0
1339.581 -398.869 120.35 0.0
1333.61 -397.244 120.35 0.0
1301.524 -490.276 120.35 1.0
1301.314 -490.766 120.35 1.0
1224.909 -655.414 120.35 1.0
1224.635 -655.957 120.35 1.0
1224.325 -656.48 120.35 1.0
1126.638 -809.503 120.35 1.0
1126.294 -810.005 120.35 1.0
1125.917 -810.482 120.35 1.0
1008.706 -949.12 120.35 1.0
1008.298 -949.571 120.35 1.0
1007.861 -949.994 120.35 1.0
873.217 -1071.772 120.35 1.0
872.752 -1072.165 120.35 1.0
872.263 -1072.526 120.35 1.0
722.589 -1175.271 120.35 1.0
722.076 -1175.598 120.35 1.0
721.543 -1175.891 120.35 1.0
559.51 -1257.769 120.35 1.0
558.958 -1258.026 120.35 1.0
558.39 -1258.244 120.35 1.0
386.89 -1317.795 120.35 1.0
386.309 -1317.976 120.35 1.0
385.717 -1318.117 120.35 1.0
207.81 -1354.278 120.35 1.0
207.209 -1354.379 120.35 1.0
206.604 -1354.44 120.35 1.0
25.464 -1366.566 120.35 1.0
24.877 -1366.586 120.35 1.0
24.248 -1366.566 120.35 1.0
10.748 -1365.662 120.35 1.0
10.748 -1465.288 120.35 1.0
24.856 -1466.193 120.35 1.0
212.546 -1454.143 120.35 1.0
397.154 -1418.191 120.35 1.0
575.648 -1358.927 120.35 1.0
745.099 -1277.323 120.35 1.0
902.723 -1174.722 120.35 1.0
1045.933 -1052.806 120.35 1.0
1172.376 -913.577 120.35 1.0
1279.978 -759.322 120.35 1.0
1366.97 -592.574 120.35 1.0
1432.113 -415.544 120.35 1.0
1437.168 -397.24 120.35 1.0
1336.61 -397.243 120.35 1.0
1336.61 -397.243 140.35 0.0
1330.639 -395.618 140.35 0.0
1298.398 -489.073 140.35 1.0
1298.188 -489.562 140.35 1.0
1221.972 -653.804 140.35 1.0
1221.698 -654.347 140.35 1.0
1221.388 -654.871 140.35 1.0
1123.942 -807.517 140.35 1.0
1123.598 -808.019 140.35 1.0
1123.221 -808.496 140.35 1.0
1006.299 -946.792 140.35 1.0
1005.89 -947.243 140.35 1.0
1005.453 -947.666 140.35 1.0
871.142 -1069.144 140.35 1.0
870.677 -1069.537 140.35 1.0
870.187 -1069.897 140.35 1.0
720.882 -1172.389 140.35 1.0
720.369 -1172.717 140.35 1.0
719.836 -1173.009 140.35 1.0
558.203 -1254.686 140.35 1.0
557.65 -1254.942 140.35 1.0
557.083 -1255.161 140.35 1.0
386.005 -1314.565 140.35 1.0
385.424 -1314.746 140.35 1.0
384.832 -1314.887 140.35 1.0
207.363 -1350.959 140.35 1.0
206.763 -1351.06 140.35 1.0
206.158 -1351.121 140.35 1.0
25.465 -1363.217 140.35 1.0
24.877 -1363.237 140.35 1.0
24.248 -1363.217 140.35 1.0
10.762 -1362.314 140.35 1.0
10.762 -1461.382 140.35 1.0
24.856 -1462.287 140.35 1.0
212.046 -1450.269 140.35 1.0
396.163 -1414.412 140.35 1.0
574.182 -1355.306 140.35 1.0
743.182 -1273.92 140.35 1.0
900.386 -1171.591 140.35 1.0
1043.215 -1049.999 140.35 1.0
1169.322 -911.141 140.35 1.0
1276.637 -757.297 140.35 1.0
1363.398 -590.993 140.35 1.0
1428.339 -414.527 140.35 1.0
1434.316 -395.612 140.35 1.0
1333.639 -395.618 140.35 1.0
1333.639 -395.618 160.35 0.0
1327.855 -392.714 160.35 0.0
1318.22 -421.373 160.35 1.0
1295.273 -487.87 160.35 1.0
1295.063 -488.359 160.35 1.0
1219.035 -652.195 160.35 1.0
1218.761 -652.738 160.35 1.0
1218.451 -653.261 160.35 1.0
1121.246 -805.53 160.35 1.0
1120.901 -806.032 160.35 1.0
1120.525 -806.509 160.35 1.0
1003.891 -944.464 160.35 1.0
1003.483 -944.915 160.35 1.0
1003.046 -945.338 160.35 1.0
869.066 -1066.515 160.35 1.0
868.601 -1066.908 160.35 1.0
868.112 -1067.269 160.35 1.0
719.176 -1169.508 160.35 1.0
718.663 -1169.835 160.35 1.0
718.129 -1170.128 160.35 1.0
556.895 -1251.603 160.35 1.0
556.343 -1251.859 160.35 1.0
555.776 -1252.078 160.35 1.0
385.121 -1311.335 160.35 1.0
384.539 -1311.516 160.35 1.0
383.948 -1311.657 160.35 1.0
206.917 -1347.64 160.35 1.0
206.316 -1347.741 160.35 1.0
205.712 -1347.802 160.35 1.0
25.464 -1359.868 160.35 1.0
24.877 -1359.889 160.35 1.0
24.248 -1359.868 160.35 1.0
10.776 -1358.966 160.35 1.0
10.776 -1457.476 160.35 1.0
24.856 -1458.38 160.35 1.0
211.547 -1446.394 160.35 1.0
395.172 -1410.633 160.35 1.0
572.716 -1351.685 160.35 1.0
741.265 -1270.516 160.35 1.0
898.05 -1168.46 160.35 1.0
1040.497 -1047.193 160.35 1.0
1166.268 -908.705 160.35 1.0
1273.296 -755.272 160.35 1.0
1359.826 -589.412 160.35 1.0
1424.466 -413.762 160.35 1.0
1424.704 -413.068 160.35 1.0
1431.125 -392.719 160.35 1.0
1330.855 -392.714 160.35 1.0
1330.855 -392.714 180.35 0.0
1325.209 -387.622 180.35 0.0
1291.906 -486.471 180.35 1.0
1291.663 -487.045 180.35 1.0
1215.838 -650.443 180.35 1.0
1215.564 -650.986 180.35 1.0
1215.254 -651.509 180.35 1.0
1118.311 -803.368 180.35 1.0
1117.967 -803.87 180.35 1.0
1117.59 -804.347 180.35 1.0
1001.271 -941.929 180.35 1.0
1000.863 -942.381 180.35 1.0
1000.425 -942.804 180.35 1.0
866.807 -1063.654 180.35 1.0
866.342 -1064.047 180.35 1.0
865.852 -1064.408 180.35 1.0
717.318 -1166.371 180.35 1.0
716.805 -1166.699 180.35 1.0
716.272 -1166.991 180.35 1.0
555.472 -1248.247 180.35 1.0
554.92 -1248.503 180.35 1.0
554.352 -1248.722 180.35 1.0
384.157 -1307.82 180.35 1.0
383.576 -1308.0 180.35 1.0
382.985 -1308.141 180.35 1.0
206.431 -1344.027 180.35 1.0
205.831 -1344.128 180.35 1.0
205.226 -1344.189 180.35 1.0
25.465 -1356.223 180.35 1.0
24.877 -1356.243 180.35 1.0
24.248 -1356.223 180.35 1.0
10.791 -1355.322 180.35 1.0
10.791 -1453.571 180.35 1.0
24.856 -1454.474 180.35 1.0
211.047 -1442.52 180.35 1.0
394.181 -1406.855 180.35 1.0
571.25 -1348.063 180.35 1.0
739.348 -1267.112 180.35 1.0
895.713 -1165.329 180.35 1.0
1037.779 -1044.387 180.35 1.0
1163.213 -906.27 180.35 1.0
1269.956 -753.247 180.35 1.0
1356.254 -587.83 180.35 1.0
1420.694 -412.725 180.35 1.0
1420.981 -411.885 180.35 1.0
1428.621 -387.617 180.35 1.0
1328.209 -387.621 180.35 1.0
1328.209 -387.621 200.35 0.0
1322.555 -382.529 200.35 0.0
1287.855 -484.921 200.35 1.0
1287.616 -485.486 200.35 1.0
1212.035 -648.359 200.35 1.0
1211.761 -648.902 200.35 1.0
1211.451 -649.425 200.35 1.0
1114.819 -800.795 200.35 1.0
1114.475 -801.297 200.35 1.0
1114.098 -801.774 200.35 1.0
998.153 -938.914 200.35 1.0
997.745 -939.366 200.35 1.0
997.308 -939.788 200.35 1.0
864.119 -1060.251 200.35 1.0
863.654 -1060.644 200.35 1.0
863.164 -1061.004 200.35 1.0
715.108 -1162.64 200.35 1.0
714.595 -1162.967 200.35 1.0
714.061 -1163.259 200.35 1.0
553.779 -1244.254 200.35 1.0
553.227 -1244.51 200.35 1.0
552.659 -1244.729 200.35 1.0
383.012 -1303.637 200.35 1.0
382.43 -1303.817 200.35 1.0
381.839 -1303.958 200.35 1.0
205.853 -1339.729 200.35 1.0
205.252 -1339.83 200.35 1.0
204.648 -1339.891 200.35 1.0
25.465 -1351.886 200.35 1.0
24.877 -1351.906 200.35 1.0
24.248 -1351.886 200.35 1.0
10.805 -1350.986 200.35 1.0
10.805 -1449.665 200.35 1.0
24.856 -1450.567 200.35 1.0
210.548 -1438.645 200.35 1.0
393.19 -1403.076 200.35 1.0
569.784 -1344.442 200.35 1.0
737.431 -1263.708 200.35 1.0
893.377 -1162.198 200.35 1.0
1035.062 -1041.58 200.35 1.0
1160.159 -903.834 200.35 1.0
1266.615 -751.222 200.35 1.0
1352.681 -586.249 200.35 1.0
1417.101 -411.2 200.35 1.0
1417.258 -410.7 200.35 1.0
1426.108 -382.515 200.35 1.0
1325.555 -382.529 200.35 1.0
1325.555 -382.529 220.35 0.0
1319.935 -377.274 220.35 0.0
1283.805 -483.371 220.35 1.0
1283.569 -483.927 220.35 1.0
1208.232 -646.274 220.35 1.0
1207.957 -646.817 220.35 1.0
1207.647 -647.341 220.35 1.0
1111.328 -798.222 220.35 1.0
1110.983 -798.724 220.35 1.0
1110.606 -799.202 220.35 1.0
995.036 -935.899 220.35 1.0
994.627 -936.351 220.35 1.0
994.19 -936.773 220.35 1.0
861.431 -1056.847 220.35 1.0
860.966 -1057.24 220.35 1.0
860.477 -1057.601 220.35 1.0
712.897 -1158.908 220.35 1.0
712.384 -1159.236 220.35 1.0
711.851 -1159.528 220.35 1.0
552.086 -1240.261 220.35 1.0
551.534 -1240.517 220.35 1.0
550.966 -1240.736 220.35 1.0
381.866 -1299.454 220.35 1.0
381.284 -1299.634 220.35 1.0
380.693 -1299.775 220.35 1.0
205.275 -1335.43 220.35 1.0
204.674 -1335.532 220.35 1.0
204.07 -1335.592 220.35 1.0
25.464 -1347.549 220.35 1.0
24.877 -1347.569 220.35 1.0
24.248 -1347.549 220.35 1.0
10.819 -1346.65 220.35 1.0
10.819 -1445.759 220.35 1.0
24.856 -1446.661 220.35 1.0
210.048 -1434.771 220.35 1.0
392.199 -1399.297 220.35 1.0
568.318 -1340.821 220.35 1.0
735.514 -1260.304 220.35 1.0
891.04 -1159.068 220.35 1.0
1032.344 -1038.774 220.35 1.0
1157.105 -901.398 220.35 1.0
1263.274 -749.196 220.35 1.0
1349.109 -584.668 220.35 1.0
1413.355 -410.092 220.35 1.0
1413.537 -409.511 220.35 1.0
1423.635 -377.275 220.35 1.0
1322.935 -377.274 220.35 1.0
1322.935 -377.274 240.35 0.0
1317.777 -368.539 240.35 0.0
1307.009 -401.659 240.35 1.0
1304.674 -408.651 240.35 1.0
1279.757 -481.812 240.35 1.0
1279.521 -482.368 240.35 1.0
1204.428 -644.19 240.35 1.0
1204.154 -644.733 240.35 1.0
1203.844 -645.256 240.35 1.0
1107.836 -795.65 240.35 1.0
1107.492 -796.152 240.35 1.0
1107.115 -796.629 240.35 1.0
991.918 -932.884 240.35 1.0
991.51 -933.336 240.35 1.0
991.073 -933.758 240.35 1.0
858.743 -1053.443 240.35 1.0
858.278 -1053.836 240.35 1.0
857.789 -1054.197 240.35 1.0
710.687 -1155.176 240.35 1.0
710.174 -1155.504 240.35 1.0
709.641 -1155.796 240.35 1.0
550.393 -1236.268 240.35 1.0
549.84 -1236.524 240.35 1.0
549.273 -1236.743 240.35 1.0
380.72 -1295.271 240.35 1.0
380.138 -1295.451 240.35 1.0
379.547 -1295.592 240.35 1.0
204.697 -1331.132 240.35 1.0
204.096 -1331.233 240.35 1.0
203.492 -1331.294 240.35 1.0
25.465 -1343.212 240.35 1.0
24.877 -1343.232 240.35 1.0
24.248 -1343.212 240.35 1.0
10.834 -1342.314 240.35 1.0
10.834 -1441.854 240.35 1.0
24.856 -1442.754 240.35 1.0
209.549 -1430.896 240.35 1.0
391.208 -1395.518 240.35 1.0
566.852 -1337.2 240.35 1.0
733.597 -1256.9 240.35 1.0
888.704 -1155.937 240.35 1.0
1029.626 -1035.968 240.35 1.0
1154.051 -898.963 240.35 1.0
1259.934 -747.171 240.35 1.0
1345.537 -583.086 240.35 1.0
1409.61 -408.98 240.35 1.0
1419.812 -376.407 240.35 1.0
1420.666 -373.438 240.35 1.0
1421.996 -368.531 240.35 1.0
1320.777 -368.539 240.35 1.0
1320.777 -368.539 260.35 0.0
1315.555 -359.519 260.35 0.0
1289.095 -440.897 260.35 1.0
1287.947 -444.334 260.35 1.0
1275.71 -480.253 260.35 1.0
1275.474 -480.81 260.35 1.0
1200.625 -642.106 260.35 1.0
1200.35 -642.649 260.35 1.0
1200.04 -643.172 260.35 1.0
1104.344 -793.077 260.35 1.0
1104.0 -793.579 260.35 1.0
1103.623 -794.056 260.35 1.0
988.801 -929.869 260.35 1.0
988.392 -930.32 260.35 1.0
987.955 -930.743 260.35 1.0
856.055 -1050.04 260.35 1.0
855.59 -1050.433 260.35 1.0
855.101 -1050.793 260.35 1.0
708.477 -1151.445 260.35 1.0
707.964 -1151.772 260.35 1.0
707.431 -1152.065 260.35 1.0
548.7 -1232.275 260.35 1.0
548.147 -1232.531 260.35 1.0
547.58 -1232.75 260.35 1.0
379.574 -1291.088 260.35 1.0
378.992 -1291.268 260.35 1.0
378.401 -1291.409 260.35 1.0
204.119 -1326.834 260.35 1.0
203.518 -1326.935 260.35 1.0
202.913 -1326.996 260.35 1.0
25.465 -1338.874 260.35 1.0
24.877 -1338.895 260.35 1.0
24.248 -1338.874 260.35 1.0
10.848 -1337.977 260.35 1.0
10.848 -1437.948 260.35 1.0
24.856 -1438.847 260.35 1.0
209.049 -1427.022 260.35 1.0
390.217 -1391.739 260.35 1.0
565.386 -1333.579 260.35 1.0
731.68 -1253.496 260.35 1.0
886.367 -1152.806 260.35 1.0
1026.908 -1033.161 260.35 1.0
1150.996 -896.527 260.35 1.0
1256.593 -745.146 260.35 1.0
1341.965 -581.505 260.35 1.0
1405.865 -407.869 260.35 1.0
1411.856 -388.741 260.35 1.0
1412.376 -386.922 260.35 1.0
1419.807 -359.499 260.35 1.0
1318.555 -359.518 260.35 1.0
1318.555 -359.518 280.35 0.0
1313.426 -349.657 280.35 0.0
1272.75 -475.171 280.35 1.0
1271.786 -478.234 280.35 1.0
1271.607 -478.729 280.35 1.0
1271.399 -479.213 280.35 1.0
1196.786 -640.002 280.35 1.0
1196.511 -640.545 280.35 1.0
1196.201 -641.068 280.35 1.0
1100.82 -790.48 280.35 1.0
1100.475 -790.982 280.35 1.0
1100.098 -791.459 280.35 1.0
985.654 -926.825 280.35 1.0
985.245 -927.277 280.35 1.0
984.808 -927.7 280.35 1.0
853.342 -1046.604 280.35 1.0
852.877 -1046.997 280.35 1.0
852.387 -1047.357 280.35 1.0
706.246 -1147.678 280.35 1.0
705.733 -1148.006 280.35 1.0
705.199 -1148.298 280.35 1.0
546.99 -1228.245 280.35 1.0
546.438 -1228.501 280.35 1.0
545.871 -1228.719 280.35 1.0
378.417 -1286.865 280.35 1.0
377.836 -1287.046 280.35 1.0
377.244 -1287.187 280.35 1.0
203.535 -1322.495 280.35 1.0
202.935 -1322.596 280.35 1.0
202.33 -1322.657 280.35 1.0
25.464 -1334.496 280.35 1.0
24.877 -1334.517 280.35 1.0
24.248 -1334.496 280.35 1.0
10.862 -1333.6 280.35 1.0
10.862 -1434.042 280.35 1.0
24.856 -1434.941 280.35 1.0
208.549 -1423.147 280.35 1.0
389.226 -1387.961 280.35 1.0
563.92 -1329.958 280.35 1.0
729.763 -1250.093 280.35 1.0
884.031 -1149.675 280.35 1.0
1024.191 -1030.355 280.35 1.0
1147.942 -894.091 280.35 1.0
1253.252 -743.121 280.35 1.0
1338.393 -579.924 280.35 1.0
1402.118 -406.76 280.35 1.0
1404.006 -400.703 280.35 1.0
1415.693 -357.571 280.35 1.0
1417.767 -349.689 280.35 1.0
1316.426 -349.658 280.35 1.0
1316.426 -349.658 300.35 0.0
1311.643 -336.361 300.35 0.0
1287.166 -411.888 300.35 1.0
1266.957 -476.233 300.35 1.0
1266.737 -476.854 300.35 1.0
1266.53 -477.337 300.35 1.0
1192.209 -637.494 300.35 1.0
1191.935 -638.037 300.35 1.0
1191.625 -638.56 300.35 1.0
1096.619 -787.385 300.35 1.0
1096.274 -787.887 300.35 1.0
1095.897 -788.364 300.35 1.0
981.903 -923.198 300.35 1.0
981.494 -923.649 300.35 1.0
981.057 -924.072 300.35 1.0
850.108 -1042.508 300.35 1.0
849.643 -1042.901 300.35 1.0
849.153 -1043.262 300.35 1.0
703.586 -1143.188 300.35 1.0
703.073 -1143.516 300.35 1.0
702.54 -1143.808 300.35 1.0
544.953 -1223.44 300.35 1.0
544.401 -1223.697 300.35 1.0
543.834 -1223.915 300.35 1.0
377.039 -1281.832 300.35 1.0
376.457 -1282.013 300.35 1.0
375.866 -1282.154 300.35 1.0
202.84 -1317.323 300.35 1.0
202.239 -1317.424 300.35 1.0
201.634 -1317.485 300.35 1.0
25.465 -1329.278 300.35 1.0
24.877 -1329.298 300.35 1.0
24.248 -1329.278 300.35 1.0
10.877 -1328.383 300.35 1.0
10.877 -1429.363 300.35 1.0
24.856 -1430.261 300.35 1.0
207.951 -1418.506 300.35 1.0
388.039 -1383.434 300.35 1.0
562.164 -1325.62 300.35 1.0
727.466 -1246.015 300.35 1.0
881.231 -1145.925 300.35 1.0
1020.935 -1026.993 300.35 1.0
1144.283 -891.173 300.35 1.0
1249.25 -740.695 300.35 1.0
1334.113 -578.029 300.35 1.0
1397.542 -405.673 300.35 1.0
1413.66 -344.41 300.35 1.0
1415.843 -336.366 300.35 1.0
1314.643 -336.361 300.35 1.0
1314.643 -336.361 320.35 0.0
1309.861 -323.065 320.35 0.0
1301.583 -348.606 320.35 1.0
1262.087 -474.358 320.35 1.0
1261.868 -474.978 320.35 1.0
1261.66 -475.462 320.35 1.0
1187.633 -634.986 320.35 1.0
1187.359 -635.529 320.35 1.0
1187.049 -636.052 320.35 1.0
1092.418 -784.289 320.35 1.0
1092.073 -784.791 320.35 1.0
1091.696 -785.268 320.35 1.0
978.151 -919.57 320.35 1.0
977.743 -920.021 320.35 1.0
977.306 -920.444 320.35 1.0
846.874 -1038.413 320.35 1.0
846.409 -1038.806 320.35 1.0
845.919 -1039.167 320.35 1.0
700.927 -1138.698 320.35 1.0
700.414 -1139.026 320.35 1.0
699.881 -1139.318 320.35 1.0
542.916 -1218.636 320.35 1.0
542.364 -1218.892 320.35 1.0
541.796 -1219.111 320.35 1.0
375.66 -1276.799 320.35 1.0
375.078 -1276.98 320.35 1.0
374.487 -1277.121 320.35 1.0
202.144 -1312.151 320.35 1.0
201.544 -1312.252 320.35 1.0
200.939 -1312.313 320.35 1.0
25.465 -1324.06 320.35 1.0
24.877 -1324.08 320.35 1.0
24.248 -1324.06 320.35 1.0
10.891 -1323.166 320.35 1.0
10.891 -1424.046 320.35 1.0
24.856 -1424.943 320.35 1.0
207.271 -1413.231 320.35 1.0
386.69 -1378.289 320.35 1.0
560.168 -1320.691 320.35 1.0
724.856 -1241.381 320.35 1.0
878.051 -1141.663 320.35 1.0
1017.235 -1023.173 320.35 1.0
1140.125 -887.858 320.35 1.0
1244.703 -737.938 320.35 1.0
1329.25 -575.877 320.35 1.0
1392.444 -404.16 320.35 1.0
1406.726 -349.872 320.35 1.0
1414.009 -323.043 320.35 1.0
1312.861 -323.065 320.35 1.0
1312.861 -323.065 340.35 0.0
1308.575 -308.744 340.35 0.0
1257.219 -472.479 340.35 1.0
1256.999 -473.101 340.35 1.0
1256.79 -473.586 340.35 1.0
1183.057 -632.478 340.35 1.0
1182.782 -633.021 340.35 1.0
1182.472 -633.544 340.35 1.0
1088.216 -781.194 340.35 1.0
1087.872 -781.696 340.35 1.0
1087.495 -782.173 340.35 1.0
974.4 -915.942 340.35 1.0
973.992 -916.393 340.35 1.0
973.555 -916.816 340.35 1.0
843.64 -1034.318 340.35 1.0
843.175 -1034.711 340.35 1.0
842.685 -1035.071 340.35 1.0
698.268 -1134.208 340.35 1.0
697.755 -1134.536 340.35 1.0
697.221 -1134.828 340.35 1.0
540.879 -1213.832 340.35 1.0
540.327 -1214.088 340.35 1.0
539.759 -1214.306 340.35 1.0
374.281 -1271.766 340.35 1.0
373.7 -1271.947 340.35 1.0
373.108 -1272.088 340.35 1.0
201.449 -1306.979 340.35 1.0
200.848 -1307.08 340.35 1.0
200.243 -1307.141 340.35 1.0
25.464 -1318.841 340.35 1.0
24.877 -1318.862 340.35 1.0
24.248 -1318.841 340.35 1.0
10.905 -1317.948 340.35 1.0
10.905 -1418.729 340.35 1.0
24.856 -1419.625 340.35 1.0
206.591 -1407.957 340.35 1.0
385.341 -1373.145 340.35 1.0
558.173 -1315.762 340.35 1.0
722.247 -1236.748 340.35 1.0
874.87 -1137.401 340.35 1.0
1013.536 -1019.353 340.35 1.0
1135.967 -884.542 340.35 1.0
1240.155 -735.181 340.35 1.0
1324.387 -573.724 340.35 1.0
1387.345 -402.647 340.35 1.0
1399.793 -355.334 340.35 1.0
1412.44 -308.744 340.35 1.0
1311.575 -308.744 340.35 1.0
1307.724 -289.484 360.35 0.0
1305.318 -300.243 360.35 1.0
1304.424 -303.846 360.35 1.0
1304.279 -304.361 360.35 1.0
1252.352 -470.593 360.35 1.0
1252.155 -471.159 360.35 1.0
1251.921 -471.711 360.35 1.0
1178.481 -629.97 360.35 1.0
1178.206 -630.513 360.35 1.0
1177.896 -631.037 360.35 1.0
1084.015 -778.099 360.35 1.0
1083.671 -778.6 360.35 1.0
1083.294 -779.078 360.35 1.0
970.649 -912.314 360.35 1.0
970.241 -912.766 360.35 1.0
969.804 -913.188 360.35 1.0
840.406 -1030.222 360.35 1.0
839.941 -1030.615 360.35 1.0
839.451 -1030.976 360.35 1.0
695.608 -1129.718 360.35 1.0
695.095 -1130.046 360.35 1.0
694.562 -1130.338 360.35 1.0
538.842 -1209.027 360.35 1.0
538.289 -1209.284 360.35 1.0
537.722 -1209.502 360.35 1.0
372.903 -1266.733 360.35 1.0
372.321 -1266.914 360.35 1.0
371.73 -1267.055 360.35 1.0
200.753 -1301.807 360.35 1.0
200.153 -1301.909 360.35 1.0
199.548 -1301.969 360.35 1.0
25.464 -1313.623 360.35 1.0
24.877 -1313.643 360.35 1.0
24.248 -1313.623 360.35 1.0
10.92 -1312.731 360.35 1.0
10.92 -1413.412 360.35 1.0
24.856 -1414.307 360.35 1.0
205.911 -1402.683 360.35 1.0
383.992 -1368.001 360.35 1.0
556.177 -1310.832 360.35 1.0
719.637 -1232.114 360.35 1.0
871.689 -1133.139 360.35 1.0
1009.836 -1015.533 360.35 1.0
1131.81 -881.226 360.35 1.0
1235.607 -732.425 360.35 1.0
1319.525 -571.571 360.35 1.0
1382.247 -401.134 360.35 1.0
1392.878 -360.728 360.35 1.0
1404.783 -316.871 360.35 1.0
1406.855 -308.603 360.35 1.0
1411.342 -289.464 360.35 1.0
1310.724 -289.483 360.35 1.0
1310.724 -289.483 380.35 0.0
1306.496 -269.965 380.35 0.0
1299.602 -300.794 380.35 1.0
1299.054 -302.945 380.35 1.0
1247.486 -468.707 380.35 1.0
1247.287 -469.279 380.35 1.0
1247.051 -469.835 380.35 1.0
1173.904 -627.462 380.35 1.0
1173.63 -628.005 380.35 1.0
1173.32 -628.529 380.35 1.0
1079.814 -775.003 380.35 1.0
1079.47 -775.505 380.35 1.0
1079.093 -775.982 380.35 1.0
966.898 -908.686 380.35 1.0
966.49 -909.138 380.35 1.0
966.053 -909.561 380.35 1.0
837.171 -1026.127 380.35 1.0
836.707 -1026.52 380.35 1.0
836.217 -1026.881 380.35 1.0
692.949 -1125.229 380.35 1.0
692.436 -1125.556 380.35 1.0
691.903 -1125.848 380.35 1.0
536.804 -1204.223 380.35 1.0
536.252 -1204.479 380.35 1.0
535.685 -1204.698 380.35 1.0
371.524 -1261.7 380.35 1.0
370.942 -1261.881 380.35 1.0
370.351 -1262.022 380.35 1.0
200.058 -1296.636 380.35 1.0
199.457 -1296.737 380.35 1.0
198.852 -1296.798 380.35 1.0
25.464 -1308.405 380.35 1.0
24.877 -1308.425 380.35 1.0
24.248 -1308.405 380.35 1.0
10.934 -1307.513 380.35 1.0
10.934 -1408.095 380.35 1.0
24.856 -1408.989 380.35 1.0
205.231 -1397.408 380.35 1.0
382.643 -1362.857 380.35 1.0
554.181 -1305.903 380.35 1.0
717.028 -1227.48 380.35 1.0
868.508 -1128.877 380.35 1.0
1006.136 -1011.713 380.35 1.0
1127.652 -877.91 380.35 1.0
1231.06 -729.668 380.35 1.0
1314.662 -569.419 380.35 1.0
1377.149 -399.62 380.35 1.0
1385.945 -366.191 380.35 1.0
1395.812 -329.839 380.35 1.0
1397.575 -322.789 380.35 1.0
1409.946 -270.022 380.35 1.0
1309.496 -269.966 380.35 1.0
1309.496 -269.966 400.35 0.0
1305.734 -243.478 400.35 0.0
1304.648 -248.711 400.35 1.0
1293.865 -300.646 400.35 1.0
1293.646 -301.492 400.35 1.0
1242.389 -466.732 400.35 1.0
1242.189 -467.307 400.35 1.0
1241.951 -467.867 400.35 1.0
1169.11 -624.835 400.35 1.0
1168.836 -625.378 400.35 1.0
1168.526 -625.902 400.35 1.0
1075.413 -771.761 400.35 1.0
1075.069 -772.262 400.35 1.0
1074.692 -772.74 400.35 1.0
962.969 -904.886 400.35 1.0
962.56 -905.338 400.35 1.0
962.123 -905.76 400.35 1.0
833.784 -1021.837 400.35 1.0
833.319 -1022.23 400.35 1.0
832.829 -1022.591 400.35 1.0
690.163 -1120.525 400.35 1.0
689.65 -1120.853 400.35 1.0
689.117 -1121.145 400.35 1.0
534.67 -1199.19 400.35 1.0
534.118 -1199.447 400.35 1.0
533.551 -1199.665 400.35 1.0
370.08 -1256.428 400.35 1.0
369.498 -1256.609 400.35 1.0
368.907 -1256.75 400.35 1.0
199.329 -1291.218 400.35 1.0
198.728 -1291.319 400.35 1.0
198.124 -1291.38 400.35 1.0
25.464 -1302.938 400.35 1.0
24.877 -1302.959 400.35 1.0
24.248 -1302.938 400.35 1.0
10.948 -1302.048 400.35 1.0
10.948 -1402.778 400.35 1.0
24.856 -1403.671 400.35 1.0
204.551 -1392.134 400.35 1.0
381.295 -1357.713 400.35 1.0
552.186 -1300.974 400.35 1.0
714.418 -1222.847 400.35 1.0
865.328 -1124.615 400.35 1.0
1002.437 -1007.892 400.35 1.0
1123.494 -874.595 400.35 1.0
1226.512 -726.911 400.35 1.0
1309.799 -567.266 400.35 1.0
1372.051 -398.107 400.35 1.0
1379.011 -371.653 400.35 1.0
1386.841 -342.807 400.35 1.0
1388.171 -337.505 400.35 1.0
1400.474 -285.027 400.35 1.0
1408.709 -248.92 400.35 1.0
1408.735 -248.771 400.35 1.0
1409.659 -243.456 400.35 1.0
1308.734 -243.477 400.35 1.0
1308.734 -243.477 420.35 0.0
1304.893 -216.991 420.35 0.0
1303.819 -222.224 420.35 1.0
1287.932 -299.605 420.35 1.0
1287.794 -300.098 420.35 1.0
1236.775 -464.57 420.35 1.0
1236.575 -465.145 420.35 1.0
1236.337 -465.705 420.35 1.0
1163.835 -621.944 420.35 1.0
1163.56 -622.487 420.35 1.0
1163.25 -623.01 420.35 1.0
1070.57 -768.192 420.35 1.0
1070.225 -768.694 420.35 1.0
1069.849 -769.171 420.35 1.0
958.644 -900.704 420.35 1.0
958.236 -901.155 420.35 1.0
957.799 -901.578 420.35 1.0
830.055 -1017.115 420.35 1.0
829.59 -1017.509 420.35 1.0
829.101 -1017.869 420.35 1.0
687.097 -1115.349 420.35 1.0
686.584 -1115.677 420.35 1.0
686.051 -1115.969 420.35 1.0
532.322 -1193.652 420.35 1.0
531.77 -1193.908 420.35 1.0
531.202 -1194.126 420.35 1.0
368.49 -1250.626 420.35 1.0
367.909 -1250.806 420.35 1.0
367.318 -1250.947 420.35 1.0
198.454 -1285.27 420.35 1.0
197.927 -1285.357 420.35 1.0
197.322 -1285.418 420.35 1.0
25.464 -1296.922 420.35 1.0
24.877 -1296.943 420.35 1.0
24.248 -1296.922 420.35 1.0
10.963 -1296.033 420.35 1.0
10.963 -1397.461 420.35 1.0
24.856 -1398.353 420.35 1.0
203.871 -1386.86 420.35 1.0
379.946 -1352.569 420.35 1.0
550.19 -1296.044 420.35 1.0
711.808 -1218.213 420.35 1.0
862.147 -1120.353 420.35 1.0
998.737 -1004.072 420.35 1.0
1119.336 -871.279 420.35 1.0
1221.964 -724.154 420.35 1.0
1304.936 -565.113 420.35 1.0
1366.953 -396.594 420.35 1.0
1372.078 -377.115 420.35 1.0
1377.871 -355.776 420.35 1.0
1378.843 -351.898 420.35 1.0
1387.948 -313.06 420.35 1.0
1404.336 -241.26 420.35 1.0
1404.427 -240.737 420.35 1.0
1407.652 -222.196 420.35 1.0
1408.574 -216.893 420.35 1.0
1307.893 -216.988 420.35 1.0
1307.893 -216.988 440.35 0.0
10.977 -1290.018 440.35 0.0
10.977 -1392.144 440.35 1.0
24.856 -1393.035 440.35 1.0
203.191 -1381.585 440.35 1.0
378.597 -1347.425 440.35 1.0
548.194 -1291.115 440.35 1.0
709.199 -1213.579 440.35 1.0
858.966 -1116.091 440.35 1.0
995.038 -1000.252 440.35 1.0
1115.179 -867.963 440.35 1.0
1217.417 -721.397 440.35 1.0
1300.073 -562.961 440.35 1.0
1361.855 -395.081 440.35 1.0
1365.144 -382.578 440.35 1.0
1368.9 -368.744 440.35 1.0
1369.515 -366.291 440.35 1.0
1375.422 -341.093 440.35 1.0
1399.984 -233.48 440.35 1.0
1404.27 -208.839 440.35 1.0
1405.769 -198.79 440.35 1.0
1406.183 -195.643 440.35 1.0
1408.338 -179.245 440.35 1.0
1304.788 -179.303 440.35 1.0
1302.142 -195.746 440.35 1.0
1300.12 -208.305 440.35 1.0
1297.207 -224.537 440.35 1.0
1282.08 -298.21 440.35 1.0
1281.942 -298.703 440.35 1.0
1231.161 -462.408 440.35 1.0
1230.961 -462.983 440.35 1.0
1230.724 -463.543 440.35 1.0
1158.559 -619.053 440.35 1.0
1158.285 -619.596 440.35 1.0
1157.975 -620.119 440.35 1.0
1065.727 -764.623 440.35 1.0
1065.382 -765.125 440.35 1.0
1065.005 -765.603 440.35 1.0
954.32 -896.522 440.35 1.0
953.912 -896.973 440.35 1.0
953.474 -897.396 440.35 1.0
826.327 -1012.394 440.35 1.0
825.862 -1012.787 440.35 1.0
825.372 -1013.148 440.35 1.0
684.032 -1110.173 440.35 1.0
683.518 -1110.501 440.35 1.0
682.985 -1110.793 440.35 1.0
529.973 -1188.113 440.35 1.0
529.421 -1188.369 440.35 1.0
528.854 -1188.588 440.35 1.0
366.901 -1244.824 440.35 1.0
366.319 -1245.004 440.35 1.0
365.728 -1245.145 440.35 1.0
197.652 -1279.308 440.35 1.0
197.125 -1279.395 440.35 1.0
196.52 -1279.455 440.35 1.0
25.464 -1290.906 440.35 1.0
24.877 -1290.927 440.35 1.0
24.248 -1290.906 440.35 1.0
13.97 -1290.218 440.35 1.0
13.97 -1290.218 460.35 0.0
10.991 -1284.003 460.35 0.0
10.991 -1386.827 460.35 1.0
24.856 -1387.717 460.35 1.0
202.511 -1376.311 460.35 1.0
377.248 -1342.281 460.35 1.0
546.199 -1286.186 460.35 1.0
706.589 -1208.946 460.35 1.0
855.785 -1111.829 460.35 1.0
991.338 -996.432 460.35 1.0
1111.021 -864.648 460.35 1.0
1212.869 -718.641 460.35 1.0
1295.21 -560.808 460.35 1.0
1356.757 -393.568 460.35 1.0
1358.211 -388.04 460.35 1.0
1359.929 -381.713 460.35 1.0
1360.187 -380.683 460.35 1.0
1362.896 -369.126 460.35 1.0
1395.632 -225.7 460.35 1.0
1397.569 -214.563 460.35 1.0
1398.233 -210.123 460.35 1.0
1402.938 -174.245 460.35 1.0
1404.691 -157.989 460.35 1.0
1408.009 -127.233 460.35 1.0
1305.102 -127.266 460.35 1.0
1303.249 -146.791 460.35 1.0
1303.163 -147.445 460.35 1.0
1301.373 -158.053 460.35 1.0
1299.016 -172.027 460.35 1.0
1289.916 -228.584 460.35 1.0
1287.719 -240.843 460.35 1.0
1276.228 -296.816 460.35 1.0
1276.09 -297.308 460.35 1.0
1225.547 -460.246 460.35 1.0
1225.347 -460.821 460.35 1.0
1225.11 -461.381 460.35 1.0
1153.283 -616.162 460.35 1.0
1153.009 -616.705 460.35 1.0
1152.699 -617.228 460.35 1.0
1060.883 -761.055 460.35 1.0
1060.539 -761.557 460.35 1.0
1060.162 -762.034 460.35 1.0
949.995 -892.339 460.35 1.0
949.587 -892.791 460.35 1.0
949.15 -893.214 460.35 1.0
822.598 -1007.673 460.35 1.0
822.134 -1008.066 460.35 1.0
821.644 -1008.427 460.35 1.0
680.966 -1104.997 460.35 1.0
680.453 -1105.324 460.35 1.0
679.919 -1105.617 460.35 1.0
527.625 -1182.574 460.35 1.0
527.072 -1182.831 460.35 1.0
526.505 -1183.049 460.35 1.0
365.312 -1239.022 460.35 1.0
364.73 -1239.202 460.35 1.0
364.139 -1239.343 460.35 1.0
196.85 -1273.346 460.35 1.0
196.323 -1273.432 460.35 1.0
195.718 -1273.493 460.35 1.0
25.464 -1284.89 460.35 1.0
24.877 -1284.911 460.35 1.0
24.248 -1284.89 460.35 1.0
13.985 -1284.203 460.35 1.0
13.985 -1284.203 480.35 0.0
11.006 -1277.988 480.35 0.0
11.006 -1381.321 480.35 1.0
24.856 -1382.211 480.35 1.0
201.806 -1370.85 480.35 1.0
375.851 -1336.955 480.35 1.0
544.132 -1281.082 480.35 1.0
703.887 -1204.148 480.35 1.0
852.492 -1107.417 480.35 1.0
987.507 -992.476 480.35 1.0
1106.716 -861.214 480.35 1.0
1208.16 -715.786 480.35 1.0
1290.175 -558.579 480.35 1.0
1351.414 -392.175 480.35 1.0
1390.87 -219.307 480.35 1.0
1401.805 -105.948 480.35 1.0
1407.928 -42.478 480.35 1.0
1408.497 -21.411 480.35 1.0
1408.409 -11.228 480.35 1.0
1305.542 -11.228 480.35 1.0
1305.617 -20.909 480.35 1.0
1305.466 -25.659 480.35 1.0
1303.419 -74.285 480.35 1.0
1302.131 -93.972 480.35 1.0
1300.992 -106.008 480.35 1.0
1297.779 -139.846 480.35 1.0
1297.693 -140.5 480.35 1.0
1285.831 -210.825 480.35 1.0
1279.657 -249.185 480.35 1.0
1278.146 -257.596 480.35 1.0
1270.376 -295.421 480.35 1.0
1270.238 -295.914 480.35 1.0
1219.933 -458.083 480.35 1.0
1219.733 -458.658 480.35 1.0
1219.496 -459.218 480.35 1.0
1148.008 -613.271 480.35 1.0
1147.733 -613.814 480.35 1.0
1147.423 -614.337 480.35 1.0
1056.04 -757.486 480.35 1.0
1055.696 -757.988 480.35 1.0
1055.319 -758.465 480.35 1.0
945.671 -888.157 480.35 1.0
945.263 -888.609 480.35 1.0
944.826 -889.031 480.35 1.0
818.87 -1002.951 480.35 1.0
818.405 -1003.345 480.35 1.0
817.916 -1003.705 480.35 1.0
677.9 -1099.821 480.35 1.0
677.387 -1100.148 480.35 1.0
676.853 -1100.44 480.35 1.0
525.276 -1177.036 480.35 1.0
524.724 -1177.292 480.35 1.0
524.156 -1177.511 480.35 1.0
363.722 -1233.219 480.35 1.0
363.141 -1233.4 480.35 1.0
362.549 -1233.541 480.35 1.0
196.048 -1267.383 480.35 1.0
195.521 -1267.47 480.35 1.0
194.916 -1267.531 480.35 1.0
25.464 -1278.874 480.35 1.0
24.877 -1278.895 480.35 1.0
24.248 -1278.874 480.35 1.0
13.999 -1278.188 480.35 1.0
13.999 -1278.188 500.35 0.0
11.02 -1271.973 500.35 0.0
11.02 -1374.697 500.35 1.0
24.856 -1375.585 500.35 1.0
200.959 -1364.279 500.35 1.0
374.171 -1330.546 500.35 1.0
541.646 -1274.94 500.35 1.0
700.636 -1198.375 500.35 1.0
848.529 -1102.107 500.35 1.0
982.898 -987.717 500.35 1.0
1101.536 -857.084 500.35 1.0
1202.495 -712.352 500.35 1.0
1284.117 -555.897 500.35 1.0
1345.062 -390.29 500.35 1.0
1384.329 -218.249 500.35 1.0
1401.306 -42.266 500.35 1.0
1401.821 -23.16 500.35 1.0
1401.717 -11.243 500.35 1.0
1298.401 -11.243 500.35 1.0
1296.329 -73.193 500.35 1.0
1295.263 -98.519 500.35 1.0
1294.565 -109.145 500.35 1.0
1292.296 -133.033 500.35 1.0
1292.224 -133.555 500.35 1.0
1272.646 -249.622 500.35 1.0
1269.453 -269.465 500.35 1.0
1268.659 -273.902 500.35 1.0
1264.609 -293.652 500.35 1.0
1264.386 -294.519 500.35 1.0
1214.319 -455.921 500.35 1.0
1214.119 -456.496 500.35 1.0
1213.882 -457.056 500.35 1.0
1142.732 -610.379 500.35 1.0
1142.457 -610.923 500.35 1.0
1142.147 -611.446 500.35 1.0
1051.197 -753.918 500.35 1.0
1050.852 -754.42 500.35 1.0
1050.475 -754.897 500.35 1.0
941.347 -883.975 500.35 1.0
940.938 -884.426 500.35 1.0
940.501 -884.849 500.35 1.0
815.142 -998.23 500.35 1.0
814.677 -998.623 500.35 1.0
814.187 -998.984 500.35 1.0
674.834 -1094.644 500.35 1.0
674.321 -1094.972 500.35 1.0
673.788 -1095.264 500.35 1.0
522.928 -1171.497 500.35 1.0
522.375 -1171.754 500.35 1.0
521.808 -1171.972 500.35 1.0
362.133 -1227.417 500.35 1.0
361.551 -1227.598 500.35 1.0
360.96 -1227.739 500.35 1.0
195.247 -1261.421 500.35 1.0
194.719 -1261.508 500.35 1.0
194.114 -1261.569 500.35 1.0
25.464 -1272.858 500.35 1.0
24.877 -1272.879 500.35 1.0
24.248 -1272.858 500.35 1.0
14.013 -1272.173 500.35 1.0
14.013 -1272.173 520.35 0.0
11.034 -1265.958 520.35 0.0
11.034 -1368.073 520.35 1.0
24.856 -1368.96 520.35 1.0
200.112 -1357.708 520.35 1.0
372.49 -1324.138 520.35 1.0
539.16 -1268.799 520.35 1.0
697.385 -1192.602 520.35 1.0
844.567 -1096.797 520.35 1.0
978.289 -982.958 520.35 1.0
1096.356 -852.953 520.35 1.0
1196.829 -708.917 520.35 1.0
1278.059 -553.216 520.35 1.0
1338.711 -388.405 520.35 1.0
1377.789 -217.192 520.35 1.0
1394.684 -42.053 520.35 1.0
1395.144 -24.909 520.35 1.0
1395.025 -11.257 520.35 1.0
1290.853 -11.257 520.35 1.0
1287.193 -120.726 520.35 1.0
1287.096 -122.966 520.35 1.0
1287.021 -124.053 520.35 1.0
1286.827 -126.088 520.35 1.0
1286.754 -126.61 520.35 1.0
1259.147 -290.328 520.35 1.0
1258.757 -292.257 520.35 1.0
1258.534 -293.124 520.35 1.0
1208.705 -453.759 520.35 1.0
1208.505 -454.334 520.35 1.0
1208.268 -454.894 520.35 1.0
1137.456 -607.488 520.35 1.0
1137.182 -608.031 520.35 1.0
1136.872 -608.555 520.35 1.0
1046.354 -750.349 520.35 1.0
1046.009 -750.851 520.35 1.0
1045.632 -751.328 520.35 1.0
937.022 -879.793 520.35 1.0
936.614 -880.244 520.35 1.0
936.177 -880.667 520.35 1.0
811.413 -993.509 520.35 1.0
810.948 -993.902 520.35 1.0
810.459 -994.263 520.35 1.0
671.768 -1089.468 520.35 1.0
671.255 -1089.796 520.35 1.0
670.722 -1090.088 520.35 1.0
520.579 -1165.959 520.35 1.0
520.027 -1166.215 520.35 1.0
519.459 -1166.433 520.35 1.0
360.544 -1221.615 520.35 1.0
359.962 -1221.795 520.35 1.0
359.371 -1221.936 520.35 1.0
194.445 -1255.459 520.35 1.0
193.917 -1255.545 520.35 1.0
193.312 -1255.606 520.35 1.0
25.464 -1266.842 520.35 1.0
24.877 -1266.863 520.35 1.0
24.248 -1266.842 520.35 1.0
14.028 -1266.158 520.35 1.0
14.028 -1266.158 540.35 0.0
11.049 -1259.132 540.35 0.0
11.049 -1361.448 540.35 1.0
24.856 -1362.335 540.35 1.0
199.265 -1351.137 540.35 1.0
370.809 -1317.729 540.35 1.0
536.674 -1262.658 540.35 1.0
694.134 -1186.83 540.35 1.0
840.604 -1091.488 540.35 1.0
973.68 -978.199 540.35 1.0
1091.176 -848.822 540.35 1.0
1191.164 -705.483 540.35 1.0
1272.001 -550.534 540.35 1.0
1332.359 -386.52 540.35 1.0
1371.249 -216.134 540.35 1.0
1388.063 -41.841 540.35 1.0
1388.467 -26.658 540.35 1.0
1388.334 -11.272 540.35 1.0
1283.91 -11.272 540.35 1.0
1280.137 -124.131 540.35 1.0
1280.096 -124.738 540.35 1.0
1280.015 -125.341 540.35 1.0
1252.186 -290.323 540.35 1.0
1252.065 -290.919 540.35 1.0
1251.904 -291.506 540.35 1.0
1202.334 -451.306 540.35 1.0
1202.135 -451.88 540.35 1.0
1201.897 -452.44 540.35 1.0
1131.47 -604.207 540.35 1.0
1131.195 -604.751 540.35 1.0
1130.885 -605.274 540.35 1.0
1040.858 -746.3 540.35 1.0
1040.513 -746.802 540.35 1.0
1040.136 -747.279 540.35 1.0
932.115 -875.047 540.35 1.0
931.707 -875.498 540.35 1.0
931.27 -875.921 540.35 1.0
807.182 -988.151 540.35 1.0
806.718 -988.544 540.35 1.0
806.228 -988.905 540.35 1.0
668.289 -1083.595 540.35 1.0
667.776 -1083.922 540.35 1.0
667.243 -1084.215 540.35 1.0
517.914 -1159.674 540.35 1.0
517.362 -1159.93 540.35 1.0
516.794 -1160.149 540.35 1.0
358.74 -1215.031 540.35 1.0
358.158 -1215.211 540.35 1.0
357.567 -1215.352 540.35 1.0
193.535 -1248.693 540.35 1.0
193.007 -1248.78 540.35 1.0
192.403 -1248.841 540.35 1.0
25.464 -1260.016 540.35 1.0
24.877 -1260.036 540.35 1.0
24.248 -1260.016 540.35 1.0
14.042 -1259.332 540.35 1.0
14.042 -1259.332 560.35 0.0
1277.022 -11.286 560.35 0.0
1273.273 -123.441 560.35 1.0
1273.232 -124.048 560.35 1.0
1273.151 -124.651 560.35 1.0
1245.475 -288.723 560.35 1.0
1245.354 -289.32 560.35 1.0
1245.193 -289.906 560.35 1.0
1195.896 -448.826 560.35 1.0
1195.696 -449.401 560.35 1.0
1195.459 -449.961 560.35 1.0
1125.419 -600.892 560.35 1.0
1125.145 -601.435 560.35 1.0
1124.835 -601.958 560.35 1.0
1035.303 -742.207 560.35 1.0
1034.959 -742.709 560.35 1.0
1034.582 -743.186 560.35 1.0
927.156 -870.251 560.35 1.0
926.747 -870.702 560.35 1.0
926.31 -871.125 560.35 1.0
802.907 -982.737 560.35 1.0
802.442 -983.13 560.35 1.0
801.952 -983.491 560.35 1.0
664.773 -1077.659 560.35 1.0
664.26 -1077.986 560.35 1.0
663.727 -1078.278 560.35 1.0
515.221 -1153.322 560.35 1.0
514.668 -1153.578 560.35 1.0
514.101 -1153.797 560.35 1.0
356.917 -1208.377 560.35 1.0
356.336 -1208.557 560.35 1.0
355.744 -1208.698 560.35 1.0
192.615 -1241.855 560.35 1.0
192.088 -1241.942 560.35 1.0
191.483 -1242.003 560.35 1.0
25.464 -1253.117 560.35 1.0
24.877 -1253.137 560.35 1.0
24.248 -1253.117 560.35 1.0
11.063 -1252.234 560.35 1.0
11.063 -1354.824 560.35 1.0
24.856 -1355.709 560.35 1.0
198.418 -1344.566 560.35 1.0
369.129 -1311.32 560.35 1.0
534.187 -1256.517 560.35 1.0
690.882 -1181.057 560.35 1.0
836.641 -1086.178 560.35 1.0
969.071 -973.439 560.35 1.0
1085.996 -844.691 560.35 1.0
1185.498 -702.048 560.35 1.0
1265.942 -547.852 560.35 1.0
1326.008 -384.635 560.35 1.0
1364.708 -215.077 560.35 1.0
1381.441 -41.629 560.35 1.0
1381.791 -28.407 560.35 1.0
1381.642 -11.286 560.35 1.0
1280.022 -11.286 560.35 1.0
1280.022 -11.286 580.35 0.0
1270.134 -11.301 580.35 0.0
1266.408 -122.75 580.35 1.0
1266.367 -123.357 580.35 1.0
1266.286 -123.96 580.35 1.0
1238.764 -287.124 580.35 1.0
1238.643 -287.72 580.35 1.0
1238.482 -288.307 580.35 1.0
1189.458 -446.346 580.35 1.0
1189.258 -446.921 580.35 1.0
1189.021 -447.481 580.35 1.0
1119.369 -597.576 580.35 1.0
1119.095 -598.12 580.35 1.0
1118.785 -598.643 580.35 1.0
1029.749 -738.115 580.35 1.0
1029.405 -738.617 580.35 1.0
1029.028 -739.094 580.35 1.0
922.197 -865.454 580.35 1.0
921.788 -865.906 580.35 1.0
921.351 -866.329 580.35 1.0
798.631 -977.322 580.35 1.0
798.166 -977.715 580.35 1.0
797.677 -978.076 580.35 1.0
661.257 -1071.723 580.35 1.0
660.744 -1072.05 580.35 1.0
660.211 -1072.342 580.35 1.0
512.527 -1146.97 580.35 1.0
511.975 -1147.227 580.35 1.0
511.408 -1147.445 580.35 1.0
355.095 -1201.723 580.35 1.0
354.513 -1201.903 580.35 1.0
353.922 -1202.044 580.35 1.0
191.696 -1235.018 580.35 1.0
191.168 -1235.105 580.35 1.0
190.563 -1235.165 580.35 1.0
25.464 -1246.217 580.35 1.0
24.877 -1246.238 580.35 1.0
24.248 -1246.217 580.35 1.0
11.077 -1245.336 580.35 1.0
11.077 -1348.2 580.35 1.0
24.856 -1349.084 580.35 1.0
197.57 -1337.995 580.35 1.0
367.448 -1304.912 580.35 1.0
531.701 -1250.376 580.35 1.0
687.631 -1175.284 580.35 1.0
832.679 -1080.869 580.35 1.0
964.462 -968.68 580.35 1.0
1080.817 -840.56 580.35 1.0
1179.833 -698.614 580.35 1.0
1259.884 -545.17 580.35 1.0
1319.656 -382.75 580.35 1.0
1358.168 -214.02 580.35 1.0
1374.819 -41.416 580.35 1.0
1375.114 -30.156 580.35 1.0
1374.95 -11.301 580.35 1.0
1273.134 -11.301 580.35 1.0
1273.134 -11.301 600.35 0.0
1263.246 -11.315 600.35 0.0
1259.544 -122.06 600.35 1.0
1259.503 -122.667 600.35 1.0
1259.422 -123.27 600.35 1.0
1232.053 -285.525 600.35 1.0
1231.932 -286.121 600.35 1.0
1231.771 -286.708 600.35 1.0
1183.02 -443.867 600.35 1.0
1182.82 -444.442 600.35 1.0
1182.582 -445.002 600.35 1.0
1113.319 -594.261 600.35 1.0
1113.044 -594.804 600.35 1.0
1112.734 -595.327 600.35 1.0
1024.195 -734.022 600.35 1.0
1023.85 -734.524 600.35 1.0
1023.473 -735.002 600.35 1.0
917.237 -860.658 600.35 1.0
916.829 -861.11 600.35 1.0
916.392 -861.532 600.35 1.0
794.355 -971.908 600.35 1.0
793.89 -972.301 600.35 1.0
793.401 -972.662 600.35 1.0
657.741 -1065.787 600.35 1.0
657.228 -1066.114 600.35 1.0
656.695 -1066.406 600.35 1.0
509.834 -1140.619 600.35 1.0
509.282 -1140.875 600.35 1.0
508.714 -1141.093 600.35 1.0
353.272 -1195.069 600.35 1.0
352.69 -1195.249 600.35 1.0
352.099 -1195.39 600.35 1.0
190.776 -1228.18 600.35 1.0
190.249 -1228.267 600.35 1.0
189.644 -1228.328 600.35 1.0
25.464 -1239.318 600.35 1.0
24.877 -1239.339 600.35 1.0
24.248 -1239.318 600.35 1.0
11.092 -1238.438 600.35 1.0
11.092 -1341.575 600.35 1.0
24.856 -1342.459 600.35 1.0
196.723 -1331.425 600.35 1.0
365.768 -1298.503 600.35 1.0
529.215 -1244.235 600.35 1.0
684.38 -1169.511 600.35 1.0
828.716 -1075.559 600.35 1.0
959.853 -963.921 600.35 1.0
1075.637 -836.43 600.35 1.0
1174.167 -695.179 600.35 1.0
1253.826 -542.488 600.35 1.0
1313.305 -380.865 600.35 1.0
1351.627 -212.962 600.35 1.0
1368.197 -41.204 600.35 1.0
1368.437 -31.906 600.35 1.0
1368.259 -11.315 600.35 1.0
1266.246 -11.315 600.35 1.0
1266.246 -11.315 620.35 0.0
1256.358 -11.33 620.35 0.0
1252.679 -121.369 620.35 1.0
1252.638 -121.976 620.35 1.0
1252.557 -122.579 620.35 1.0
1225.342 -283.925 620.35 1.0
1225.22 -284.522 620.35 1.0
1225.06 -285.108 620.35 1.0
1176.581 -441.387 620.35 1.0
1176.382 -441.962 620.35 1.0
1176.144 -442.522 620.35 1.0
1107.269 -590.945 620.35 1.0
1106.994 -591.488 620.35 1.0
1106.684 -592.012 620.35 1.0
1018.64 -729.93 620.35 1.0
1018.296 -730.432 620.35 1.0
1017.919 -730.909 620.35 1.0
912.278 -855.862 620.35 1.0
911.87 -856.313 620.35 1.0
911.433 -856.736 620.35 1.0
790.08 -966.493 620.35 1.0
789.615 -966.887 620.35 1.0
789.125 -967.247 620.35 1.0
654.226 -1059.851 620.35 1.0
653.712 -1060.178 620.35 1.0
653.179 -1060.47 620.35 1.0
507.141 -1134.267 620.35 1.0
506.588 -1134.523 620.35 1.0
506.021 -1134.742 620.35 1.0
351.449 -1188.415 620.35 1.0
350.868 -1188.595 620.35 1.0
350.276 -1188.736 620.35 1.0
189.857 -1221.343 620.35 1.0
189.329 -1221.429 620.35 1.0
188.724 -1221.49 620.35 1.0
25.465 -1232.419 620.35 1.0
24.877 -1232.439 620.35 1.0
24.248 -1232.419 620.35 1.0
11.106 -1231.539 620.35 1.0
11.106 -1334.951 620.35 1.0
24.856 -1335.834 620.35 1.0
195.876 -1324.854 620.35 1.0
364.087 -1292.095 620.35 1.0
526.728 -1238.094 620.35 1.0
681.129 -1163.739 620.35 1.0
824.753 -1070.249 620.35 1.0
955.244 -959.161 620.35 1.0
1070.457 -832.299 620.35 1.0
1168.502 -691.745 620.35 1.0
1247.767 -539.807 620.35 1.0
1306.953 -378.98 620.35 1.0
1345.087 -211.905 620.35 1.0
1361.575 -40.992 620.35 1.0
1361.753 -34.465 620.35 1.0
1361.761 -33.655 620.35 1.0
1361.567 -11.33 620.35 1.0
1259.358 -11.33 620.35 1.0
1259.358 -11.33 640.35 0.0
1249.47 -11.344 640.35 0.0
1245.815 -120.678 640.35 1.0
1245.774 -121.286 640.35 1.0
1245.693 -121.889 640.35 1.0
1218.63 -282.326 640.35 1.0
1218.509 -282.922 640.35 1.0
1218.349 -283.509 640.35 1.0
1170.143 -438.907 640.35 1.0
1169.944 -439.482 640.35 1.0
1169.706 -440.042 640.35 1.0
1101.218 -587.63 640.35 1.0
1100.944 -588.173 640.35 1.0
1100.634 -588.696 640.35 1.0
1013.086 -725.838 640.35 1.0
1012.742 -726.339 640.35 1.0
1012.365 -726.817 640.35 1.0
907.319 -851.066 640.35 1.0
906.91 -851.517 640.35 1.0
906.473 -851.94 640.35 1.0
785.804 -961.079 640.35 1.0
785.339 -961.472 640.35 1.0
784.849 -961.833 640.35 1.0
650.71 -1053.915 640.35 1.0
650.196 -1054.242 640.35 1.0
649.663 -1054.534 640.35 1.0
504.447 -1127.915 640.35 1.0
503.895 -1128.172 640.35 1.0
503.328 -1128.39 640.35 1.0
349.626 -1181.761 640.35 1.0
349.045 -1181.941 640.35 1.0
348.453 -1182.082 640.35 1.0
188.937 -1214.505 640.35 1.0
188.41 -1214.592 640.35 1.0
187.805 -1214.652 640.35 1.0
25.465 -1225.52 640.35 1.0
24.877 -1225.54 640.35 1.0
24.248 -1225.52 640.35 1.0
11.12 -1224.641 640.35 1.0
11.12 -1328.326 640.35 1.0
24.856 -1329.208 640.35 1.0
195.029 -1318.283 640.35 1.0
362.407 -1285.686 640.35 1.0
524.242 -1231.953 640.35 1.0
677.878 -1157.966 640.35 1.0
820.791 -1064.94 640.35 1.0
950.635 -954.402 640.35 1.0
1065.277 -828.168 640.35 1.0
1162.836 -688.31 640.35 1.0
1241.709 -537.125 640.35 1.0
1300.602 -377.095 640.35 1.0
1338.547 -210.847 640.35 1.0
1354.953 -40.779 640.35 1.0
1354.979 -39.825 640.35 1.0
1355.088 -35.841 640.35 1.0
1354.942 -19.04 640.35 1.0
1354.695 -11.344 640.35 1.0
1252.47 -11.344 640.35 1.0
1252.47 -11.344 660.35 0.0
1242.381 -11.359 660.35 0.0
1238.75 -119.968 660.35 1.0
1238.71 -120.575 660.35 1.0
1238.629 -121.178 660.35 1.0
1211.724 -280.68 660.35 1.0
1211.603 -281.276 660.35 1.0
1211.442 -281.863 660.35 1.0
1163.518 -436.356 660.35 1.0
1163.318 -436.931 660.35 1.0
1163.081 -437.491 660.35 1.0
1094.992 -584.217 660.35 1.0
1094.718 -584.761 660.35 1.0
1094.408 -585.284 660.35 1.0
1007.37 -721.626 660.35 1.0
1007.026 -722.128 660.35 1.0
1006.649 -722.605 660.35 1.0
902.215 -846.13 660.35 1.0
901.807 -846.581 660.35 1.0
901.37 -847.004 660.35 1.0
781.404 -955.507 660.35 1.0
780.939 -955.9 660.35 1.0
780.449 -956.261 660.35 1.0
647.091 -1047.806 660.35 1.0
646.578 -1048.133 660.35 1.0
646.045 -1048.426 660.35 1.0
501.675 -1121.379 660.35 1.0
501.123 -1121.635 660.35 1.0
500.556 -1121.854 660.35 1.0
347.751 -1174.913 660.35 1.0
347.169 -1175.094 660.35 1.0
346.578 -1175.235 660.35 1.0
187.991 -1207.468 660.35 1.0
187.463 -1207.555 660.35 1.0
186.859 -1207.616 660.35 1.0
25.465 -1218.42 660.35 1.0
24.877 -1218.44 660.35 1.0
24.248 -1218.42 660.35 1.0
11.135 -1217.542 660.35 1.0
11.135 -1321.702 660.35 1.0
24.856 -1322.583 660.35 1.0
194.181 -1311.712 660.35 1.0
360.726 -1279.277 660.35 1.0
521.756 -1225.812 660.35 1.0
674.627 -1152.193 660.35 1.0
816.828 -1059.63 660.35 1.0
946.025 -949.643 660.35 1.0
1060.097 -824.037 660.35 1.0
1157.17 -684.876 660.35 1.0
1235.651 -534.443 660.35 1.0
1294.25 -375.21 660.35 1.0
1332.006 -209.79 660.35 1.0
1348.331 -40.567 660.35 1.0
1348.357 -39.62 660.35 1.0
1348.412 -37.621 660.35 1.0
1348.319 -26.998 660.35 1.0
1347.818 -11.359 660.35 1.0
1245.381 -11.359 660.35 1.0
1245.381 -11.359 680.35 0.0
1234.526 -11.373 680.35 0.0
1230.922 -119.18 680.35 1.0
1230.881 -119.787 680.35 1.0
1230.8 -120.39 680.35 1.0
1204.07 -278.856 680.35 1.0
1203.949 -279.452 680.35 1.0
1203.788 -280.039 680.35 1.0
1156.175 -433.528 680.35 1.0
1155.976 -434.103 680.35 1.0
1155.738 -434.663 680.35 1.0
1088.092 -580.436 680.35 1.0
1087.818 -580.979 680.35 1.0
1087.508 -581.503 680.35 1.0
1001.036 -716.959 680.35 1.0
1000.691 -717.461 680.35 1.0
1000.314 -717.938 680.35 1.0
896.559 -840.66 680.35 1.0
896.151 -841.111 680.35 1.0
895.714 -841.534 680.35 1.0
776.527 -949.332 680.35 1.0
776.062 -949.725 680.35 1.0
775.573 -950.086 680.35 1.0
643.082 -1041.036 680.35 1.0
642.568 -1041.364 680.35 1.0
642.035 -1041.656 680.35 1.0
498.604 -1114.135 680.35 1.0
498.051 -1114.391 680.35 1.0
497.484 -1114.61 680.35 1.0
345.672 -1167.325 680.35 1.0
345.09 -1167.505 680.35 1.0
344.499 -1167.646 680.35 1.0
186.942 -1199.67 680.35 1.0
186.415 -1199.757 680.35 1.0
185.81 -1199.818 680.35 1.0
25.465 -1210.552 680.35 1.0
24.877 -1210.572 680.35 1.0
24.248 -1210.552 680.35 1.0
11.149 -1209.675 680.35 1.0
11.149 -1315.078 680.35 1.0
24.856 -1315.958 680.35 1.0
193.334 -1305.141 680.35 1.0
359.046 -1272.869 680.35 1.0
519.27 -1219.671 680.35 1.0
671.375 -1146.42 680.35 1.0
812.865 -1054.321 680.35 1.0
941.416 -944.884 680.35 1.0
1054.917 -819.906 680.35 1.0
1151.505 -681.441 680.35 1.0
1229.593 -531.761 680.35 1.0
1287.899 -373.324 680.35 1.0
1325.466 -208.733 680.35 1.0
1341.709 -40.355 680.35 1.0
1341.726 -39.729 680.35 1.0
1341.697 -34.955 680.35 1.0
1340.94 -11.373 680.35 1.0
1237.526 -11.373 680.35 1.0
1237.526 -11.373 700.35 0.0
1226.671 -11.388 700.35 0.0
1223.093 -118.393 700.35 1.0
1223.053 -119.0 700.35 1.0
1222.971 -119.603 700.35 1.0
1196.416 -277.032 700.35 1.0
1196.295 -277.628 700.35 1.0
1196.134 -278.215 700.35 1.0
1148.833 -430.7 700.35 1.0
1148.633 -431.275 700.35 1.0
1148.396 -431.835 700.35 1.0
1081.192 -576.655 700.35 1.0
1080.918 -577.198 700.35 1.0
1080.608 -577.721 700.35 1.0
994.701 -712.292 700.35 1.0
994.357 -712.794 700.35 1.0
993.98 -713.271 700.35 1.0
890.904 -835.19 700.35 1.0
890.495 -835.642 700.35 1.0
890.058 -836.064 700.35 1.0
771.651 -943.157 700.35 1.0
771.186 -943.55 700.35 1.0
770.697 -943.911 700.35 1.0
639.072 -1034.266 700.35 1.0
638.559 -1034.594 700.35 1.0
638.026 -1034.886 700.35 1.0
495.532 -1106.891 700.35 1.0
494.98 -1107.148 700.35 1.0
494.413 -1107.366 700.35 1.0
343.593 -1159.736 700.35 1.0
343.012 -1159.916 700.35 1.0
342.42 -1160.057 700.35 1.0
185.893 -1191.873 700.35 1.0
185.366 -1191.959 700.35 1.0
184.761 -1192.02 700.35 1.0
25.464 -1202.684 700.35 1.0
24.877 -1202.704 700.35 1.0
24.248 -1202.684 700.35 1.0
11.163 -1201.808 700.35 1.0
11.163 -1308.163 700.35 1.0
24.856 -1309.042 700.35 1.0
192.45 -1298.282 700.35 1.0
357.291 -1266.179 700.35 1.0
516.674 -1213.26 700.35 1.0
667.982 -1140.394 700.35 1.0
808.729 -1048.778 700.35 1.0
936.605 -939.915 700.35 1.0
1049.51 -815.594 700.35 1.0
1145.591 -677.856 700.35 1.0
1223.269 -528.962 700.35 1.0
1281.269 -371.357 700.35 1.0
1318.638 -207.629 700.35 1.0
1334.765 -40.466 700.35 1.0
1334.707 -38.658 700.35 1.0
1333.832 -11.387 700.35 1.0
1229.671 -11.388 700.35 1.0
1229.671 -11.388 720.35 0.0
1218.815 -11.402 720.35 0.0
1215.265 -117.605 720.35 1.0
1215.224 -118.212 720.35 1.0
1215.143 -118.815 720.35 1.0
1188.762 -275.208 720.35 1.0
1188.641 -275.804 720.35 1.0
1188.481 -276.391 720.35 1.0
1141.491 -427.872 720.35 1.0
1141.291 -428.447 720.35 1.0
1141.053 -429.007 720.35 1.0
1074.292 -572.874 720.35 1.0
1074.018 -573.417 720.35 1.0
1073.708 -573.94 720.35 1.0
988.367 -707.624 720.35 1.0
988.023 -708.126 720.35 1.0
987.646 -708.604 720.35 1.0
885.248 -829.72 720.35 1.0
884.839 -830.172 720.35 1.0
884.402 -830.595 720.35 1.0
766.775 -936.982 720.35 1.0
766.31 -937.375 720.35 1.0
765.82 -937.736 720.35 1.0
635.062 -1027.496 720.35 1.0
634.549 -1027.824 720.35 1.0
634.016 -1028.116 720.35 1.0
492.461 -1099.647 720.35 1.0
491.908 -1099.904 720.35 1.0
491.341 -1100.122 720.35 1.0
341.514 -1152.147 720.35 1.0
340.933 -1152.328 720.35 1.0
340.342 -1152.469 720.35 1.0
184.845 -1184.075 720.35 1.0
184.317 -1184.161 720.35 1.0
183.712 -1184.222 720.35 1.0
25.464 -1194.816 720.35 1.0
24.877 -1194.836 720.35 1.0
24.248 -1194.816 720.35 1.0
11.178 -1193.941 720.35 1.0
11.178 -1300.252 720.35 1.0
24.856 -1301.13 720.35 1.0
191.438 -1290.435 720.35 1.0
355.285 -1258.526 720.35 1.0
513.705 -1205.926 720.35 1.0
664.099 -1133.501 720.35 1.0
803.997 -1042.437 720.35 1.0
931.101 -934.232 720.35 1.0
1043.324 -810.661 720.35 1.0
1138.825 -673.754 720.35 1.0
1216.034 -525.759 720.35 1.0
1273.684 -369.106 720.35 1.0
1310.828 -206.366 720.35 1.0
1326.857 -40.213 720.35 1.0
1326.799 -38.421 720.35 1.0
1325.933 -11.402 720.35 1.0
1221.815 -11.402 720.35 1.0
1221.815 -11.402 740.35 0.0
1210.96 -11.416 740.35 0.0
1207.436 -116.818 740.35 1.0
1207.395 -117.425 740.35 1.0
1207.314 -118.028 740.35 1.0
1181.109 -273.384 740.35 1.0
1180.987 -273.98 740.35 1.0
1180.827 -274.567 740.35 1.0
1134.148 -425.044 740.35 1.0
1133.949 -425.619 740.35 1.0
1133.711 -426.179 740.35 1.0
1067.392 -569.092 740.35 1.0
1067.118 -569.635 740.35 1.0
1066.808 -570.159 740.35 1.0
982.033 -702.957 740.35 1.0
981.688 -703.459 740.35 1.0
981.311 -703.936 740.35 1.0
879.592 -824.25 740.35 1.0
879.184 -824.702 740.35 1.0
878.746 -825.125 740.35 1.0
761.898 -930.807 740.35 1.0
761.434 -931.2 740.35 1.0
760.944 -931.561 740.35 1.0
631.052 -1020.727 740.35 1.0
630.539 -1021.054 740.35 1.0
630.006 -1021.346 740.35 1.0
489.389 -1092.404 740.35 1.0
488.837 -1092.66 740.35 1.0
488.269 -1092.878 740.35 1.0
339.436 -1144.559 740.35 1.0
338.854 -1144.739 740.35 1.0
338.263 -1144.88 740.35 1.0
183.796 -1176.277 740.35 1.0
183.268 -1176.363 740.35 1.0
182.664 -1176.424 740.35 1.0
25.464 -1186.947 740.35 1.0
24.877 -1186.968 740.35 1.0
24.248 -1186.947 740.35 1.0
11.192 -1186.073 740.35 1.0
11.192 -1292.341 740.35 1.0
24.856 -1293.218 740.35 1.0
190.426 -1282.588 740.35 1.0
353.278 -1250.873 740.35 1.0
510.736 -1198.593 740.35 1.0
660.217 -1126.607 740.35 1.0
799.265 -1036.097 740.35 1.0
925.597 -928.549 740.35 1.0
1037.139 -805.728 740.35 1.0
1132.059 -669.653 740.35 1.0
1208.799 -522.557 740.35 1.0
1266.099 -366.854 740.35 1.0
1303.018 -205.103 740.35 1.0
1318.949 -39.959 740.35 1.0
1318.892 -38.184 740.35 1.0
1318.034 -11.416 740.35 1.0
1213.96 -11.416 740.35 1.0
1213.96 -11.416 760.35 0.0
1203.104 -11.431 760.35 0.0
1199.607 -116.03 760.35 1.0
1199.567 -116.637 760.35 1.0
1199.486 -117.24 760.35 1.0
1173.455 -271.56 760.35 1.0
1173.334 -272.156 760.35 1.0
1173.173 -272.743 760.35 1.0
1126.806 -422.216 760.35 1.0
1126.606 -422.791 760.35 1.0
1126.369 -423.351 760.35 1.0
1060.492 -565.311 760.35 1.0
1060.218 -565.854 760.35 1.0
1059.908 -566.377 760.35 1.0
975.698 -698.29 760.35 1.0
975.354 -698.792 760.35 1.0
974.977 -699.269 760.35 1.0
873.936 -818.781 760.35 1.0
873.528 -819.232 760.35 1.0
873.091 -819.655 760.35 1.0
757.022 -924.632 760.35 1.0
756.557 -925.025 760.35 1.0
756.068 -925.386 760.35 1.0
627.043 -1013.957 760.35 1.0
626.53 -1014.285 760.35 1.0
625.996 -1014.577 760.35 1.0
486.317 -1085.16 760.35 1.0
485.765 -1085.416 760.35 1.0
485.198 -1085.635 760.35 1.0
337.357 -1136.97 760.35 1.0
336.775 -1137.151 760.35 1.0
336.184 -1137.292 760.35 1.0
182.747 -1168.479 760.35 1.0
182.22 -1168.565 760.35 1.0
181.615 -1168.626 760.35 1.0
25.464 -1179.079 760.35 1.0
24.877 -1179.1 760.35 1.0
24.248 -1179.079 760.35 1.0
11.206 -1178.206 760.35 1.0
11.206 -1284.43 760.35 1.0
24.856 -1285.306 760.35 1.0
189.415 -1274.741 760.35 1.0
351.271 -1243.22 760.35 1.0
507.767 -1191.259 760.35 1.0
656.334 -1119.713 760.35 1.0
794.533 -1029.756 760.35 1.0
920.093 -922.865 760.35 1.0
1030.953 -800.796 760.35 1.0
1125.293 -665.552 760.35 1.0
1201.564 -519.354 760.35 1.0
1258.514 -364.603 760.35 1.0
1295.207 -203.841 760.35 1.0
1311.041 -39.706 760.35 1.0
1310.985 -37.948 760.35 1.0
1310.135 -11.431 760.35 1.0
1206.104 -11.431 760.35 1.0
1206.104 -11.431 780.35 0.0
1195.249 -11.445 780.35 0.0
1191.779 -115.242 780.35 1.0
1191.738 -115.85 780.35 1.0
1191.657 -116.452 780.35 1.0
1165.801 -269.736 780.35 1.0
1165.68 -270.332 780.35 1.0
1165.519 -270.919 780.35 1.0
1119.463 -419.389 780.35 1.0
1119.264 -419.963 780.35 1.0
1119.026 -420.523 780.35 1.0
1053.592 -561.53 780.35 1.0
1053.318 -562.073 780.35 1.0
1053.008 -562.596 780.35 1.0
969.364 -693.623 780.35 1.0
969.019 -694.125 780.35 1.0
968.642 -694.602 780.35 1.0
868.28 -813.311 780.35 1.0
867.872 -813.762 780.35 1.0
867.435 -814.185 780.35 1.0
752.146 -918.458 780.35 1.0
751.681 -918.851 780.35 1.0
751.191 -919.211 780.35 1.0
623.033 -1007.187 780.35 1.0
622.52 -1007.515 780.35 1.0
621.987 -1007.807 780.35 1.0
483.246 -1077.916 780.35 1.0
482.693 -1078.172 780.35 1.0
482.126 -1078.391 780.35 1.0
335.278 -1129.382 780.35 1.0
334.697 -1129.562 780.35 1.0
334.105 -1129.703 780.35 1.0
181.698 -1160.681 780.35 1.0
181.171 -1160.768 780.35 1.0
180.566 -1160.828 780.35 1.0
25.464 -1171.211 780.35 1.0
24.877 -1171.231 780.35 1.0
24.248 -1171.211 780.35 1.0
11.22 -1170.339 780.35 1.0
11.221 -1276.519 780.35 1.0
24.856 -1277.394 780.35 1.0
188.403 -1266.894 780.35 1.0
349.264 -1235.567 780.35 1.0
504.798 -1183.926 780.35 1.0
652.452 -1112.82 780.35 1.0
789.8 -1023.416 780.35 1.0
914.589 -917.182 780.35 1.0
1024.767 -795.863 780.35 1.0
1118.528 -661.45 780.35 1.0
1194.33 -516.151 780.35 1.0
1250.929 -362.352 780.35 1.0
1287.397 -202.578 780.35 1.0
1303.134 -39.452 780.35 1.0
1303.078 -37.711 780.35 1.0
1302.235 -11.445 780.35 1.0
1198.249 -11.445 780.35 1.0
1198.249 -11.445 800.35 0.0
11.235 -1161.709 800.35 0.0
11.235 -1268.608 800.35 1.0
24.856 -1269.483 800.35 1.0
187.391 -1259.048 800.35 1.0
347.257 -1227.914 800.35 1.0
501.829 -1176.592 800.35 1.0
648.569 -1105.926 800.35 1.0
785.068 -1017.075 800.35 1.0
909.084 -911.498 800.35 1.0
1018.582 -790.93 800.35 1.0
1111.762 -657.349 800.35 1.0
1187.095 -512.949 800.35 1.0
1243.345 -360.101 800.35 1.0
1279.586 -201.315 800.35 1.0
1295.226 -39.198 800.35 1.0
1295.171 -37.474 800.35 1.0
1294.336 -11.46 800.35 1.0
1186.632 -11.46 800.35 1.0
1183.191 -114.378 800.35 1.0
1183.151 -114.986 800.35 1.0
1183.07 -115.589 800.35 1.0
1157.405 -267.735 800.35 1.0
1157.284 -268.331 800.35 1.0
1157.123 -268.918 800.35 1.0
1111.409 -416.287 800.35 1.0
1111.21 -416.861 800.35 1.0
1110.972 -417.421 800.35 1.0
1046.024 -557.382 800.35 1.0
1045.749 -557.925 800.35 1.0
1045.439 -558.448 800.35 1.0
962.415 -688.503 800.35 1.0
962.071 -689.005 800.35 1.0
961.694 -689.482 800.35 1.0
862.076 -807.311 800.35 1.0
861.668 -807.762 800.35 1.0
861.231 -808.185 800.35 1.0
746.797 -911.684 800.35 1.0
746.332 -912.077 800.35 1.0
745.843 -912.438 800.35 1.0
618.635 -999.761 800.35 1.0
618.121 -1000.089 800.35 1.0
617.588 -1000.381 800.35 1.0
479.876 -1069.97 800.35 1.0
479.324 -1070.226 800.35 1.0
478.757 -1070.445 800.35 1.0
332.998 -1121.058 800.35 1.0
332.416 -1121.238 800.35 1.0
331.825 -1121.379 800.35 1.0
180.548 -1152.127 800.35 1.0
180.021 -1152.214 800.35 1.0
179.416 -1152.275 800.35 1.0
25.464 -1162.58 800.35 1.0
24.877 -1162.601 800.35 1.0
24.248 -1162.58 800.35 1.0
14.228 -1161.91 800.35 1.0
14.228 -1161.91 820.35 0.0
11.249 -1152.821 820.35 0.0
11.249 -1260.697 820.35 1.0
24.856 -1261.571 820.35 1.0
186.379 -1251.201 820.35 1.0
345.25 -1220.261 820.35 1.0
498.86 -1169.259 820.35 1.0
644.687 -1099.032 820.35 1.0
780.336 -1010.734 820.35 1.0
903.58 -905.815 820.35 1.0
1012.396 -785.997 820.35 1.0
1104.996 -653.247 820.35 1.0
1179.86 -509.746 820.35 1.0
1235.76 -357.85 820.35 1.0
1271.776 -200.052 820.35 1.0
1287.318 -38.945 820.35 1.0
1287.263 -37.237 820.35 1.0
1286.437 -11.474 820.35 1.0
1177.757 -11.474 820.35 1.0
1174.346 -113.489 820.35 1.0
1174.306 -114.096 820.35 1.0
1174.225 -114.699 820.35 1.0
1148.758 -265.674 820.35 1.0
1148.637 -266.271 820.35 1.0
1148.476 -266.857 820.35 1.0
1103.114 -413.092 820.35 1.0
1102.914 -413.666 820.35 1.0
1102.677 -414.226 820.35 1.0
1038.228 -553.11 820.35 1.0
1037.953 -553.653 820.35 1.0
1037.644 -554.176 820.35 1.0
955.259 -683.23 820.35 1.0
954.914 -683.732 820.35 1.0
954.537 -684.209 820.35 1.0
855.686 -801.131 820.35 1.0
855.278 -801.582 820.35 1.0
854.841 -802.005 820.35 1.0
741.288 -904.708 820.35 1.0
740.823 -905.101 820.35 1.0
740.333 -905.461 820.35 1.0
614.104 -992.113 820.35 1.0
613.591 -992.44 820.35 1.0
613.058 -992.732 820.35 1.0
476.406 -1061.786 820.35 1.0
475.854 -1062.042 820.35 1.0
475.286 -1062.261 820.35 1.0
330.649 -1112.484 820.35 1.0
330.068 -1112.664 820.35 1.0
329.477 -1112.805 820.35 1.0
179.363 -1143.317 820.35 1.0
178.836 -1143.404 820.35 1.0
178.231 -1143.464 820.35 1.0
25.464 -1153.691 820.35 1.0
24.877 -1153.711 820.35 1.0
24.248 -1153.691 820.35 1.0
14.242 -1153.021 820.35 1.0
14.242 -1153.021 840.35 0.0
1168.882 -11.489 840.35 0.0
1165.501 -112.599 840.35 1.0
1165.461 -113.206 840.35 1.0
1165.38 -113.809 840.35 1.0
1140.11 -263.614 840.35 1.0
1139.989 -264.21 840.35 1.0
1139.828 -264.797 840.35 1.0
1094.818 -409.897 840.35 1.0
1094.618 -410.471 840.35 1.0
1094.381 -411.031 840.35 1.0
1030.432 -548.837 840.35 1.0
1030.158 -549.381 840.35 1.0
1029.848 -549.904 840.35 1.0
948.102 -677.957 840.35 1.0
947.757 -678.459 840.35 1.0
947.381 -678.936 840.35 1.0
849.296 -794.951 840.35 1.0
848.888 -795.402 840.35 1.0
848.451 -795.825 840.35 1.0
735.778 -897.731 840.35 1.0
735.313 -898.124 840.35 1.0
734.824 -898.485 840.35 1.0
609.574 -984.464 840.35 1.0
609.061 -984.792 840.35 1.0
608.528 -985.084 840.35 1.0
472.935 -1053.602 840.35 1.0
472.332 -1053.879 840.35 1.0
471.816 -1054.076 840.35 1.0
328.301 -1103.91 840.35 1.0
327.666 -1104.105 840.35 1.0
327.128 -1104.231 840.35 1.0
178.143 -1134.513 840.35 1.0
177.596 -1134.6 840.35 1.0
177.046 -1134.654 840.35 1.0
25.464 -1144.801 840.35 1.0
24.877 -1144.822 840.35 1.0
24.248 -1144.801 840.35 1.0
11.263 -1143.932 840.35 1.0
11.264 -1252.786 840.35 1.0
24.856 -1253.659 840.35 1.0
185.368 -1243.354 840.35 1.0
343.243 -1212.608 840.35 1.0
495.891 -1161.925 840.35 1.0
640.804 -1092.138 840.35 1.0
775.604 -1004.394 840.35 1.0
898.076 -900.131 840.35 1.0
1006.21 -781.064 840.35 1.0
1098.231 -649.146 840.35 1.0
1172.626 -506.544 840.35 1.0
1228.175 -355.599 840.35 1.0
1263.966 -198.79 840.35 1.0
1279.41 -38.691 840.35 1.0
1279.356 -37.0 840.35 1.0
1278.538 -11.489 840.35 1.0
1171.882 -11.489 840.35 1.0
1171.882 -11.489 860.35 0.0
11.278 -1135.043 860.35 0.0
11.278 -1243.831 860.35 1.0
24.856 -1244.703 860.35 1.0
184.222 -1234.471 860.35 1.0
340.971 -1203.944 860.35 1.0
492.53 -1153.623 860.35 1.0
636.409 -1084.335 860.35 1.0
770.247 -997.216 860.35 1.0
891.845 -893.698 860.35 1.0
999.208 -775.48 860.35 1.0
1090.572 -644.503 860.35 1.0
1164.436 -502.918 860.35 1.0
1219.589 -353.05 860.35 1.0
1255.124 -197.36 860.35 1.0
1270.459 -38.404 860.35 1.0
1270.405 -36.732 860.35 1.0
1269.596 -11.503 860.35 1.0
1160.007 -11.503 860.35 1.0
1156.656 -111.709 860.35 1.0
1156.616 -112.316 860.35 1.0
1156.535 -112.919 860.35 1.0
1131.463 -261.553 860.35 1.0
1131.342 -262.149 860.35 1.0
1131.181 -262.736 860.35 1.0
1086.523 -406.702 860.35 1.0
1086.323 -407.276 860.35 1.0
1086.085 -407.836 860.35 1.0
1022.637 -544.565 860.35 1.0
1022.362 -545.108 860.35 1.0
1022.052 -545.632 860.35 1.0
940.945 -672.684 860.35 1.0
940.601 -673.186 860.35 1.0
940.224 -673.663 860.35 1.0
842.906 -788.771 860.35 1.0
842.498 -789.222 860.35 1.0
842.061 -789.645 860.35 1.0
730.269 -890.755 860.35 1.0
729.804 -891.148 860.35 1.0
729.315 -891.508 860.35 1.0
605.044 -976.815 860.35 1.0
604.531 -977.143 860.35 1.0
603.997 -977.435 860.35 1.0
469.465 -1045.417 860.35 1.0
468.862 -1045.695 860.35 1.0
468.345 -1045.892 860.35 1.0
325.952 -1095.336 860.35 1.0
325.317 -1095.531 860.35 1.0
324.779 -1095.658 860.35 1.0
176.958 -1125.703 860.35 1.0
176.411 -1125.79 860.35 1.0
175.861 -1125.844 860.35 1.0
25.464 -1135.912 860.35 1.0
24.877 -1135.932 860.35 1.0
24.248 -1135.912 860.35 1.0
14.271 -1135.244 860.35 1.0
14.271 -1135.244 880.35 0.0
1151.131 -11.518 880.35 0.0
1147.811 -110.819 880.35 1.0
1147.771 -111.426 880.35 1.0
1147.69 -112.029 880.35 1.0
1122.815 -259.492 880.35 1.0
1122.694 -260.088 880.35 1.0
1122.534 -260.675 880.35 1.0
1078.227 -403.507 880.35 1.0
1078.027 -404.082 880.35 1.0
1077.79 -404.642 880.35 1.0
1014.841 -540.293 880.35 1.0
1014.566 -540.836 880.35 1.0
1014.256 -541.36 880.35 1.0
933.788 -667.411 880.35 1.0
933.444 -667.912 880.35 1.0
933.067 -668.39 880.35 1.0
836.516 -782.591 880.35 1.0
836.108 -783.042 880.35 1.0
835.671 -783.465 880.35 1.0
724.76 -883.778 880.35 1.0
724.295 -884.171 880.35 1.0
723.805 -884.532 880.35 1.0
600.513 -969.167 880.35 1.0
600.0 -969.494 880.35 1.0
599.467 -969.786 880.35 1.0
465.995 -1037.233 880.35 1.0
465.442 -1037.489 880.35 1.0
464.875 -1037.708 880.35 1.0
323.604 -1086.763 880.35 1.0
322.969 -1086.957 880.35 1.0
322.431 -1087.084 880.35 1.0
175.773 -1116.893 880.35 1.0
175.226 -1116.98 880.35 1.0
174.676 -1117.034 880.35 1.0
25.464 -1127.022 880.35 1.0
24.877 -1127.042 880.35 1.0
24.248 -1127.022 880.35 1.0
11.292 -1126.155 880.35 1.0
11.292 -1234.545 880.35 1.0
24.856 -1235.416 880.35 1.0
183.035 -1225.26 880.35 1.0
338.616 -1194.961 880.35 1.0
489.045 -1145.015 880.35 1.0
631.852 -1076.243 880.35 1.0
764.692 -989.773 880.35 1.0
885.385 -887.026 880.35 1.0
991.947 -769.689 880.35 1.0
1082.63 -639.689 880.35 1.0
1155.944 -499.159 880.35 1.0
1210.686 -350.408 880.35 1.0
1245.956 -195.878 880.35 1.0
1261.176 -38.106 880.35 1.0
1261.123 -36.453 880.35 1.0
1260.324 -11.517 880.35 1.0
1154.131 -11.518 880.35 1.0
1154.131 -11.518 900.35 0.0
1142.256 -11.532 900.35 0.0
1138.966 -109.929 900.35 1.0
1138.926 -110.537 900.35 1.0
1138.845 -111.139 900.35 1.0
1114.168 -257.431 900.35 1.0
1114.047 -258.028 900.35 1.0
1113.886 -258.614 900.35 1.0
1069.931 -400.312 900.35 1.0
1069.732 -400.887 900.35 1.0
1069.494 -401.447 900.35 1.0
1007.045 -536.021 900.35 1.0
1006.771 -536.564 900.35 1.0
1006.461 -537.087 900.35 1.0
926.632 -662.138 900.35 1.0
926.287 -662.639 900.35 1.0
925.91 -663.117 900.35 1.0
830.126 -776.411 900.35 1.0
829.718 -776.862 900.35 1.0
829.281 -777.285 900.35 1.0
719.25 -876.801 900.35 1.0
718.785 -877.194 900.35 1.0
718.296 -877.555 900.35 1.0
595.983 -961.518 900.35 1.0
595.47 -961.846 900.35 1.0
594.937 -962.138 900.35 1.0
462.524 -1029.049 900.35 1.0
461.972 -1029.305 900.35 1.0
461.405 -1029.524 900.35 1.0
321.255 -1078.189 900.35 1.0
320.674 -1078.369 900.35 1.0
320.082 -1078.51 900.35 1.0
174.588 -1108.083 900.35 1.0
174.041 -1108.17 900.35 1.0
173.492 -1108.223 900.35 1.0
25.464 -1118.133 900.35 1.0
24.877 -1118.153 900.35 1.0
24.248 -1118.133 900.35 1.0
11.306 -1117.266 900.35 1.0
11.306 -1225.259 900.35 1.0
24.856 -1226.128 900.35 1.0
181.847 -1216.049 900.35 1.0
336.26 -1185.977 900.35 1.0
485.56 -1136.407 900.35 1.0
627.295 -1068.151 900.35 1.0
759.138 -982.33 900.35 1.0
878.924 -880.355 900.35 1.0
984.686 -763.899 900.35 1.0
1074.688 -634.874 900.35 1.0
1147.452 -495.4 900.35 1.0
1201.782 -347.766 900.35 1.0
1236.788 -194.396 900.35 1.0
1251.894 -37.809 900.35 1.0
1251.842 -36.175 900.35 1.0
1251.051 -11.532 900.35 1.0
1145.256 -11.532 900.35 1.0
1145.256 -11.532 920.35 0.0
1132.801 -11.546 920.35 0.0
1129.543 -108.981 920.35 1.0
1129.503 -109.589 920.35 1.0
1129.422 -110.192 920.35 1.0
1104.955 -255.236 920.35 1.0
1104.834 -255.832 920.35 1.0
1104.673 -256.419 920.35 1.0
1061.093 -396.908 920.35 1.0
1060.894 -397.483 920.35 1.0
1060.656 -398.043 920.35 1.0
998.74 -531.469 920.35 1.0
998.465 -532.013 920.35 1.0
998.155 -532.536 920.35 1.0
919.007 -656.52 920.35 1.0
918.663 -657.022 920.35 1.0
918.286 -657.499 920.35 1.0
823.318 -769.827 920.35 1.0
822.91 -770.278 920.35 1.0
822.473 -770.701 920.35 1.0
713.381 -869.369 920.35 1.0
712.916 -869.762 920.35 1.0
712.426 -870.123 920.35 1.0
591.157 -953.369 920.35 1.0
590.644 -953.697 920.35 1.0
590.11 -953.989 920.35 1.0
458.827 -1020.33 920.35 1.0
458.275 -1020.586 920.35 1.0
457.707 -1020.805 920.35 1.0
318.753 -1069.055 920.35 1.0
318.171 -1069.235 920.35 1.0
317.58 -1069.376 920.35 1.0
173.326 -1098.696 920.35 1.0
172.779 -1098.783 920.35 1.0
172.229 -1098.837 920.35 1.0
25.464 -1108.662 920.35 1.0
24.877 -1108.682 920.35 1.0
24.248 -1108.662 920.35 1.0
11.321 -1107.796 920.35 1.0
11.321 -1215.972 920.35 1.0
24.856 -1216.841 920.35 1.0
180.66 -1206.838 920.35 1.0
333.904 -1176.994 920.35 1.0
482.075 -1127.798 920.35 1.0
622.737 -1060.059 920.35 1.0
753.583 -974.888 920.35 1.0
872.463 -873.684 920.35 1.0
977.425 -758.108 920.35 1.0
1066.746 -630.06 920.35 1.0
1138.959 -491.641 920.35 1.0
1192.879 -345.123 920.35 1.0
1227.62 -192.914 920.35 1.0
1242.612 -37.511 920.35 1.0
1242.56 -35.897 920.35 1.0
1241.779 -11.546 920.35 1.0
1135.801 -11.546 920.35 1.0
1135.801 -11.546 940.35 0.0
1122.811 -11.561 940.35 0.0
1119.587 -107.98 940.35 1.0
1119.547 -108.587 940.35 1.0
1119.466 -109.19 940.35 1.0
1095.222 -252.916 940.35 1.0
1095.101 -253.512 940.35 1.0
1094.94 -254.099 940.35 1.0
1051.756 -393.311 940.35 1.0
1051.556 -393.886 940.35 1.0
1051.319 -394.446 940.35 1.0
989.965 -526.661 940.35 1.0
989.69 -527.204 940.35 1.0
989.38 -527.727 940.35 1.0
910.951 -650.584 940.35 1.0
910.607 -651.086 940.35 1.0
910.23 -651.563 940.35 1.0
816.126 -762.871 940.35 1.0
815.717 -763.322 940.35 1.0
815.28 -763.745 940.35 1.0
707.18 -861.516 940.35 1.0
706.715 -861.909 940.35 1.0
706.225 -862.27 940.35 1.0
586.057 -944.76 940.35 1.0
585.497 -945.116 940.35 1.0
585.011 -945.38 940.35 1.0
454.921 -1011.117 940.35 1.0
454.317 -1011.395 940.35 1.0
453.801 -1011.592 940.35 1.0
316.109 -1059.404 940.35 1.0
315.474 -1059.599 940.35 1.0
314.936 -1059.725 940.35 1.0
171.992 -1088.779 940.35 1.0
171.445 -1088.866 940.35 1.0
170.895 -1088.92 940.35 1.0
25.464 -1098.656 940.35 1.0
24.877 -1098.676 940.35 1.0
24.248 -1098.656 940.35 1.0
11.335 -1097.791 940.35 1.0
11.335 -1206.686 940.35 1.0
24.856 -1207.554 940.35 1.0
179.472 -1197.628 940.35 1.0
331.549 -1168.011 940.35 1.0
478.59 -1119.19 940.35 1.0
618.18 -1051.967 940.35 1.0
748.028 -967.445 940.35 1.0
866.002 -867.012 940.35 1.0
970.164 -752.318 940.35 1.0
1058.804 -625.246 940.35 1.0
1130.467 -487.881 940.35 1.0
1183.976 -342.481 940.35 1.0
1218.452 -191.431 940.35 1.0
1233.329 -37.213 940.35 1.0
1233.278 -35.619 940.35 1.0
1232.507 -11.561 940.35 1.0
1125.811 -11.561 940.35 1.0
1125.811 -11.561 960.35 0.0
1112.821 -11.575 960.35 0.0
1109.631 -106.978 960.35 1.0
1109.591 -107.585 960.35 1.0
1109.51 -108.188 960.35 1.0
1085.488 -250.596 960.35 1.0
1085.367 -251.193 960.35 1.0
1085.206 -251.779 960.35 1.0
1042.418 -389.715 960.35 1.0
1042.219 -390.29 960.35 1.0
1041.981 -390.85 960.35 1.0
981.19 -521.852 960.35 1.0
980.915 -522.395 960.35 1.0
980.605 -522.918 960.35 1.0
902.896 -644.649 960.35 1.0
902.518 -645.195 960.35 1.0
902.174 -645.628 960.35 1.0
808.933 -755.914 960.35 1.0
808.486 -756.405 960.35 1.0
808.087 -756.789 960.35 1.0
700.978 -853.663 960.35 1.0
700.47 -854.09 960.35 1.0
700.024 -854.417 960.35 1.0
580.958 -936.151 960.35 1.0
580.397 -936.506 960.35 1.0
579.912 -936.77 960.35 1.0
451.014 -1001.905 960.35 1.0
450.411 -1002.183 960.35 1.0
449.895 -1002.38 960.35 1.0
313.466 -1049.753 960.35 1.0
312.831 -1049.948 960.35 1.0
312.293 -1050.075 960.35 1.0
170.658 -1078.862 960.35 1.0
170.112 -1078.949 960.35 1.0
169.562 -1079.003 960.35 1.0
25.465 -1088.649 960.35 1.0
24.877 -1088.67 960.35 1.0
24.248 -1088.649 960.35 1.0
11.349 -1087.786 960.35 1.0
11.349 -1197.4 960.35 1.0
24.856 -1198.267 960.35 1.0
178.284 -1188.417 960.35 1.0
329.193 -1159.027 960.35 1.0
475.104 -1110.582 960.35 1.0
613.623 -1043.875 960.35 1.0
742.474 -960.002 960.35 1.0
859.541 -860.341 960.35 1.0
962.903 -746.528 960.35 1.0
1050.863 -620.431 960.35 1.0
1121.975 -484.122 960.35 1.0
1175.073 -339.838 960.35 1.0
1209.284 -189.949 960.35 1.0
1224.047 -36.916 960.35 1.0
1223.997 -35.34 960.35 1.0
1223.235 -11.575 960.35 1.0
1115.821 -11.575 960.35 1.0
1115.821 -11.575 980.35 0.0
11.364 -1077.781 980.35 0.0
11.364 -1188.114 980.35 1.0
24.856 -1188.98 980.35 1.0
177.097 -1179.206 980.35 1.0
326.837 -1150.044 980.35 1.0
471.619 -1101.973 980.35 1.0
609.065 -1035.783 980.35 1.0
736.919 -952.559 980.35 1.0
853.08 -853.67 980.35 1.0
955.643 -740.737 980.35 1.0
1042.921 -615.617 980.35 1.0
1113.483 -480.363 980.35 1.0
1166.17 -337.196 980.35 1.0
1200.116 -188.467 980.35 1.0
1214.765 -36.618 980.35 1.0
1214.715 -35.062 980.35 1.0
1213.962 -11.59 980.35 1.0
1102.831 -11.59 980.35 1.0
1099.675 -105.977 980.35 1.0
1099.629 -106.639 980.35 1.0
1099.554 -107.187 980.35 1.0
1075.735 -248.386 980.35 1.0
1075.62 -248.927 980.35 1.0
1075.473 -249.46 980.35 1.0
1033.081 -386.119 980.35 1.0
1032.861 -386.745 980.35 1.0
1032.644 -387.254 980.35 1.0
972.415 -517.043 980.35 1.0
972.114 -517.635 980.35 1.0
971.83 -518.11 980.35 1.0
894.84 -638.713 980.35 1.0
894.463 -639.259 980.35 1.0
894.119 -639.692 980.35 1.0
801.74 -748.958 980.35 1.0
801.293 -749.449 980.35 1.0
800.895 -749.832 980.35 1.0
694.777 -845.81 980.35 1.0
694.268 -846.237 980.35 1.0
693.822 -846.564 980.35 1.0
575.859 -927.541 980.35 1.0
575.298 -927.897 980.35 1.0
574.812 -928.161 980.35 1.0
447.108 -992.693 980.35 1.0
446.505 -992.971 980.35 1.0
445.988 -993.168 980.35 1.0
310.822 -1040.103 980.35 1.0
310.187 -1040.297 980.35 1.0
309.649 -1040.424 980.35 1.0
169.325 -1068.945 980.35 1.0
168.778 -1069.032 980.35 1.0
168.228 -1069.086 980.35 1.0
25.465 -1078.643 980.35 1.0
24.877 -1078.663 980.35 1.0
24.248 -1078.643 980.35 1.0
14.357 -1077.981 980.35 1.0
11.378 -1067.775 1000.35 0.0
11.378 -1178.828 1000.35 1.0
24.856 -1179.693 1000.35 1.0
175.909 -1169.995 1000.35 1.0
324.482 -1141.061 1000.35 1.0
468.134 -1093.365 1000.35 1.0
604.508 -1027.691 1000.35 1.0
731.364 -945.116 1000.35 1.0
846.62 -846.998 1000.35 1.0
948.382 -734.947 1000.35 1.0
1034.979 -610.803 1000.35 1.0
1104.991 -476.604 1000.35 1.0
1157.267 -334.554 1000.35 1.0
1190.948 -186.985 1000.35 1.0
1205.482 -36.32 1000.35 1.0
1205.433 -34.784 1000.35 1.0
1204.69 -11.604 1000.35 1.0
1092.841 -11.604 1000.35 1.0
1089.719 -104.975 1000.35 1.0
1089.673 -105.637 1000.35 1.0
1089.597 -106.185 1000.35 1.0
1066.002 -246.066 1000.35 1.0
1065.887 -246.607 1000.35 1.0
1065.739 -247.14 1000.35 1.0
1023.743 -382.522 1000.35 1.0
1023.523 -383.149 1000.35 1.0
1023.306 -383.657 1000.35 1.0
963.64 -512.234 1000.35 1.0
963.339 -512.826 1000.35 1.0
963.056 -513.301 1000.35 1.0
886.784 -632.778 1000.35 1.0
886.407 -633.324 1000.35 1.0
886.063 -633.757 1000.35 1.0
794.547 -742.002 1000.35 1.0
794.101 -742.493 1000.35 1.0
793.702 -742.876 1000.35 1.0
688.575 -837.957 1000.35 1.0
688.067 -838.385 1000.35 1.0
687.621 -838.711 1000.35 1.0
570.759 -918.932 1000.35 1.0
570.199 -919.288 1000.35 1.0
569.713 -919.552 1000.35 1.0
443.202 -983.481 1000.35 1.0
442.598 -983.758 1000.35 1.0
442.082 -983.956 1000.35 1.0
308.179 -1030.452 1000.35 1.0
307.544 -1030.647 1000.35 1.0
307.006 -1030.773 1000.35 1.0
167.991 -1059.028 1000.35 1.0
167.444 -1059.116 1000.35 1.0
166.894 -1059.169 1000.35 1.0
25.465 -1068.637 1000.35 1.0
24.877 -1068.657 1000.35 1.0
24.248 -1068.637 1000.35 1.0
14.371 -1067.976 1000.35 1.0
