0.485 -1184.489 0.35 0.0
24.856 -1186.053 0.35 1.0
176.722 -1176.303 0.35 1.0
326.095 -1147.213 0.35 1.0
470.521 -1099.26 0.35 1.0
607.629 -1033.232 0.35 1.0
735.168 -950.213 0.35 1.0
851.044 -851.567 0.35 1.0
953.354 -738.912 0.35 1.0
1040.418 -614.1 0.35 1.0
1110.807 -479.178 0.35 1.0
1163.364 -336.363 0.35 1.0
1197.227 -188.0 0.35 1.0
1211.839 -36.524 0.35 1.0
1211.768 -34.298 0.35 1.0
1210.691 -0.711 0.35 1.0
1077.392 -0.711 0.35 1.0
1073.936 -104.016 0.35 1.0
1050.515 -242.865 0.35 1.0
1008.774 -377.427 0.35 1.0
949.483 -505.189 0.35 1.0
873.715 -623.878 0.35 1.0
782.755 -731.467 0.35 1.0
678.293 -825.945 0.35 1.0
562.202 -905.636 0.35 1.0
436.458 -969.178 0.35 1.0
303.401 -1015.378 0.35 1.0
165.412 -1043.426 0.35 1.0
24.877 -1052.836 0.35 1.0
0.485 -1051.206 0.35 1.0
0.485 -1181.489 0.35 1.0
0.485 -1181.489 20.35 0.0
1082.851 -11.619 20.35 0.0
1079.763 -103.974 20.35 1.0
1079.717 -104.636 20.35 1.0
1079.641 -105.184 20.35 1.0
1056.268 -243.746 20.35 1.0
1056.153 -244.288 20.35 1.0
1056.005 -244.821 20.35 1.0
1014.405 -378.926 20.35 1.0
1014.186 -379.553 20.35 1.0
1013.968 -380.061 20.35 1.0
954.865 -507.425 20.35 1.0
954.564 -508.017 20.35 1.0
954.281 -508.492 20.35 1.0
878.729 -626.842 20.35 1.0
878.351 -627.388 20.35 1.0
878.007 -627.821 20.35 1.0
787.355 -735.045 20.35 1.0
786.908 -735.537 20.35 1.0
786.509 -735.92 20.35 1.0
682.374 -830.105 20.35 1.0
681.866 -830.532 20.35 1.0
681.42 -830.858 20.35 1.0
565.66 -910.323 20.35 1.0
565.099 -910.678 20.35 1.0
564.614 -910.942 20.35 1.0
439.295 -974.269 20.35 1.0
438.692 -974.546 20.35 1.0
438.176 -974.743 20.35 1.0
305.535 -1020.801 20.35 1.0
304.9 -1020.996 20.35 1.0
304.362 -1021.123 20.35 1.0
166.657 -1049.111 20.35 1.0
166.111 -1049.199 20.35 1.0
165.561 -1049.252 20.35 1.0
25.464 -1058.631 20.35 1.0
24.877 -1058.651 20.35 1.0
24.248 -1058.631 20.35 1.0
11.392 -1057.77 20.35 1.0
11.392 -1169.542 20.35 1.0
24.856 -1170.406 20.35 1.0
174.721 -1160.784 20.35 1.0
322.126 -1132.077 20.35 1.0
464.649 -1084.757 20.35 1.0
599.951 -1019.599 20.35 1.0
725.81 -937.674 20.35 1.0
840.159 -840.327 20.35 1.0
941.121 -729.157 20.35 1.0
1027.037 -605.988 20.35 1.0
1096.498 -472.844 20.35 1.0
1148.363 -331.911 20.35 1.0
1181.78 -185.503 20.35 1.0
1196.2 -36.023 20.35 1.0
1196.151 -34.506 20.35 1.0
1195.418 -11.619 20.35 1.0
1085.851 -11.619 20.35 1.0
1085.851 -11.619 40.35 0.0
1072.14 -11.633 40.35 0.0
1069.089 -102.9 40.35 1.0
1069.043 -103.562 40.35 1.0
1068.967 -104.11 40.35 1.0
1045.832 -241.259 40.35 1.0
1045.717 -241.801 40.35 1.0
1045.569 -242.334 40.35 1.0
1004.394 -375.07 40.35 1.0
1004.174 -375.697 40.35 1.0
1003.957 -376.205 40.35 1.0
945.457 -502.27 40.35 1.0
945.156 -502.861 40.35 1.0
944.873 -503.336 40.35 1.0
870.092 -620.479 40.35 1.0
869.714 -621.025 40.35 1.0
869.37 -621.458 40.35 1.0
779.643 -727.587 40.35 1.0
779.196 -728.079 40.35 1.0
778.798 -728.462 40.35 1.0
675.725 -821.685 40.35 1.0
675.217 -822.112 40.35 1.0
674.771 -822.439 40.35 1.0
560.193 -901.092 40.35 1.0
559.632 -901.448 40.35 1.0
559.146 -901.712 40.35 1.0
435.107 -964.392 40.35 1.0
434.504 -964.669 40.35 1.0
433.988 -964.866 40.35 1.0
302.701 -1010.454 40.35 1.0
302.066 -1010.649 40.35 1.0
301.528 -1010.776 40.35 1.0
165.227 -1038.479 40.35 1.0
164.681 -1038.566 40.35 1.0
164.131 -1038.62 40.35 1.0
25.464 -1047.903 40.35 1.0
24.877 -1047.923 40.35 1.0
24.248 -1047.903 40.35 1.0
11.407 -1047.043 40.35 1.0
11.407 -1160.236 40.35 1.0
24.856 -1161.099 40.35 1.0
173.531 -1151.554 40.35 1.0
319.765 -1123.075 40.35 1.0
461.157 -1076.13 40.35 1.0
595.384 -1011.49 40.35 1.0
720.243 -930.215 40.35 1.0
833.684 -833.641 40.35 1.0
933.844 -723.354 40.35 1.0
1019.079 -601.164 40.35 1.0
1087.988 -469.077 40.35 1.0
1139.441 -329.263 40.35 1.0
1172.593 -184.017 40.35 1.0
1186.898 -35.725 40.35 1.0
1186.85 -34.227 40.35 1.0
1186.126 -11.633 40.35 1.0
1075.14 -11.633 40.35 1.0
1075.14 -11.633 60.35 0.0
11.421 -1035.796 60.35 0.0
11.421 -1149.142 60.35 1.0
24.856 -1150.005 60.35 1.0
172.113 -1140.55 60.35 1.0
316.951 -1112.343 60.35 1.0
456.993 -1065.846 60.35 1.0
589.94 -1001.823 60.35 1.0
713.607 -921.324 60.35 1.0
825.966 -825.672 60.35 1.0
925.17 -716.437 60.35 1.0
1009.591 -595.412 60.35 1.0
1077.843 -464.586 60.35 1.0
1128.805 -326.106 60.35 1.0
1161.64 -182.247 60.35 1.0
1175.809 -35.369 60.35 1.0
1175.762 -33.894 60.35 1.0
1175.049 -11.648 60.35 1.0
1060.911 -11.648 60.35 1.0
1057.898 -101.774 60.35 1.0
1057.852 -102.436 60.35 1.0
1057.776 -102.984 60.35 1.0
1034.891 -238.652 60.35 1.0
1034.776 -239.193 60.35 1.0
1034.628 -239.726 60.35 1.0
993.898 -371.028 60.35 1.0
993.679 -371.654 60.35 1.0
993.461 -372.163 60.35 1.0
935.594 -496.864 60.35 1.0
935.292 -497.456 60.35 1.0
935.009 -497.931 60.35 1.0
861.037 -613.807 60.35 1.0
860.659 -614.353 60.35 1.0
860.315 -614.786 60.35 1.0
771.558 -719.768 60.35 1.0
771.111 -720.259 60.35 1.0
770.713 -720.642 60.35 1.0
668.755 -812.858 60.35 1.0
668.246 -813.285 60.35 1.0
667.8 -813.612 60.35 1.0
554.461 -891.415 60.35 1.0
553.9 -891.77 60.35 1.0
553.415 -892.035 60.35 1.0
430.716 -954.037 60.35 1.0
430.113 -954.314 60.35 1.0
429.597 -954.511 60.35 1.0
299.729 -999.607 60.35 1.0
299.094 -999.801 60.35 1.0
298.556 -999.928 60.35 1.0
163.728 -1027.332 60.35 1.0
163.181 -1027.419 60.35 1.0
162.632 -1027.473 60.35 1.0
25.464 -1036.655 60.35 1.0
24.877 -1036.675 60.35 1.0
24.248 -1036.655 60.35 1.0
14.414 -1035.997 60.35 1.0
14.414 -1035.997 80.35 0.0
11.435 -1024.55 80.35 0.0
11.435 -1138.048 80.35 1.0
24.856 -1138.91 80.35 1.0
170.694 -1129.547 80.35 1.0
314.137 -1101.611 80.35 1.0
452.83 -1055.562 80.35 1.0
584.495 -992.156 80.35 1.0
706.971 -912.432 80.35 1.0
818.247 -817.702 80.35 1.0
916.496 -709.519 80.35 1.0
1000.104 -589.661 80.35 1.0
1067.698 -460.095 80.35 1.0
1118.169 -322.95 80.35 1.0
1150.688 -180.476 80.35 1.0
1164.72 -35.013 80.35 1.0
1164.674 -33.562 80.35 1.0
1163.971 -11.662 80.35 1.0
1049.682 -11.662 80.35 1.0
1046.707 -100.648 80.35 1.0
1046.661 -101.31 80.35 1.0
1046.585 -101.858 80.35 1.0
1023.95 -236.045 80.35 1.0
1023.835 -236.586 80.35 1.0
1023.687 -237.119 80.35 1.0
983.402 -366.986 80.35 1.0
983.183 -367.612 80.35 1.0
982.965 -368.12 80.35 1.0
925.73 -491.459 80.35 1.0
925.429 -492.051 80.35 1.0
925.146 -492.526 80.35 1.0
851.982 -607.135 80.35 1.0
851.604 -607.681 80.35 1.0
851.26 -608.114 80.35 1.0
763.473 -711.949 80.35 1.0
763.026 -712.44 80.35 1.0
762.628 -712.823 80.35 1.0
661.784 -804.031 80.35 1.0
661.276 -804.458 80.35 1.0
660.83 -804.785 80.35 1.0
548.729 -881.737 80.35 1.0
548.168 -882.093 80.35 1.0
547.683 -882.357 80.35 1.0
426.325 -943.682 80.35 1.0
425.722 -943.959 80.35 1.0
425.206 -944.156 80.35 1.0
296.758 -988.759 80.35 1.0
296.123 -988.954 80.35 1.0
295.585 -989.08 80.35 1.0
162.229 -1016.185 80.35 1.0
161.682 -1016.272 80.35 1.0
161.132 -1016.326 80.35 1.0
25.464 -1025.408 80.35 1.0
24.877 -1025.428 80.35 1.0
24.248 -1025.408 80.35 1.0
14.429 -1024.75 80.35 1.0
14.429 -1024.75 100.35 0.0
11.45 -1013.303 100.35 0.0
11.45 -1126.955 100.35 1.0
24.856 -1127.815 100.35 1.0
169.275 -1118.543 100.35 1.0
311.322 -1090.88 100.35 1.0
448.666 -1045.278 100.35 1.0
579.051 -982.489 100.35 1.0
700.336 -903.541 100.35 1.0
810.529 -809.732 100.35 1.0
907.822 -702.602 100.35 1.0
990.616 -583.909 100.35 1.0
1057.553 -455.604 100.35 1.0
1107.533 -319.793 100.35 1.0
1139.735 -178.705 100.35 1.0
1153.631 -34.658 100.35 1.0
1153.585 -33.229 100.35 1.0
1152.894 -11.677 100.35 1.0
1038.453 -11.677 100.35 1.0
1035.516 -99.522 100.35 1.0
1035.47 -100.184 100.35 1.0
1035.394 -100.732 100.35 1.0
1013.009 -233.437 100.35 1.0
1012.894 -233.978 100.35 1.0
1012.746 -234.511 100.35 1.0
972.906 -362.943 100.35 1.0
972.687 -363.57 100.35 1.0
972.469 -364.078 100.35 1.0
915.867 -486.054 100.35 1.0
915.565 -486.645 100.35 1.0
915.282 -487.12 100.35 1.0
842.927 -600.463 100.35 1.0
842.549 -601.009 100.35 1.0
842.205 -601.442 100.35 1.0
755.388 -704.13 100.35 1.0
754.941 -704.621 100.35 1.0
754.543 -705.004 100.35 1.0
654.813 -795.204 100.35 1.0
654.305 -795.631 100.35 1.0
653.859 -795.958 100.35 1.0
542.997 -872.06 100.35 1.0
542.436 -872.416 100.35 1.0
541.951 -872.68 100.35 1.0
421.935 -933.327 100.35 1.0
421.331 -933.604 100.35 1.0
420.815 -933.801 100.35 1.0
293.786 -977.911 100.35 1.0
293.151 -978.106 100.35 1.0
292.613 -978.232 100.35 1.0
160.73 -1005.038 100.35 1.0
160.183 -1005.125 100.35 1.0
159.633 -1005.178 100.35 1.0
25.464 -1014.16 100.35 1.0
24.877 -1014.18 100.35 1.0
24.248 -1014.16 100.35 1.0
14.443 -1013.504 100.35 1.0
14.443 -1013.504 120.35 0.0
11.464 -1002.057 120.35 0.0
11.464 -1115.861 120.35 1.0
24.856 -1116.72 120.35 1.0
167.856 -1107.54 120.35 1.0
308.508 -1080.148 120.35 1.0
444.503 -1034.994 120.35 1.0
573.606 -972.821 120.35 1.0
693.7 -894.649 120.35 1.0
802.811 -801.762 120.35 1.0
899.148 -695.684 120.35 1.0
981.129 -578.158 120.35 1.0
1047.408 -451.113 120.35 1.0
1096.897 -316.636 120.35 1.0
1128.783 -176.934 120.35 1.0
1142.542 -34.302 120.35 1.0
1142.497 -32.896 120.35 1.0
1141.817 -11.691 120.35 1.0
1027.224 -11.691 120.35 1.0
1024.325 -98.396 120.35 1.0
1024.279 -99.059 120.35 1.0
1024.203 -99.607 120.35 1.0
1002.068 -230.83 120.35 1.0
1001.953 -231.371 120.35 1.0
1001.805 -231.904 120.35 1.0
962.41 -358.901 120.35 1.0
962.191 -359.527 120.35 1.0
961.973 -360.036 120.35 1.0
906.003 -480.648 120.35 1.0
905.702 -481.24 120.35 1.0
905.419 -481.715 120.35 1.0
833.872 -593.791 120.35 1.0
833.494 -594.338 120.35 1.0
833.15 -594.77 120.35 1.0
747.303 -696.311 120.35 1.0
746.856 -696.802 120.35 1.0
746.458 -697.185 120.35 1.0
647.843 -786.377 120.35 1.0
647.334 -786.804 120.35 1.0
646.888 -787.131 120.35 1.0
537.265 -862.383 120.35 1.0
536.704 -862.738 120.35 1.0
536.219 -863.002 120.35 1.0
417.544 -922.972 120.35 1.0
416.94 -923.249 120.35 1.0
416.424 -923.446 120.35 1.0
290.815 -967.063 120.35 1.0
290.18 -967.258 120.35 1.0
289.642 -967.384 120.35 1.0
159.231 -993.891 120.35 1.0
158.684 -993.978 120.35 1.0
158.134 -994.031 120.35 1.0
25.464 -1002.913 120.35 1.0
24.877 -1002.933 120.35 1.0
24.248 -1002.913 120.35 1.0
14.457 -1002.257 120.35 1.0
14.457 -1002.257 140.35 0.0
1015.899 -11.705 140.35 0.0
1013.038 -97.261 140.35 1.0
1012.992 -97.923 140.35 1.0
1012.917 -98.471 140.35 1.0
991.033 -228.2 140.35 1.0
990.918 -228.741 140.35 1.0
990.771 -229.274 140.35 1.0
951.825 -354.824 140.35 1.0
951.605 -355.45 140.35 1.0
951.388 -355.959 140.35 1.0
896.055 -475.197 140.35 1.0
895.754 -475.789 140.35 1.0
895.471 -476.263 140.35 1.0
824.739 -587.063 140.35 1.0
824.362 -587.609 140.35 1.0
824.018 -588.042 140.35 1.0
739.149 -688.425 140.35 1.0
738.702 -688.916 140.35 1.0
738.304 -689.299 140.35 1.0
640.813 -777.475 140.35 1.0
640.304 -777.902 140.35 1.0
639.858 -778.228 140.35 1.0
531.484 -852.623 140.35 1.0
530.923 -852.978 140.35 1.0
530.438 -853.242 140.35 1.0
413.115 -912.528 140.35 1.0
412.512 -912.806 140.35 1.0
411.996 -913.003 140.35 1.0
287.818 -956.122 140.35 1.0
287.183 -956.317 140.35 1.0
286.645 -956.444 140.35 1.0
157.719 -982.648 140.35 1.0
157.172 -982.735 140.35 1.0
156.622 -982.789 140.35 1.0
25.464 -991.569 140.35 1.0
24.877 -991.589 140.35 1.0
24.248 -991.569 140.35 1.0
11.478 -990.714 140.35 1.0
11.478 -1104.767 140.35 1.0
24.856 -1105.626 140.35 1.0
166.438 -1096.536 140.35 1.0
305.694 -1069.416 140.35 1.0
440.339 -1024.711 140.35 1.0
568.162 -963.154 140.35 1.0
687.064 -885.758 140.35 1.0
795.092 -793.792 140.35 1.0
890.473 -688.767 140.35 1.0
971.641 -572.407 140.35 1.0
1037.263 -446.622 140.35 1.0
1086.26 -313.479 140.35 1.0
1117.83 -175.164 140.35 1.0
1131.453 -33.946 140.35 1.0
1131.409 -32.564 140.35 1.0
1130.74 -11.705 140.35 1.0
1018.899 -11.705 140.35 1.0
1018.899 -11.705 160.35 0.0
1003.3 -11.72 160.35 0.0
1000.483 -95.998 160.35 1.0
1000.436 -96.66 160.35 1.0
1000.361 -97.208 160.35 1.0
978.758 -225.275 160.35 1.0
978.643 -225.816 160.35 1.0
978.495 -226.349 160.35 1.0
940.049 -350.288 160.35 1.0
939.829 -350.915 160.35 1.0
939.612 -351.423 160.35 1.0
884.989 -469.132 160.35 1.0
884.688 -469.724 160.35 1.0
884.404 -470.199 160.35 1.0
814.58 -579.577 160.35 1.0
814.202 -580.123 160.35 1.0
813.858 -580.556 160.35 1.0
730.078 -679.652 160.35 1.0
729.631 -680.143 160.35 1.0
729.233 -680.526 160.35 1.0
632.992 -767.571 160.35 1.0
632.483 -767.998 160.35 1.0
632.037 -768.325 160.35 1.0
525.053 -841.765 160.35 1.0
524.492 -842.121 160.35 1.0
524.007 -842.385 160.35 1.0
408.189 -900.91 160.35 1.0
407.585 -901.188 160.35 1.0
407.069 -901.385 160.35 1.0
284.484 -943.952 160.35 1.0
283.849 -944.146 160.35 1.0
283.311 -944.273 160.35 1.0
156.037 -970.142 160.35 1.0
155.49 -970.229 160.35 1.0
154.94 -970.282 160.35 1.0
25.464 -978.95 160.35 1.0
24.877 -978.97 160.35 1.0
24.248 -978.95 160.35 1.0
11.493 -978.096 160.35 1.0
11.493 -1093.673 160.35 1.0
24.856 -1094.531 160.35 1.0
165.019 -1085.532 160.35 1.0
302.88 -1058.684 160.35 1.0
436.176 -1014.427 160.35 1.0
562.718 -953.487 160.35 1.0
680.428 -876.866 160.35 1.0
787.374 -785.822 160.35 1.0
881.799 -681.849 160.35 1.0
962.153 -566.655 160.35 1.0
1027.117 -442.131 160.35 1.0
1075.624 -310.323 160.35 1.0
1106.878 -173.393 160.35 1.0
1120.364 -33.591 160.35 1.0
1120.321 -32.231 160.35 1.0
1119.663 -11.72 160.35 1.0
1006.3 -11.72 160.35 1.0
1006.3 -11.72 180.35 0.0
990.702 -11.734 180.35 0.0
987.927 -94.735 180.35 1.0
987.88 -95.397 180.35 1.0
987.805 -95.945 180.35 1.0
966.482 -222.349 180.35 1.0
966.367 -222.891 180.35 1.0
966.22 -223.423 180.35 1.0
928.273 -345.753 180.35 1.0
928.053 -346.379 180.35 1.0
927.836 -346.888 180.35 1.0
873.922 -463.068 180.35 1.0
873.621 -463.659 180.35 1.0
873.338 -464.134 180.35 1.0
804.42 -572.092 180.35 1.0
804.043 -572.638 180.35 1.0
803.699 -573.071 180.35 1.0
721.007 -670.879 180.35 1.0
720.56 -671.37 180.35 1.0
720.162 -671.753 180.35 1.0
625.171 -757.667 180.35 1.0
624.663 -758.095 180.35 1.0
624.217 -758.421 180.35 1.0
518.622 -830.907 180.35 1.0
518.061 -831.263 180.35 1.0
517.576 -831.527 180.35 1.0
403.262 -889.292 180.35 1.0
402.659 -889.57 180.35 1.0
402.143 -889.767 180.35 1.0
281.15 -931.781 180.35 1.0
280.515 -931.976 180.35 1.0
279.977 -932.102 180.35 1.0
154.355 -957.635 180.35 1.0
153.808 -957.722 180.35 1.0
153.258 -957.776 180.35 1.0
25.464 -966.33 180.35 1.0
24.877 -966.351 180.35 1.0
24.248 -966.33 180.35 1.0
11.507 -965.478 180.35 1.0
11.507 -1082.579 180.35 1.0
24.856 -1083.436 180.35 1.0
163.6 -1074.529 180.35 1.0
300.066 -1047.952 180.35 1.0
432.012 -1004.143 180.35 1.0
557.273 -943.82 180.35 1.0
673.792 -867.975 180.35 1.0
779.655 -777.852 180.35 1.0
873.125 -674.932 180.35 1.0
952.666 -560.904 180.35 1.0
1016.972 -437.64 180.35 1.0
1064.988 -307.166 180.35 1.0
1095.925 -171.622 180.35 1.0
1109.275 -33.235 180.35 1.0
1109.232 -31.898 180.35 1.0
1108.586 -11.734 180.35 1.0
993.702 -11.734 180.35 1.0
993.702 -11.734 200.35 0.0
978.103 -11.749 200.35 0.0
975.371 -93.472 200.35 1.0
975.324 -94.134 200.35 1.0
975.249 -94.682 200.35 1.0
954.207 -219.424 200.35 1.0
954.092 -219.965 200.35 1.0
953.944 -220.498 200.35 1.0
916.497 -341.217 200.35 1.0
916.277 -341.844 200.35 1.0
916.059 -342.352 200.35 1.0
862.856 -457.003 200.35 1.0
862.555 -457.595 200.35 1.0
862.271 -458.07 200.35 1.0
794.261 -564.606 200.35 1.0
793.884 -565.152 200.35 1.0
793.54 -565.585 200.35 1.0
711.936 -662.106 200.35 1.0
711.489 -662.597 200.35 1.0
711.091 -662.981 200.35 1.0
617.35 -747.764 200.35 1.0
616.842 -748.191 200.35 1.0
616.396 -748.517 200.35 1.0
512.191 -820.05 200.35 1.0
511.63 -820.405 200.35 1.0
511.145 -820.669 200.35 1.0
398.336 -877.674 200.35 1.0
397.733 -877.952 200.35 1.0
397.216 -878.149 200.35 1.0
277.816 -919.61 200.35 1.0
277.181 -919.805 200.35 1.0
276.643 -919.931 200.35 1.0
152.673 -945.128 200.35 1.0
152.126 -945.215 200.35 1.0
151.576 -945.269 200.35 1.0
25.464 -953.711 200.35 1.0
24.877 -953.731 200.35 1.0
24.248 -953.711 200.35 1.0
11.521 -952.859 200.35 1.0
11.521 -1071.485 200.35 1.0
24.856 -1072.342 200.35 1.0
162.181 -1063.525 200.35 1.0
297.251 -1037.22 200.35 1.0
427.849 -993.859 200.35 1.0
551.829 -934.153 200.35 1.0
667.156 -859.083 200.35 1.0
771.937 -769.882 200.35 1.0
864.451 -668.014 200.35 1.0
943.178 -555.152 200.35 1.0
1006.827 -433.149 200.35 1.0
1054.352 -304.009 200.35 1.0
1084.973 -169.851 200.35 1.0
1098.186 -32.88 200.35 1.0
1098.144 -31.566 200.35 1.0
1097.509 -11.749 200.35 1.0
981.103 -11.749 200.35 1.0
981.103 -11.749 220.35 0.0
965.504 -11.763 220.35 0.0
962.815 -92.208 220.35 1.0
962.768 -92.871 220.35 1.0
962.693 -93.419 220.35 1.0
941.931 -216.499 220.35 1.0
941.816 -217.04 220.35 1.0
941.669 -217.573 220.35 1.0
904.721 -336.682 220.35 1.0
904.501 -337.308 220.35 1.0
904.283 -337.817 220.35 1.0
851.789 -450.938 220.35 1.0
851.488 -451.53 220.35 1.0
851.205 -452.005 220.35 1.0
784.102 -557.121 220.35 1.0
783.724 -557.667 220.35 1.0
783.38 -558.1 220.35 1.0
702.865 -653.333 220.35 1.0
702.418 -653.825 220.35 1.0
702.02 -654.208 220.35 1.0
609.529 -737.86 220.35 1.0
609.021 -738.287 220.35 1.0
608.575 -738.614 220.35 1.0
505.76 -809.192 220.35 1.0
505.199 -809.548 220.35 1.0
504.714 -809.812 220.35 1.0
393.41 -866.056 220.35 1.0
392.806 -866.334 220.35 1.0
392.29 -866.531 220.35 1.0
274.482 -907.439 220.35 1.0
273.847 -907.634 220.35 1.0
273.309 -907.76 220.35 1.0
150.991 -932.622 220.35 1.0
150.444 -932.709 220.35 1.0
149.894 -932.762 220.35 1.0
25.464 -941.092 220.35 1.0
24.877 -941.112 220.35 1.0
24.248 -941.092 220.35 1.0
11.536 -940.241 220.35 1.0
11.536 -1059.901 220.35 1.0
24.856 -1060.757 220.35 1.0
160.7 -1052.035 220.35 1.0
294.313 -1026.014 220.35 1.0
423.501 -983.121 220.35 1.0
546.144 -924.059 220.35 1.0
660.227 -849.799 220.35 1.0
763.878 -761.56 220.35 1.0
855.393 -660.791 220.35 1.0
933.272 -549.147 220.35 1.0
996.234 -428.46 220.35 1.0
1043.246 -300.713 220.35 1.0
1073.536 -168.002 220.35 1.0
1086.607 -32.508 220.35 1.0
1086.566 -31.219 220.35 1.0
1085.942 -11.763 220.35 1.0
968.504 -11.763 220.35 1.0
968.504 -11.763 240.35 0.0
952.906 -11.778 240.35 0.0
950.259 -90.945 240.35 1.0
950.213 -91.608 240.35 1.0
950.137 -92.155 240.35 1.0
929.656 -213.573 240.35 1.0
929.541 -214.114 240.35 1.0
929.393 -214.647 240.35 1.0
892.944 -332.146 240.35 1.0
892.725 -332.773 240.35 1.0
892.507 -333.281 240.35 1.0
840.723 -444.874 240.35 1.0
840.422 -445.466 240.35 1.0
840.138 -445.94 240.35 1.0
773.942 -549.635 240.35 1.0
773.565 -550.181 240.35 1.0
773.221 -550.614 240.35 1.0
693.794 -644.561 240.35 1.0
693.347 -645.052 240.35 1.0
692.949 -645.435 240.35 1.0
601.709 -727.957 240.35 1.0
601.2 -728.384 240.35 1.0
600.754 -728.71 240.35 1.0
499.329 -798.334 240.35 1.0
498.768 -798.69 240.35 1.0
498.283 -798.954 240.35 1.0
388.483 -854.439 240.35 1.0
387.88 -854.716 240.35 1.0
387.363 -854.913 240.35 1.0
271.148 -895.268 240.35 1.0
270.513 -895.463 240.35 1.0
269.975 -895.589 240.35 1.0
149.309 -920.115 240.35 1.0
148.762 -920.202 240.35 1.0
148.212 -920.256 240.35 1.0
25.464 -928.473 240.35 1.0
24.877 -928.493 240.35 1.0
24.248 -928.473 240.35 1.0
11.55 -927.623 240.35 1.0
11.55 -1046.702 240.35 1.0
24.856 -1047.557 240.35 1.0
159.012 -1038.944 240.35 1.0
290.964 -1013.246 240.35 1.0
418.548 -970.885 240.35 1.0
539.666 -912.558 240.35 1.0
652.332 -839.22 240.35 1.0
754.694 -752.078 240.35 1.0
845.073 -652.561 240.35 1.0
921.984 -542.304 240.35 1.0
984.163 -423.117 240.35 1.0
1030.591 -296.957 240.35 1.0
1060.505 -165.896 240.35 1.0
1073.414 -32.085 240.35 1.0
1073.373 -30.823 240.35 1.0
1072.763 -11.778 240.35 1.0
955.906 -11.778 240.35 1.0
955.906 -11.778 260.35 0.0
11.564 -913.512 260.35 0.0
11.564 -1033.503 260.35 1.0
24.856 -1034.357 260.35 1.0
157.324 -1025.852 260.35 1.0
287.616 -1000.477 260.35 1.0
413.594 -958.65 260.35 1.0
533.189 -901.056 260.35 1.0
644.437 -828.642 260.35 1.0
745.511 -742.596 260.35 1.0
834.753 -644.331 260.35 1.0
910.696 -535.461 260.35 1.0
972.093 -417.774 260.35 1.0
1017.937 -293.201 260.35 1.0
1047.474 -163.789 260.35 1.0
1060.221 -31.662 260.35 1.0
1060.181 -30.427 260.35 1.0
1059.583 -11.792 260.35 1.0
938.818 -11.792 260.35 1.0
936.218 -89.533 260.35 1.0
936.172 -90.195 260.35 1.0
936.097 -90.743 260.35 1.0
915.929 -210.302 260.35 1.0
915.814 -210.843 260.35 1.0
915.666 -211.376 260.35 1.0
879.776 -327.075 260.35 1.0
879.556 -327.701 260.35 1.0
879.339 -328.21 260.35 1.0
828.348 -438.092 260.35 1.0
828.047 -438.684 260.35 1.0
827.763 -439.159 260.35 1.0
762.582 -541.264 260.35 1.0
762.204 -541.811 260.35 1.0
761.86 -542.244 260.35 1.0
683.65 -634.751 260.35 1.0
683.204 -635.242 260.35 1.0
682.805 -635.625 260.35 1.0
592.963 -716.882 260.35 1.0
592.455 -717.309 260.35 1.0
592.009 -717.636 260.35 1.0
492.138 -786.193 260.35 1.0
491.577 -786.549 260.35 1.0
491.092 -786.813 260.35 1.0
382.974 -841.447 260.35 1.0
382.371 -841.725 260.35 1.0
381.855 -841.922 260.35 1.0
267.42 -881.658 260.35 1.0
266.785 -881.853 260.35 1.0
266.247 -881.979 260.35 1.0
147.537 -906.108 260.35 1.0
146.836 -906.222 260.35 1.0
146.331 -906.27 260.35 1.0
25.464 -914.361 260.35 1.0
24.877 -914.382 260.35 1.0
24.248 -914.361 260.35 1.0
14.558 -913.713 260.35 1.0
14.558 -913.713 280.35 0.0
11.579 -899.368 280.35 0.0
11.579 -1020.304 280.35 1.0
24.856 -1021.157 280.35 1.0
155.636 -1012.76 280.35 1.0
284.268 -987.709 280.35 1.0
408.641 -946.415 280.35 1.0
526.711 -889.555 280.35 1.0
636.542 -818.063 280.35 1.0
736.328 -733.113 280.35 1.0
824.433 -636.101 280.35 1.0
899.408 -528.618 280.35 1.0
960.023 -412.431 280.35 1.0
1005.282 -289.445 280.35 1.0
1034.444 -161.682 280.35 1.0
1047.027 -31.239 280.35 1.0
1046.989 -30.031 280.35 1.0
1046.404 -11.807 280.35 1.0
924.696 -11.807 280.35 1.0
922.145 -88.117 280.35 1.0
922.098 -88.779 280.35 1.0
922.023 -89.327 280.35 1.0
902.17 -207.023 280.35 1.0
902.054 -207.564 280.35 1.0
901.907 -208.097 280.35 1.0
866.576 -321.991 280.35 1.0
866.357 -322.617 280.35 1.0
866.139 -323.126 280.35 1.0
815.944 -431.295 280.35 1.0
815.642 -431.886 280.35 1.0
815.359 -432.361 280.35 1.0
751.194 -532.874 280.35 1.0
750.817 -533.42 280.35 1.0
750.473 -533.853 280.35 1.0
673.483 -624.917 280.35 1.0
673.036 -625.408 280.35 1.0
672.637 -625.791 280.35 1.0
584.197 -705.781 280.35 1.0
583.652 -706.237 280.35 1.0
583.243 -706.535 280.35 1.0
484.93 -774.023 280.35 1.0
484.329 -774.402 280.35 1.0
483.883 -774.643 280.35 1.0
377.452 -828.425 280.35 1.0
376.806 -828.72 280.35 1.0
376.333 -828.899 280.35 1.0
263.683 -868.016 280.35 1.0
263.003 -868.222 280.35 1.0
262.51 -868.337 280.35 1.0
145.651 -892.09 280.35 1.0
144.95 -892.204 280.35 1.0
144.446 -892.252 280.35 1.0
25.464 -900.216 280.35 1.0
24.877 -900.237 280.35 1.0
24.248 -900.216 280.35 1.0
14.572 -899.569 280.35 1.0
14.572 -899.569 300.35 0.0
11.593 -885.225 300.35 0.0
11.593 -1007.105 300.35 1.0
24.856 -1007.956 300.35 1.0
153.948 -999.669 300.35 1.0
280.92 -974.941 300.35 1.0
403.687 -934.179 300.35 1.0
520.234 -878.053 300.35 1.0
628.647 -807.484 300.35 1.0
727.145 -723.631 300.35 1.0
814.112 -627.871 300.35 1.0
888.12 -521.776 300.35 1.0
947.953 -407.087 300.35 1.0
992.628 -285.69 300.35 1.0
1021.413 -159.576 300.35 1.0
1033.834 -30.816 300.35 1.0
1033.796 -29.635 300.35 1.0
1033.225 -11.821 300.35 1.0
910.575 -11.821 300.35 1.0
908.071 -86.701 300.35 1.0
908.02 -87.409 300.35 1.0
907.949 -87.911 300.35 1.0
888.393 -203.835 300.35 1.0
888.284 -204.33 300.35 1.0
888.147 -204.818 300.35 1.0
853.377 -316.907 300.35 1.0
853.14 -317.577 300.35 1.0
852.94 -318.042 300.35 1.0
803.54 -424.497 300.35 1.0
803.216 -425.129 300.35 1.0
802.955 -425.563 300.35 1.0
739.807 -524.484 300.35 1.0
739.402 -525.067 300.35 1.0
739.085 -525.463 300.35 1.0
663.315 -615.084 300.35 1.0
662.836 -615.608 300.35 1.0
662.47 -615.958 300.35 1.0
575.431 -694.68 300.35 1.0
574.886 -695.136 300.35 1.0
574.476 -695.434 300.35 1.0
477.721 -761.853 300.35 1.0
477.12 -762.231 300.35 1.0
476.675 -762.472 300.35 1.0
371.93 -815.402 300.35 1.0
371.284 -815.698 300.35 1.0
370.811 -815.877 300.35 1.0
259.946 -854.374 300.35 1.0
259.266 -854.58 300.35 1.0
258.773 -854.695 300.35 1.0
143.766 -878.071 300.35 1.0
143.065 -878.185 300.35 1.0
142.561 -878.233 300.35 1.0
25.464 -886.072 300.35 1.0
24.877 -886.092 300.35 1.0
24.248 -886.072 300.35 1.0
14.586 -885.425 300.35 1.0
14.586 -885.425 320.35 0.0
11.607 -871.081 320.35 0.0
11.607 -993.906 320.35 1.0
24.856 -994.756 320.35 1.0
152.26 -986.577 320.35 1.0
277.571 -962.172 320.35 1.0
398.733 -921.944 320.35 1.0
513.756 -866.552 320.35 1.0
620.752 -796.906 320.35 1.0
717.962 -714.149 320.35 1.0
803.792 -619.641 320.35 1.0
876.832 -514.933 320.35 1.0
935.882 -401.744 320.35 1.0
979.973 -281.934 320.35 1.0
1008.382 -157.469 320.35 1.0
1020.641 -30.393 320.35 1.0
1020.604 -29.239 320.35 1.0
1020.046 -11.836 320.35 1.0
896.453 -11.835 320.35 1.0
893.997 -85.285 320.35 1.0
893.946 -85.993 320.35 1.0
893.876 -86.495 320.35 1.0
874.634 -200.555 320.35 1.0
874.525 -201.051 320.35 1.0
874.388 -201.539 320.35 1.0
840.177 -311.824 320.35 1.0
839.941 -312.493 320.35 1.0
839.74 -312.958 320.35 1.0
791.135 -417.699 320.35 1.0
790.812 -418.331 320.35 1.0
790.551 -418.766 320.35 1.0
728.419 -516.093 320.35 1.0
728.014 -516.677 320.35 1.0
727.698 -517.072 320.35 1.0
653.148 -605.251 320.35 1.0
652.669 -605.775 320.35 1.0
652.302 -606.125 320.35 1.0
566.665 -683.58 320.35 1.0
566.12 -684.035 320.35 1.0
565.71 -684.333 320.35 1.0
470.513 -749.683 320.35 1.0
469.912 -750.061 320.35 1.0
469.466 -750.302 320.35 1.0
366.408 -802.38 320.35 1.0
365.762 -802.675 320.35 1.0
365.289 -802.855 320.35 1.0
256.209 -840.731 320.35 1.0
255.529 -840.938 320.35 1.0
255.036 -841.053 320.35 1.0
141.881 -864.053 320.35 1.0
141.18 -864.167 320.35 1.0
140.675 -864.215 320.35 1.0
25.464 -871.927 320.35 1.0
24.877 -871.947 320.35 1.0
24.248 -871.927 320.35 1.0
14.601 -871.281 320.35 1.0
14.601 -871.281 340.35 0.0
11.622 -856.452 340.35 0.0
11.622 -980.707 340.35 1.0
24.856 -981.556 340.35 1.0
150.572 -973.485 340.35 1.0
274.223 -949.404 340.35 1.0
393.78 -909.709 340.35 1.0
507.279 -855.05 340.35 1.0
612.857 -786.327 340.35 1.0
708.779 -704.667 340.35 1.0
793.472 -611.411 340.35 1.0
865.544 -508.09 340.35 1.0
923.812 -396.401 340.35 1.0
967.319 -278.178 340.35 1.0
995.351 -155.362 340.35 1.0
1007.447 -29.97 340.35 1.0
1007.411 -28.843 340.35 1.0
1006.866 -11.85 340.35 1.0
881.848 -11.85 340.35 1.0
879.441 -83.821 340.35 1.0
879.39 -84.529 340.35 1.0
879.32 -85.031 340.35 1.0
860.403 -197.164 340.35 1.0
860.294 -197.659 340.35 1.0
860.157 -198.148 340.35 1.0
826.525 -306.566 340.35 1.0
826.289 -307.235 340.35 1.0
826.088 -307.7 340.35 1.0
778.306 -410.668 340.35 1.0
777.982 -411.3 340.35 1.0
777.722 -411.735 340.35 1.0
716.641 -507.415 340.35 1.0
716.236 -507.999 340.35 1.0
715.92 -508.395 340.35 1.0
642.632 -595.08 340.35 1.0
642.153 -595.604 340.35 1.0
641.786 -595.955 340.35 1.0
557.598 -672.098 340.35 1.0
557.053 -672.554 340.35 1.0
556.644 -672.852 340.35 1.0
463.057 -737.095 340.35 1.0
462.457 -737.474 340.35 1.0
462.011 -737.715 340.35 1.0
360.697 -788.911 340.35 1.0
360.051 -789.207 340.35 1.0
359.577 -789.386 340.35 1.0
252.344 -826.622 340.35 1.0
251.664 -826.828 340.35 1.0
251.171 -826.943 340.35 1.0
139.931 -849.554 340.35 1.0
139.23 -849.668 340.35 1.0
138.726 -849.716 340.35 1.0
25.464 -857.298 340.35 1.0
24.877 -857.318 340.35 1.0
24.248 -857.298 340.35 1.0
14.615 -856.653 340.35 1.0
14.615 -856.653 360.35 0.0
11.636 -840.599 360.35 0.0
11.636 -967.508 360.35 1.0
24.856 -968.356 360.35 1.0
148.884 -960.394 360.35 1.0
270.875 -936.636 360.35 1.0
388.826 -897.473 360.35 1.0
500.801 -843.549 360.35 1.0
604.961 -775.748 360.35 1.0
699.596 -695.184 360.35 1.0
783.152 -603.18 360.35 1.0
854.256 -501.247 360.35 1.0
911.742 -391.058 360.35 1.0
954.665 -274.422 360.35 1.0
982.32 -153.255 360.35 1.0
994.254 -29.547 360.35 1.0
994.219 -28.448 360.35 1.0
993.687 -11.864 360.35 1.0
866.019 -11.864 360.35 1.0
863.666 -82.234 360.35 1.0
863.615 -82.942 360.35 1.0
863.545 -83.444 360.35 1.0
844.98 -193.489 360.35 1.0
844.871 -193.984 360.35 1.0
844.734 -194.472 360.35 1.0
811.73 -300.867 360.35 1.0
811.493 -301.537 360.35 1.0
811.293 -302.002 360.35 1.0
764.402 -403.049 360.35 1.0
764.079 -403.681 360.35 1.0
763.818 -404.115 360.35 1.0
703.877 -498.011 360.35 1.0
703.472 -498.594 360.35 1.0
703.156 -498.99 360.35 1.0
631.235 -584.058 360.35 1.0
630.756 -584.582 360.35 1.0
630.39 -584.933 360.35 1.0
547.772 -659.656 360.35 1.0
547.227 -660.111 360.35 1.0
546.818 -660.409 360.35 1.0
454.978 -723.454 360.35 1.0
454.377 -723.833 360.35 1.0
453.931 -724.074 360.35 1.0
354.508 -774.315 360.35 1.0
353.862 -774.61 360.35 1.0
353.388 -774.79 360.35 1.0
248.155 -811.33 360.35 1.0
247.475 -811.537 360.35 1.0
246.982 -811.652 360.35 1.0
137.818 -833.84 360.35 1.0
137.116 -833.955 360.35 1.0
136.612 -834.002 360.35 1.0
25.464 -841.443 360.35 1.0
24.877 -841.463 360.35 1.0
24.248 -841.443 360.35 1.0
14.629 -840.799 360.35 1.0
14.629 -840.799 380.35 0.0
11.65 -824.745 380.35 0.0
11.65 -953.403 380.35 1.0
24.856 -954.251 380.35 1.0
147.08 -946.404 380.35 1.0
267.297 -922.991 380.35 1.0
383.533 -884.399 380.35 1.0
493.88 -831.258 380.35 1.0
596.525 -764.444 380.35 1.0
689.783 -685.052 380.35 1.0
772.124 -594.386 380.35 1.0
842.194 -493.935 380.35 1.0
898.843 -385.348 380.35 1.0
941.142 -270.409 380.35 1.0
968.395 -151.004 380.35 1.0
980.156 -29.095 380.35 1.0
980.122 -28.024 380.35 1.0
979.604 -11.879 380.35 1.0
850.191 -11.879 380.35 1.0
847.891 -80.647 380.35 1.0
847.84 -81.355 380.35 1.0
847.77 -81.857 380.35 1.0
829.557 -189.813 380.35 1.0
829.448 -190.308 380.35 1.0
829.311 -190.797 380.35 1.0
796.935 -295.169 380.35 1.0
796.698 -295.838 380.35 1.0
796.498 -296.304 380.35 1.0
750.498 -395.429 380.35 1.0
750.175 -396.061 380.35 1.0
749.914 -396.496 380.35 1.0
691.113 -488.606 380.35 1.0
690.708 -489.189 380.35 1.0
690.392 -489.585 380.35 1.0
619.838 -573.036 380.35 1.0
619.359 -573.56 380.35 1.0
618.993 -573.911 380.35 1.0
537.946 -647.213 380.35 1.0
537.401 -647.668 380.35 1.0
536.992 -647.967 380.35 1.0
446.898 -709.813 380.35 1.0
446.297 -710.191 380.35 1.0
445.851 -710.432 380.35 1.0
348.318 -759.718 380.35 1.0
347.672 -760.014 380.35 1.0
347.198 -760.193 380.35 1.0
243.966 -796.039 380.35 1.0
243.287 -796.246 380.35 1.0
242.793 -796.36 380.35 1.0
135.704 -818.127 380.35 1.0
135.006 -818.241 380.35 1.0
134.504 -818.289 380.35 1.0
25.464 -825.588 380.35 1.0
24.877 -825.609 380.35 1.0
24.248 -825.588 380.35 1.0
14.644 -824.945 380.35 1.0
14.644 -824.945 400.35 0.0
11.665 -808.891 400.35 0.0
11.665 -937.709 400.35 1.0
24.856 -938.556 400.35 1.0
145.073 -930.838 400.35 1.0
263.316 -907.81 400.35 1.0
377.643 -869.851 400.35 1.0
486.178 -817.584 400.35 1.0
587.138 -751.866 400.35 1.0
678.865 -673.778 400.35 1.0
759.853 -584.601 400.35 1.0
828.773 -485.799 400.35 1.0
884.492 -378.995 400.35 1.0
926.096 -265.943 400.35 1.0
952.902 -148.499 400.35 1.0
964.47 -28.592 400.35 1.0
964.436 -27.554 400.35 1.0
963.934 -11.893 400.35 1.0
834.362 -11.893 400.35 1.0
832.116 -79.06 400.35 1.0
832.065 -79.768 400.35 1.0
831.994 -80.27 400.35 1.0
814.135 -186.138 400.35 1.0
814.025 -186.633 400.35 1.0
813.889 -187.121 400.35 1.0
782.139 -289.471 400.35 1.0
781.903 -290.14 400.35 1.0
781.702 -290.606 400.35 1.0
736.595 -387.81 400.35 1.0
736.271 -388.442 400.35 1.0
736.01 -388.876 400.35 1.0
678.349 -479.201 400.35 1.0
677.944 -479.785 400.35 1.0
677.628 -480.181 400.35 1.0
608.442 -562.014 400.35 1.0
607.962 -562.538 400.35 1.0
607.596 -562.888 400.35 1.0
528.12 -634.77 400.35 1.0
527.575 -635.226 400.35 1.0
527.166 -635.524 400.35 1.0
438.818 -696.171 400.35 1.0
438.217 -696.55 400.35 1.0
437.772 -696.791 400.35 1.0
342.129 -745.122 400.35 1.0
341.483 -745.417 400.35 1.0
341.009 -745.596 400.35 1.0
239.778 -780.748 400.35 1.0
239.098 -780.954 400.35 1.0
238.605 -781.069 400.35 1.0
133.493 -802.433 400.35 1.0
132.999 -802.514 400.35 1.0
132.402 -802.575 400.35 1.0
25.464 -809.734 400.35 1.0
24.877 -809.754 400.35 1.0
24.248 -809.734 400.35 1.0
14.658 -809.092 400.35 1.0
14.658 -809.092 420.35 0.0
11.679 -793.037 420.35 0.0
11.679 -922.016 420.35 1.0
24.856 -922.862 420.35 1.0
143.066 -915.273 420.35 1.0
259.335 -892.629 420.35 1.0
371.754 -855.304 420.35 1.0
478.477 -803.909 420.35 1.0
577.751 -739.288 420.35 1.0
667.947 -662.504 420.35 1.0
747.583 -574.815 420.35 1.0
815.352 -477.663 420.35 1.0
870.141 -372.643 420.35 1.0
911.051 -261.478 420.35 1.0
937.409 -145.995 420.35 1.0
948.783 -28.089 420.35 1.0
948.751 -27.083 420.35 1.0
948.264 -11.908 420.35 1.0
818.533 -11.908 420.35 1.0
816.341 -77.473 420.35 1.0
816.29 -78.181 420.35 1.0
816.219 -78.683 420.35 1.0
798.712 -182.462 420.35 1.0
798.602 -182.958 420.35 1.0
798.466 -183.446 420.35 1.0
767.344 -283.772 420.35 1.0
767.108 -284.442 420.35 1.0
766.907 -284.907 420.35 1.0
722.691 -380.19 420.35 1.0
722.367 -380.822 420.35 1.0
722.106 -381.257 420.35 1.0
665.585 -469.797 420.35 1.0
665.18 -470.38 420.35 1.0
664.863 -470.776 420.35 1.0
597.045 -550.992 420.35 1.0
596.566 -551.516 420.35 1.0
596.199 -551.866 420.35 1.0
518.294 -622.327 420.35 1.0
517.749 -622.783 420.35 1.0
517.34 -623.081 420.35 1.0
430.738 -682.53 420.35 1.0
430.137 -682.909 420.35 1.0
429.692 -683.15 420.35 1.0
335.939 -730.525 420.35 1.0
335.293 -730.82 420.35 1.0
334.819 -731.0 420.35 1.0
235.589 -765.456 420.35 1.0
234.909 -765.663 420.35 1.0
234.416 -765.778 420.35 1.0
131.381 -786.72 420.35 1.0
130.793 -786.813 420.35 1.0
130.273 -786.863 420.35 1.0
25.464 -793.879 420.35 1.0
24.877 -793.899 420.35 1.0
24.248 -793.879 420.35 1.0
14.672 -793.238 420.35 1.0
14.672 -793.238 440.35 0.0
800.841 -11.922 440.35 0.0
798.709 -75.699 440.35 1.0
798.658 -76.407 440.35 1.0
798.587 -76.909 440.35 1.0
781.473 -178.354 440.35 1.0
781.364 -178.849 440.35 1.0
781.227 -179.338 440.35 1.0
750.807 -277.403 440.35 1.0
750.57 -278.073 440.35 1.0
750.37 -278.538 440.35 1.0
707.15 -371.674 440.35 1.0
706.827 -372.306 440.35 1.0
706.566 -372.741 440.35 1.0
651.318 -459.285 440.35 1.0
650.913 -459.868 440.35 1.0
650.597 -460.264 440.35 1.0
584.306 -538.672 440.35 1.0
583.827 -539.196 440.35 1.0
583.461 -539.547 440.35 1.0
507.311 -608.42 440.35 1.0
506.767 -608.875 440.35 1.0
506.357 -609.173 440.35 1.0
421.707 -667.282 440.35 1.0
421.106 -667.661 440.35 1.0
420.661 -667.902 440.35 1.0
329.021 -714.21 440.35 1.0
328.375 -714.505 440.35 1.0
327.901 -714.685 440.35 1.0
230.907 -748.365 440.35 1.0
230.227 -748.571 440.35 1.0
229.734 -748.686 440.35 1.0
129.02 -769.156 440.35 1.0
128.442 -769.248 440.35 1.0
127.911 -769.3 440.35 1.0
25.464 -776.158 440.35 1.0
24.877 -776.178 440.35 1.0
24.248 -776.158 440.35 1.0
11.693 -775.317 440.35 1.0
11.693 -906.323 440.35 1.0
24.856 -907.168 440.35 1.0
141.059 -899.707 440.35 1.0
255.354 -877.448 440.35 1.0
365.864 -840.756 440.35 1.0
470.775 -790.234 440.35 1.0
568.364 -726.711 440.35 1.0
657.028 -651.229 440.35 1.0
735.312 -565.03 440.35 1.0
801.931 -469.527 440.35 1.0
855.79 -366.29 440.35 1.0
896.005 -257.012 440.35 1.0
921.916 -143.49 440.35 1.0
933.097 -27.586 440.35 1.0
933.066 -26.612 440.35 1.0
932.595 -11.922 440.35 1.0
803.841 -11.922 440.35 1.0
803.841 -11.922 460.35 0.0
783.081 -11.937 460.35 0.0
781.009 -73.919 460.35 1.0
780.964 -74.569 460.35 1.0
780.887 -75.129 460.35 1.0
764.169 -174.23 460.35 1.0
764.059 -174.726 460.35 1.0
763.923 -175.214 460.35 1.0
734.207 -271.01 460.35 1.0
733.99 -271.628 460.35 1.0
733.769 -272.145 460.35 1.0
691.55 -363.125 460.35 1.0
691.253 -363.709 460.35 1.0
690.966 -364.191 460.35 1.0
636.996 -448.733 460.35 1.0
636.624 -449.272 460.35 1.0
636.275 -449.712 460.35 1.0
571.519 -526.306 460.35 1.0
571.078 -526.791 460.35 1.0
570.674 -527.18 460.35 1.0
496.287 -594.459 460.35 1.0
495.785 -594.881 460.35 1.0
495.332 -595.212 460.35 1.0
412.641 -651.977 460.35 1.0
412.088 -652.328 460.35 1.0
411.595 -652.596 460.35 1.0
322.076 -697.832 460.35 1.0
321.481 -698.107 460.35 1.0
320.957 -698.307 460.35 1.0
226.207 -731.208 460.35 1.0
225.58 -731.4 460.35 1.0
225.034 -731.529 460.35 1.0
126.651 -751.526 460.35 1.0
126.082 -751.617 460.35 1.0
125.54 -751.669 460.35 1.0
25.464 -758.368 460.35 1.0
24.877 -758.389 460.35 1.0
24.248 -758.368 460.35 1.0
11.708 -757.529 460.35 1.0
11.708 -890.629 460.35 1.0
24.856 -891.473 460.35 1.0
139.052 -884.142 460.35 1.0
251.373 -862.267 460.35 1.0
359.975 -826.209 460.35 1.0
463.074 -776.559 460.35 1.0
558.977 -714.133 460.35 1.0
646.11 -639.955 460.35 1.0
723.042 -555.245 460.35 1.0
788.51 -461.391 460.35 1.0
841.439 -359.937 460.35 1.0
880.959 -252.547 460.35 1.0
906.423 -140.985 460.35 1.0
917.411 -27.083 460.35 1.0
917.38 -26.141 460.35 1.0
916.925 -11.937 460.35 1.0
786.081 -11.937 460.35 1.0
786.081 -11.937 480.35 0.0
765.322 -11.951 480.35 0.0
763.309 -72.138 480.35 1.0
763.257 -72.851 480.35 1.0
763.188 -73.348 480.35 1.0
746.884 -169.999 480.35 1.0
746.768 -170.549 480.35 1.0
746.618 -171.09 480.35 1.0
717.606 -264.616 480.35 1.0
717.39 -265.235 480.35 1.0
717.169 -265.751 480.35 1.0
675.95 -354.576 480.35 1.0
675.653 -355.16 480.35 1.0
675.365 -355.642 480.35 1.0
622.675 -438.181 480.35 1.0
622.303 -438.72 480.35 1.0
621.954 -439.16 480.35 1.0
558.732 -513.939 480.35 1.0
558.291 -514.424 480.35 1.0
557.886 -514.813 480.35 1.0
485.262 -580.498 480.35 1.0
484.76 -580.92 480.35 1.0
484.307 -581.252 480.35 1.0
403.576 -636.671 480.35 1.0
403.022 -637.022 480.35 1.0
402.529 -637.291 480.35 1.0
315.132 -681.455 480.35 1.0
314.536 -681.729 480.35 1.0
314.012 -681.929 480.35 1.0
221.507 -714.051 480.35 1.0
220.881 -714.243 480.35 1.0
220.334 -714.372 480.35 1.0
124.281 -733.895 480.35 1.0
123.721 -733.985 480.35 1.0
123.169 -734.039 480.35 1.0
25.464 -740.579 480.35 1.0
24.877 -740.6 480.35 1.0
24.248 -740.579 480.35 1.0
11.722 -739.741 480.35 1.0
11.722 -874.936 480.35 1.0
24.856 -875.779 480.35 1.0
137.045 -868.576 480.35 1.0
247.392 -847.086 480.35 1.0
354.085 -811.662 480.35 1.0
455.372 -762.884 480.35 1.0
549.59 -701.555 480.35 1.0
635.192 -628.681 480.35 1.0
710.772 -545.459 480.35 1.0
775.089 -453.256 480.35 1.0
827.088 -353.584 480.35 1.0
865.914 -248.082 480.35 1.0
890.929 -138.48 480.35 1.0
901.724 -26.58 480.35 1.0
901.695 -25.67 480.35 1.0
901.255 -11.951 480.35 1.0
768.322 -11.951 480.35 1.0
768.322 -11.951 500.35 0.0
747.556 -11.966 500.35 0.0
745.604 -70.357 500.35 1.0
745.56 -70.998 500.35 1.0
745.482 -71.567 500.35 1.0
729.574 -165.874 500.35 1.0
729.458 -166.423 500.35 1.0
729.308 -166.965 500.35 1.0
701.0 -258.22 500.35 1.0
700.784 -258.839 500.35 1.0
700.563 -259.355 500.35 1.0
660.345 -346.024 500.35 1.0
660.047 -346.608 500.35 1.0
659.76 -347.09 500.35 1.0
608.349 -427.625 500.35 1.0
607.976 -428.164 500.35 1.0
607.627 -428.604 500.35 1.0
545.94 -501.568 500.35 1.0
545.499 -502.053 500.35 1.0
545.095 -502.442 500.35 1.0
474.233 -566.532 500.35 1.0
473.732 -566.954 500.35 1.0
473.279 -567.286 500.35 1.0
394.507 -621.36 500.35 1.0
393.954 -621.711 500.35 1.0
393.461 -621.98 500.35 1.0
308.185 -665.072 500.35 1.0
307.589 -665.346 500.35 1.0
307.065 -665.546 500.35 1.0
216.806 -696.888 500.35 1.0
216.179 -697.081 500.35 1.0
215.633 -697.209 500.35 1.0
121.911 -716.258 500.35 1.0
121.36 -716.347 500.35 1.0
120.797 -716.402 500.35 1.0
25.464 -722.784 500.35 1.0
24.877 -722.805 500.35 1.0
24.248 -722.784 500.35 1.0
11.736 -721.947 500.35 1.0
11.736 -859.242 500.35 1.0
24.856 -860.084 500.35 1.0
135.038 -853.011 500.35 1.0
243.411 -831.905 500.35 1.0
348.196 -797.114 500.35 1.0
447.671 -749.21 500.35 1.0
540.203 -688.978 500.35 1.0
624.273 -617.407 500.35 1.0
698.501 -535.674 500.35 1.0
761.668 -445.12 500.35 1.0
812.737 -347.231 500.35 1.0
850.868 -243.616 500.35 1.0
875.436 -135.975 500.35 1.0
886.038 -26.077 500.35 1.0
886.01 -25.199 500.35 1.0
885.586 -11.966 500.35 1.0
750.556 -11.966 500.35 1.0
750.556 -11.966 520.35 0.0
727.586 -11.98 520.35 0.0
725.701 -68.355 520.35 1.0
725.658 -68.984 520.35 1.0
725.579 -69.565 520.35 1.0
710.116 -161.237 520.35 1.0
710.0 -161.786 520.35 1.0
709.85 -162.327 520.35 1.0
682.334 -251.031 520.35 1.0
682.117 -251.65 520.35 1.0
681.897 -252.166 520.35 1.0
642.803 -336.411 520.35 1.0
642.506 -336.995 520.35 1.0
642.218 -337.477 520.35 1.0
592.245 -415.76 520.35 1.0
591.872 -416.299 520.35 1.0
591.523 -416.739 520.35 1.0
531.501 -487.733 520.35 1.0
531.121 -488.147 520.35 1.0
530.716 -488.536 520.35 1.0
461.836 -550.834 520.35 1.0
461.335 -551.256 520.35 1.0
460.882 -551.588 520.35 1.0
384.313 -604.149 520.35 1.0
383.76 -604.501 520.35 1.0
383.267 -604.769 520.35 1.0
300.376 -646.656 520.35 1.0
299.78 -646.93 520.35 1.0
299.256 -647.131 520.35 1.0
211.521 -677.595 520.35 1.0
210.894 -677.788 520.35 1.0
210.348 -677.917 520.35 1.0
119.246 -696.434 520.35 1.0
118.706 -696.521 520.35 1.0
118.131 -696.578 520.35 1.0
25.464 -702.781 520.35 1.0
24.877 -702.801 520.35 1.0
24.248 -702.781 520.35 1.0
11.751 -701.945 520.35 1.0
11.751 -842.445 520.35 1.0
24.856 -843.286 520.35 1.0
132.89 -836.35 520.35 1.0
239.15 -815.657 520.35 1.0
341.892 -781.544 520.35 1.0
439.428 -734.573 520.35 1.0
530.156 -675.516 520.35 1.0
612.587 -605.341 520.35 1.0
685.368 -525.201 520.35 1.0
747.303 -436.412 520.35 1.0
797.376 -340.432 520.35 1.0
834.764 -238.837 520.35 1.0
858.854 -133.294 520.35 1.0
869.249 -25.538 520.35 1.0
869.222 -24.695 520.35 1.0
868.814 -11.98 520.35 1.0
730.586 -11.98 520.35 1.0
730.586 -11.98 540.35 0.0
707.616 -11.994 540.35 0.0
705.798 -66.352 540.35 1.0
705.755 -66.982 540.35 1.0
705.677 -67.562 540.35 1.0
690.658 -156.6 540.35 1.0
690.541 -157.149 540.35 1.0
690.392 -157.69 540.35 1.0
663.667 -243.842 540.35 1.0
663.451 -244.46 540.35 1.0
663.23 -244.977 540.35 1.0
625.261 -326.798 540.35 1.0
624.964 -327.382 540.35 1.0
624.677 -327.864 540.35 1.0
576.141 -403.894 540.35 1.0
575.769 -404.434 540.35 1.0
575.42 -404.873 540.35 1.0
517.122 -473.827 540.35 1.0
516.742 -474.241 540.35 1.0
516.338 -474.63 540.35 1.0
449.44 -535.136 540.35 1.0
448.938 -535.557 540.35 1.0
448.485 -535.889 540.35 1.0
374.119 -586.939 540.35 1.0
373.566 -587.29 540.35 1.0
373.073 -587.558 540.35 1.0
292.567 -628.24 540.35 1.0
291.971 -628.514 540.35 1.0
291.447 -628.715 540.35 1.0
206.237 -658.303 540.35 1.0
205.61 -658.496 540.35 1.0
205.064 -658.624 540.35 1.0
116.581 -676.609 540.35 1.0
116.049 -676.695 540.35 1.0
115.464 -676.753 540.35 1.0
25.464 -682.778 540.35 1.0
24.877 -682.798 540.35 1.0
24.248 -682.778 540.35 1.0
11.765 -681.942 540.35 1.0
11.765 -823.619 540.35 1.0
24.856 -824.459 540.35 1.0
130.483 -817.678 540.35 1.0
234.375 -797.445 540.35 1.0
334.827 -764.093 540.35 1.0
430.189 -718.169 540.35 1.0
518.895 -660.427 540.35 1.0
599.49 -591.816 540.35 1.0
670.649 -513.462 540.35 1.0
731.204 -426.652 540.35 1.0
780.161 -332.811 540.35 1.0
816.715 -233.48 540.35 1.0
840.268 -130.29 540.35 1.0
850.431 -24.935 540.35 1.0
850.406 -24.13 540.35 1.0
850.016 -11.995 540.35 1.0
710.616 -11.994 540.35 1.0
710.616 -11.994 560.35 0.0
11.779 -661.94 560.35 0.0
11.779 -804.793 560.35 1.0
24.856 -805.632 560.35 1.0
128.075 -799.006 560.35 1.0
229.599 -779.234 560.35 1.0
327.762 -746.642 560.35 1.0
420.95 -701.765 560.35 1.0
507.635 -645.339 560.35 1.0
586.392 -578.292 560.35 1.0
655.929 -501.724 560.35 1.0
715.104 -416.892 560.35 1.0
762.945 -325.19 560.35 1.0
798.667 -228.123 560.35 1.0
821.682 -127.285 560.35 1.0
831.614 -24.331 560.35 1.0
831.589 -23.565 560.35 1.0
831.219 -12.009 560.35 1.0
687.646 -12.009 560.35 1.0
685.896 -64.35 560.35 1.0
685.847 -65.034 560.35 1.0
685.774 -65.56 560.35 1.0
671.199 -151.962 560.35 1.0
671.083 -152.512 560.35 1.0
670.933 -153.053 560.35 1.0
645.001 -236.653 560.35 1.0
644.784 -237.271 560.35 1.0
644.564 -237.788 560.35 1.0
607.72 -317.185 560.35 1.0
607.422 -317.769 560.35 1.0
607.135 -318.251 560.35 1.0
560.037 -392.029 560.35 1.0
559.665 -392.568 560.35 1.0
559.316 -393.008 560.35 1.0
502.804 -459.85 560.35 1.0
502.363 -460.335 560.35 1.0
501.959 -460.724 560.35 1.0
437.043 -519.437 560.35 1.0
436.541 -519.859 560.35 1.0
436.088 -520.191 560.35 1.0
363.925 -569.728 560.35 1.0
363.372 -570.079 560.35 1.0
362.879 -570.348 560.35 1.0
284.758 -609.824 560.35 1.0
284.162 -610.099 560.35 1.0
283.638 -610.299 560.35 1.0
200.952 -639.011 560.35 1.0
200.325 -639.203 560.35 1.0
199.779 -639.332 560.35 1.0
113.829 -656.8 560.35 1.0
113.304 -656.881 560.35 1.0
112.798 -656.929 560.35 1.0
25.464 -662.775 560.35 1.0
24.877 -662.795 560.35 1.0
24.248 -662.775 560.35 1.0
14.773 -662.141 560.35 1.0
14.773 -662.141 580.35 0.0
666.673 -12.023 580.35 0.0
664.993 -62.247 580.35 1.0
664.945 -62.932 580.35 1.0
664.872 -63.457 580.35 1.0
650.749 -147.171 580.35 1.0
650.638 -147.681 580.35 1.0
650.498 -148.183 580.35 1.0
625.397 -229.102 580.35 1.0
625.165 -229.758 580.35 1.0
624.959 -230.237 580.35 1.0
589.297 -307.089 580.35 1.0
588.98 -307.708 580.35 1.0
588.712 -308.155 580.35 1.0
543.124 -379.567 580.35 1.0
542.728 -380.139 580.35 1.0
542.403 -380.546 580.35 1.0
487.703 -445.245 580.35 1.0
487.234 -445.759 580.35 1.0
486.858 -446.119 580.35 1.0
424.023 -502.95 580.35 1.0
423.49 -503.397 580.35 1.0
423.069 -503.704 580.35 1.0
353.219 -551.653 580.35 1.0
352.631 -552.024 580.35 1.0
352.173 -552.272 580.35 1.0
276.556 -590.483 580.35 1.0
275.924 -590.773 580.35 1.0
275.437 -590.958 580.35 1.0
195.402 -618.749 580.35 1.0
194.736 -618.952 580.35 1.0
194.229 -619.071 580.35 1.0
111.032 -635.979 580.35 1.0
110.516 -636.059 580.35 1.0
109.998 -636.108 580.35 1.0
25.464 -641.767 580.35 1.0
24.877 -641.788 580.35 1.0
24.248 -641.767 580.35 1.0
11.794 -640.933 580.35 1.0
11.794 -785.967 580.35 1.0
24.856 -786.805 580.35 1.0
125.668 -780.333 580.35 1.0
224.824 -761.023 580.35 1.0
320.696 -729.191 580.35 1.0
411.711 -685.36 580.35 1.0
496.374 -630.251 580.35 1.0
573.294 -564.767 580.35 1.0
641.21 -489.985 580.35 1.0
699.004 -407.132 580.35 1.0
745.729 -317.569 580.35 1.0
780.618 -222.766 580.35 1.0
803.097 -124.28 580.35 1.0
812.797 -23.728 580.35 1.0
812.773 -23.0 580.35 1.0
812.421 -12.023 580.35 1.0
669.673 -12.023 580.35 1.0
669.673 -12.023 600.35 0.0
644.073 -12.038 600.35 0.0
642.47 -59.982 600.35 1.0
642.422 -60.666 600.35 1.0
642.349 -61.192 600.35 1.0
628.729 -141.924 600.35 1.0
628.618 -142.433 600.35 1.0
628.478 -142.936 600.35 1.0
604.272 -220.966 600.35 1.0
604.041 -221.622 600.35 1.0
603.835 -222.101 600.35 1.0
569.445 -296.21 600.35 1.0
569.129 -296.829 600.35 1.0
568.861 -297.276 600.35 1.0
524.9 -366.14 600.35 1.0
524.504 -366.711 600.35 1.0
524.179 -367.119 600.35 1.0
471.432 -429.508 600.35 1.0
470.962 -430.022 600.35 1.0
470.586 -430.382 600.35 1.0
409.994 -485.185 600.35 1.0
409.461 -485.631 600.35 1.0
409.039 -485.939 600.35 1.0
341.683 -532.176 600.35 1.0
341.095 -532.547 600.35 1.0
340.637 -532.796 600.35 1.0
267.719 -569.643 600.35 1.0
267.087 -569.933 600.35 1.0
266.6 -570.118 600.35 1.0
189.421 -596.917 600.35 1.0
188.755 -597.12 600.35 1.0
188.248 -597.238 600.35 1.0
108.186 -613.511 600.35 1.0
107.514 -613.622 600.35 1.0
106.981 -613.674 600.35 1.0
25.464 -619.13 600.35 1.0
24.877 -619.151 600.35 1.0
24.248 -619.13 600.35 1.0
11.808 -618.298 600.35 1.0
11.808 -619.637 600.35 1.0
11.808 -767.141 600.35 1.0
24.856 -767.978 600.35 1.0
123.26 -761.661 600.35 1.0
220.048 -742.811 600.35 1.0
313.631 -711.74 600.35 1.0
402.472 -668.956 600.35 1.0
485.113 -615.163 600.35 1.0
560.197 -551.243 600.35 1.0
626.49 -478.247 600.35 1.0
682.904 -397.373 600.35 1.0
728.514 -309.948 600.35 1.0
762.569 -217.409 600.35 1.0
784.511 -121.275 600.35 1.0
793.979 -23.124 600.35 1.0
793.957 -22.435 600.35 1.0
793.624 -12.038 600.35 1.0
647.073 -12.038 600.35 1.0
647.073 -12.038 620.35 0.0
621.474 -12.052 620.35 0.0
619.947 -57.716 620.35 1.0
619.904 -58.345 620.35 1.0
619.825 -58.926 620.35 1.0
606.709 -136.676 620.35 1.0
606.598 -137.186 620.35 1.0
606.458 -137.688 620.35 1.0
583.148 -212.831 620.35 1.0
582.917 -213.486 620.35 1.0
582.711 -213.965 620.35 1.0
549.594 -285.331 620.35 1.0
549.277 -285.95 620.35 1.0
549.01 -286.397 620.35 1.0
506.676 -352.712 620.35 1.0
506.28 -353.284 620.35 1.0
505.955 -353.691 620.35 1.0
455.16 -413.771 620.35 1.0
454.691 -414.285 620.35 1.0
454.314 -414.646 620.35 1.0
395.965 -467.42 620.35 1.0
395.431 -467.866 620.35 1.0
395.01 -468.173 620.35 1.0
330.147 -512.699 620.35 1.0
329.559 -513.071 620.35 1.0
329.101 -513.319 620.35 1.0
258.882 -548.802 620.35 1.0
258.25 -549.092 620.35 1.0
257.762 -549.277 620.35 1.0
183.441 -575.084 620.35 1.0
182.775 -575.287 620.35 1.0
182.268 -575.406 620.35 1.0
105.169 -591.077 620.35 1.0
104.511 -591.185 620.35 1.0
103.964 -591.239 620.35 1.0
25.464 -596.494 620.35 1.0
24.877 -596.514 620.35 1.0
24.248 -596.494 620.35 1.0
11.822 -595.662 620.35 1.0
11.822 -597.001 620.35 1.0
11.822 -748.315 620.35 1.0
24.856 -749.151 620.35 1.0
120.853 -742.988 620.35 1.0
215.273 -724.6 620.35 1.0
306.566 -694.288 620.35 1.0
393.234 -652.551 620.35 1.0
473.853 -600.074 620.35 1.0
547.099 -537.719 620.35 1.0
611.77 -466.508 620.35 1.0
666.805 -387.613 620.35 1.0
711.298 -302.327 620.35 1.0
744.52 -212.053 620.35 1.0
765.925 -118.27 620.35 1.0
775.162 -22.521 620.35 1.0
775.141 -21.87 620.35 1.0
774.826 -12.052 620.35 1.0
624.474 -12.052 620.35 1.0
624.474 -12.052 640.35 0.0
11.837 -572.632 640.35 0.0
11.837 -574.365 640.35 1.0
11.837 -729.488 640.35 1.0
24.856 -730.324 640.35 1.0
118.445 -724.316 640.35 1.0
210.497 -706.389 640.35 1.0
299.501 -676.837 640.35 1.0
383.995 -636.147 640.35 1.0
462.592 -584.986 640.35 1.0
534.001 -524.194 640.35 1.0
597.051 -454.77 640.35 1.0
650.705 -377.853 640.35 1.0
694.082 -294.707 640.35 1.0
726.471 -206.696 640.35 1.0
747.339 -115.266 640.35 1.0
756.345 -21.918 640.35 1.0
756.325 -21.305 640.35 1.0
756.029 -12.067 640.35 1.0
600.212 -12.067 640.35 1.0
598.482 -12.067 640.35 1.0
597.032 -55.41 640.35 1.0
596.99 -56.04 640.35 1.0
596.911 -56.62 640.35 1.0
584.323 -131.246 640.35 1.0
584.206 -131.802 640.35 1.0
584.055 -132.349 640.35 1.0
561.657 -204.553 640.35 1.0
561.442 -205.166 640.35 1.0
561.22 -205.688 640.35 1.0
529.398 -274.263 640.35 1.0
529.104 -274.842 640.35 1.0
528.813 -275.329 640.35 1.0
488.135 -339.051 640.35 1.0
487.766 -339.585 640.35 1.0
487.414 -340.03 640.35 1.0
438.605 -397.761 640.35 1.0
438.168 -398.241 640.35 1.0
437.759 -398.635 640.35 1.0
381.692 -449.345 640.35 1.0
381.195 -449.764 640.35 1.0
380.737 -450.099 640.35 1.0
318.411 -492.884 640.35 1.0
317.862 -493.232 640.35 1.0
317.364 -493.503 640.35 1.0
249.891 -527.599 640.35 1.0
249.302 -527.872 640.35 1.0
248.772 -528.074 640.35 1.0
177.356 -552.872 640.35 1.0
176.735 -553.063 640.35 1.0
176.183 -553.194 640.35 1.0
102.019 -568.268 640.35 1.0
101.455 -568.359 640.35 1.0
100.894 -568.414 640.35 1.0
25.464 -573.463 640.35 1.0
24.877 -573.483 640.35 1.0
24.248 -573.463 640.35 1.0
14.83 -572.833 640.35 1.0
14.83 -572.833 660.35 0.0
11.851 -546.758 660.35 0.0
11.851 -551.336 660.35 1.0
11.851 -707.731 660.35 1.0
24.856 -708.566 660.35 1.0
115.663 -702.737 660.35 1.0
204.978 -685.342 660.35 1.0
291.336 -656.67 660.35 1.0
373.318 -617.189 660.35 1.0
449.578 -567.549 660.35 1.0
518.865 -508.564 660.35 1.0
580.04 -441.204 660.35 1.0
632.099 -366.574 660.35 1.0
674.186 -285.899 660.35 1.0
705.613 -200.505 660.35 1.0
725.86 -111.793 660.35 1.0
734.598 -21.22 660.35 1.0
734.58 -20.652 660.35 1.0
734.305 -12.081 660.35 1.0
577.219 -12.081 660.35 1.0
572.649 -12.081 660.35 1.0
571.287 -52.82 660.35 1.0
571.237 -53.517 660.35 1.0
571.165 -54.03 660.35 1.0
559.166 -125.167 660.35 1.0
559.035 -125.803 660.35 1.0
558.884 -126.35 660.35 1.0
537.51 -195.253 660.35 1.0
537.296 -195.866 660.35 1.0
537.073 -196.388 660.35 1.0
506.706 -261.827 660.35 1.0
506.412 -262.406 660.35 1.0
506.121 -262.894 660.35 1.0
467.303 -323.702 660.35 1.0
466.935 -324.236 660.35 1.0
466.582 -324.681 660.35 1.0
420.005 -379.772 660.35 1.0
419.568 -380.253 660.35 1.0
419.159 -380.646 660.35 1.0
365.655 -429.038 660.35 1.0
365.159 -429.456 660.35 1.0
364.701 -429.792 660.35 1.0
305.224 -470.62 660.35 1.0
304.676 -470.968 660.35 1.0
304.178 -471.24 660.35 1.0
239.79 -503.777 660.35 1.0
239.2 -504.049 660.35 1.0
238.67 -504.252 660.35 1.0
170.52 -527.916 660.35 1.0
169.899 -528.107 660.35 1.0
169.347 -528.237 660.35 1.0
98.651 -542.607 660.35 1.0
98.021 -542.712 660.35 1.0
97.445 -542.769 660.35 1.0
25.464 -547.588 660.35 1.0
24.877 -547.608 660.35 1.0
24.248 -547.588 660.35 1.0
14.844 -546.958 660.35 1.0
14.844 -546.958 680.35 0.0
11.865 -520.883 680.35 0.0
11.865 -525.461 680.35 1.0
11.865 -684.966 680.35 1.0
24.856 -685.8 680.35 1.0
112.752 -680.157 680.35 1.0
199.203 -663.321 680.35 1.0
282.793 -635.567 680.35 1.0
362.146 -597.353 680.35 1.0
435.962 -549.304 680.35 1.0
503.027 -492.21 680.35 1.0
562.241 -427.01 680.35 1.0
612.63 -354.772 680.35 1.0
653.369 -276.684 680.35 1.0
683.787 -194.027 680.35 1.0
703.386 -108.16 680.35 1.0
711.843 -20.49 680.35 1.0
711.827 -19.969 680.35 1.0
711.574 -12.096 680.35 1.0
551.386 -12.096 680.35 1.0
546.816 -12.096 680.35 1.0
545.541 -50.23 680.35 1.0
545.491 -50.927 680.35 1.0
545.419 -51.44 680.35 1.0
533.995 -119.169 680.35 1.0
533.864 -119.805 680.35 1.0
533.713 -120.352 680.35 1.0
513.363 -185.953 680.35 1.0
513.149 -186.566 680.35 1.0
512.926 -187.088 680.35 1.0
484.014 -249.392 680.35 1.0
483.72 -249.971 680.35 1.0
483.43 -250.459 680.35 1.0
446.471 -308.353 680.35 1.0
446.103 -308.887 680.35 1.0
445.75 -309.332 680.35 1.0
401.405 -361.784 680.35 1.0
400.968 -362.264 680.35 1.0
400.559 -362.658 680.35 1.0
349.619 -408.731 680.35 1.0
349.122 -409.149 680.35 1.0
348.664 -409.485 680.35 1.0
292.037 -448.357 680.35 1.0
291.489 -448.705 680.35 1.0
290.991 -448.977 680.35 1.0
229.688 -479.955 680.35 1.0
229.098 -480.227 680.35 1.0
228.568 -480.429 680.35 1.0
163.684 -502.96 680.35 1.0
163.063 -503.151 680.35 1.0
162.511 -503.281 680.35 1.0
95.202 -516.962 680.35 1.0
94.507 -517.076 680.35 1.0
93.996 -517.124 680.35 1.0
25.464 -521.712 680.35 1.0
24.877 -521.732 680.35 1.0
24.248 -521.712 680.35 1.0
14.859 -521.083 680.35 1.0
14.859 -521.083 700.35 0.0
11.88 -493.896 700.35 0.0
11.88 -499.586 700.35 1.0
11.88 -662.201 700.35 1.0
24.856 -663.034 700.35 1.0
109.84 -657.578 700.35 1.0
193.429 -641.299 700.35 1.0
274.249 -614.465 700.35 1.0
350.975 -577.516 700.35 1.0
422.345 -531.059 700.35 1.0
487.189 -475.856 700.35 1.0
544.441 -412.815 700.35 1.0
593.162 -342.97 700.35 1.0
632.551 -267.469 700.35 1.0
661.962 -187.55 700.35 1.0
680.912 -104.526 700.35 1.0
689.089 -19.761 700.35 1.0
689.074 -19.285 700.35 1.0
688.844 -12.11 700.35 1.0
525.554 -12.11 700.35 1.0
519.873 -12.11 700.35 1.0
518.689 -47.529 700.35 1.0
518.646 -48.158 700.35 1.0
518.567 -48.739 700.35 1.0
507.729 -112.993 700.35 1.0
507.612 -113.548 700.35 1.0
507.461 -114.096 700.35 1.0
488.179 -176.254 700.35 1.0
487.965 -176.867 700.35 1.0
487.742 -177.389 700.35 1.0
460.347 -236.422 700.35 1.0
460.053 -237.001 700.35 1.0
459.763 -237.489 700.35 1.0
424.744 -292.344 700.35 1.0
424.376 -292.879 700.35 1.0
424.023 -293.323 700.35 1.0
382.006 -343.022 700.35 1.0
381.569 -343.503 700.35 1.0
381.16 -343.896 700.35 1.0
332.893 -387.551 700.35 1.0
332.369 -387.991 700.35 1.0
331.939 -388.305 700.35 1.0
278.284 -425.137 700.35 1.0
277.705 -425.503 700.35 1.0
277.238 -425.757 700.35 1.0
219.153 -455.108 700.35 1.0
218.53 -455.394 700.35 1.0
218.033 -455.583 700.35 1.0
156.554 -476.931 700.35 1.0
155.899 -477.131 700.35 1.0
155.381 -477.252 700.35 1.0
91.605 -490.215 700.35 1.0
90.925 -490.327 700.35 1.0
90.399 -490.378 700.35 1.0
25.464 -494.724 700.35 1.0
24.877 -494.745 700.35 1.0
24.248 -494.724 700.35 1.0
14.873 -494.097 700.35 1.0
14.873 -494.097 720.35 0.0
11.894 -639.436 720.35 0.0
24.856 -640.268 720.35 1.0
106.929 -634.999 720.35 1.0
187.654 -619.278 720.35 1.0
265.706 -593.363 720.35 1.0
339.803 -557.68 720.35 1.0
408.728 -512.814 720.35 1.0
471.351 -459.502 720.35 1.0
526.642 -398.621 720.35 1.0
573.694 -331.169 720.35 1.0
611.734 -258.253 720.35 1.0
640.137 -181.072 720.35 1.0
658.437 -100.893 720.35 1.0
666.335 -19.031 720.35 1.0
666.321 -18.602 720.35 1.0
666.113 -12.125 720.35 1.0
498.611 -12.125 720.35 1.0
489.99 -12.125 720.35 1.0
488.907 -44.533 720.35 1.0
488.864 -45.162 720.35 1.0
488.785 -45.743 720.35 1.0
478.599 -106.123 720.35 1.0
478.486 -106.644 720.35 1.0
478.343 -107.157 720.35 1.0
460.246 -165.496 720.35 1.0
460.019 -166.142 720.35 1.0
459.809 -166.631 720.35 1.0
434.098 -222.037 720.35 1.0
433.787 -222.647 720.35 1.0
433.513 -223.104 720.35 1.0
400.647 -274.589 720.35 1.0
400.257 -275.152 720.35 1.0
399.925 -275.568 720.35 1.0
360.489 -322.213 720.35 1.0
360.028 -322.719 720.35 1.0
359.644 -323.087 720.35 1.0
314.342 -364.06 720.35 1.0
313.818 -364.5 720.35 1.0
313.388 -364.814 720.35 1.0
263.03 -399.383 720.35 1.0
262.451 -399.749 720.35 1.0
261.983 -400.002 720.35 1.0
207.467 -427.551 720.35 1.0
206.845 -427.836 720.35 1.0
206.347 -428.026 720.35 1.0
148.645 -448.062 720.35 1.0
148.012 -448.256 720.35 1.0
147.473 -448.383 720.35 1.0
87.464 -460.579 720.35 1.0
86.94 -460.661 720.35 1.0
86.41 -460.712 720.35 1.0
25.464 -464.792 720.35 1.0
24.877 -464.812 720.35 1.0
24.248 -464.792 720.35 1.0
11.894 -463.965 720.35 1.0
11.894 -472.6 720.35 1.0
11.894 -636.436 720.35 1.0
11.908 -616.671 740.35 0.0
24.856 -617.502 740.35 1.0
104.018 -612.42 740.35 1.0
181.879 -597.256 740.35 1.0
257.162 -572.26 740.35 1.0
328.631 -537.843 740.35 1.0
395.112 -494.569 740.35 1.0
455.513 -443.148 740.35 1.0
508.843 -384.426 740.35 1.0
554.226 -319.367 740.35 1.0
590.916 -249.038 740.35 1.0
618.312 -174.595 740.35 1.0
635.963 -97.259 740.35 1.0
643.543 -18.683 740.35 1.0
643.568 -17.918 740.35 1.0
643.383 -12.139 740.35 1.0
468.728 -12.139 740.35 1.0
460.107 -12.139 740.35 1.0
459.124 -41.537 740.35 1.0
459.09 -42.079 740.35 1.0
459.003 -42.747 740.35 1.0
449.47 -99.246 740.35 1.0
449.361 -99.735 740.35 1.0
449.226 -100.218 740.35 1.0
432.314 -154.738 740.35 1.0
432.075 -155.413 740.35 1.0
431.877 -155.873 740.35 1.0
407.848 -207.652 740.35 1.0
407.522 -208.289 740.35 1.0
407.264 -208.719 740.35 1.0
376.549 -256.833 740.35 1.0
376.14 -257.421 740.35 1.0
375.827 -257.813 740.35 1.0
338.973 -301.404 740.35 1.0
338.489 -301.932 740.35 1.0
338.127 -302.278 740.35 1.0
295.792 -340.569 740.35 1.0
295.242 -341.028 740.35 1.0
294.837 -341.322 740.35 1.0
247.776 -373.628 740.35 1.0
247.17 -374.01 740.35 1.0
246.729 -374.248 740.35 1.0
195.782 -399.993 740.35 1.0
195.13 -400.291 740.35 1.0
194.662 -400.468 740.35 1.0
140.737 -419.193 740.35 1.0
140.061 -419.398 740.35 1.0
139.564 -419.514 740.35 1.0
83.476 -430.913 740.35 1.0
82.927 -430.998 740.35 1.0
82.42 -431.046 740.35 1.0
25.464 -434.859 740.35 1.0
24.877 -434.879 740.35 1.0
24.248 -434.859 740.35 1.0
11.908 -434.033 740.35 1.0
11.908 -442.668 740.35 1.0
11.908 -613.671 740.35 1.0
11.908 -613.671 760.35 0.0
11.923 -590.979 760.35 0.0
24.856 -591.81 760.35 1.0
100.732 -586.938 760.35 1.0
175.362 -572.404 760.35 1.0
247.521 -548.446 760.35 1.0
316.023 -515.457 760.35 1.0
379.745 -473.978 760.35 1.0
437.639 -424.692 760.35 1.0
488.756 -368.407 760.35 1.0
532.255 -306.048 760.35 1.0
567.423 -238.638 760.35 1.0
593.681 -167.284 760.35 1.0
610.6 -93.159 760.35 1.0
617.869 -17.808 760.35 1.0
617.89 -17.147 760.35 1.0
617.73 -12.153 760.35 1.0
438.845 -12.153 760.35 1.0
425.901 -12.153 760.35 1.0
425.034 -38.107 760.35 1.0
424.991 -38.737 760.35 1.0
424.912 -39.317 760.35 1.0
416.178 -91.092 760.35 1.0
416.046 -91.736 760.35 1.0
415.896 -92.275 760.35 1.0
400.34 -142.423 760.35 1.0
400.102 -143.098 760.35 1.0
399.903 -143.558 760.35 1.0
377.802 -191.186 760.35 1.0
377.475 -191.823 760.35 1.0
377.217 -192.253 760.35 1.0
348.965 -236.509 760.35 1.0
348.556 -237.097 760.35 1.0
348.243 -237.488 760.35 1.0
314.344 -277.585 760.35 1.0
313.86 -278.113 760.35 1.0
313.498 -278.459 760.35 1.0
274.557 -313.679 760.35 1.0
274.008 -314.138 760.35 1.0
273.603 -314.433 760.35 1.0
230.315 -344.149 760.35 1.0
229.709 -344.53 760.35 1.0
229.268 -344.768 760.35 1.0
182.213 -368.544 760.35 1.0
181.754 -368.747 760.35 1.0
181.286 -368.924 760.35 1.0
131.685 -386.147 760.35 1.0
131.039 -386.345 760.35 1.0
130.512 -386.468 760.35 1.0
78.899 -396.958 760.35 1.0
78.395 -397.036 760.35 1.0
77.853 -397.089 760.35 1.0
25.464 -400.596 760.35 1.0
24.877 -400.616 760.35 1.0
24.248 -400.596 760.35 1.0
11.923 -399.771 760.35 1.0
11.923 -412.736 760.35 1.0
11.923 -587.979 760.35 1.0
11.923 -587.979 780.35 0.0
11.937 -563.101 780.35 0.0
24.856 -563.93 780.35 1.0
97.167 -559.287 780.35 1.0
168.29 -545.436 780.35 1.0
237.059 -522.604 780.35 1.0
302.342 -491.165 780.35 1.0
363.07 -451.635 780.35 1.0
418.244 -404.665 780.35 1.0
466.959 -351.025 780.35 1.0
508.414 -291.595 780.35 1.0
541.929 -227.353 780.35 1.0
566.954 -159.352 780.35 1.0
583.078 -88.709 780.35 1.0
590.009 -16.858 780.35 1.0
590.027 -16.31 780.35 1.0
589.894 -12.168 780.35 1.0
404.639 -12.168 780.35 1.0
390.778 -12.168 780.35 1.0
390.029 -34.586 780.35 1.0
389.986 -35.215 780.35 1.0
389.907 -35.796 780.35 1.0
381.955 -82.936 780.35 1.0
381.822 -83.581 780.35 1.0
381.673 -84.119 780.35 1.0
367.51 -129.779 780.35 1.0
367.285 -130.417 780.35 1.0
367.073 -130.914 780.35 1.0
346.891 -174.401 780.35 1.0
346.642 -174.881 780.35 1.0
346.365 -175.345 780.35 1.0
320.641 -215.64 780.35 1.0
320.256 -216.196 780.35 1.0
319.92 -216.619 780.35 1.0
289.054 -253.127 780.35 1.0
288.599 -253.627 780.35 1.0
288.209 -254.001 780.35 1.0
252.754 -286.069 780.35 1.0
252.235 -286.504 780.35 1.0
251.799 -286.823 780.35 1.0
212.385 -313.878 780.35 1.0
211.814 -314.24 780.35 1.0
211.339 -314.498 780.35 1.0
168.515 -336.136 780.35 1.0
168.057 -336.342 780.35 1.0
167.552 -336.534 780.35 1.0
122.391 -352.216 780.35 1.0
121.73 -352.417 780.35 1.0
121.218 -352.537 780.35 1.0
74.284 -362.076 780.35 1.0
73.746 -362.164 780.35 1.0
73.164 -362.221 780.35 1.0
25.464 -365.414 780.35 1.0
24.877 -365.435 780.35 1.0
24.248 -365.414 780.35 1.0
11.937 -364.59 780.35 1.0
11.937 -378.474 780.35 1.0
11.937 -560.101 780.35 1.0
11.937 -560.101 800.35 0.0
11.951 -535.222 800.35 0.0
24.856 -536.051 800.35 1.0
93.602 -531.637 800.35 1.0
161.219 -518.469 800.35 1.0
226.596 -496.762 800.35 1.0
288.661 -466.873 800.35 1.0
346.395 -429.292 800.35 1.0
398.849 -384.638 800.35 1.0
445.161 -333.642 800.35 1.0
484.573 -277.143 800.35 1.0
516.436 -216.068 800.35 1.0
540.227 -151.419 800.35 1.0
555.556 -84.259 800.35 1.0
562.15 -15.908 800.35 1.0
562.164 -15.473 800.35 1.0
562.058 -12.182 800.35 1.0
369.516 -12.182 800.35 1.0
350.36 -12.182 800.35 1.0
349.746 -30.533 800.35 1.0
349.715 -31.041 800.35 1.0
349.625 -31.743 800.35 1.0
342.542 -73.722 800.35 1.0
342.436 -74.211 800.35 1.0
342.291 -74.734 800.35 1.0
329.729 -115.228 800.35 1.0
329.495 -115.893 800.35 1.0
329.292 -116.363 800.35 1.0
311.445 -154.822 800.35 1.0
311.124 -155.449 800.35 1.0
310.861 -155.888 800.35 1.0
288.047 -191.625 800.35 1.0
287.645 -192.204 800.35 1.0
287.326 -192.604 800.35 1.0
259.953 -224.982 800.35 1.0
259.477 -225.502 800.35 1.0
259.107 -225.856 800.35 1.0
227.663 -254.296 800.35 1.0
227.122 -254.748 800.35 1.0
226.708 -255.049 800.35 1.0
191.753 -279.044 800.35 1.0
191.157 -279.42 800.35 1.0
190.707 -279.664 800.35 1.0
152.691 -298.872 800.35 1.0
152.215 -299.084 800.35 1.0
151.746 -299.261 800.35 1.0
111.694 -313.169 800.35 1.0
111.068 -313.361 800.35 1.0
110.521 -313.49 800.35 1.0
68.88 -321.953 800.35 1.0
68.295 -322.046 800.35 1.0
67.768 -322.097 800.35 1.0
25.464 -324.929 800.35 1.0
24.877 -324.949 800.35 1.0
24.248 -324.929 800.35 1.0
11.951 -324.106 800.35 1.0
11.951 -343.294 800.35 1.0
11.951 -532.222 800.35 1.0
11.951 -532.222 820.35 0.0
11.966 -507.343 820.35 0.0
24.856 -508.171 820.35 1.0
90.037 -503.986 820.35 1.0
154.147 -491.501 820.35 1.0
216.134 -470.92 820.35 1.0
274.981 -442.581 820.35 1.0
329.72 -406.949 820.35 1.0
379.453 -364.611 820.35 1.0
423.364 -316.26 820.35 1.0
460.732 -262.69 820.35 1.0
490.943 -204.783 820.35 1.0
513.5 -143.487 820.35 1.0
528.034 -79.81 820.35 1.0
534.29 -14.958 820.35 1.0
534.3 -14.635 820.35 1.0
534.222 -12.197 820.35 1.0
329.097 -12.197 820.35 1.0
307.897 -12.197 820.35 1.0
307.426 -26.276 820.35 1.0
307.383 -26.905 820.35 1.0
307.304 -27.486 820.35 1.0
301.18 -63.79 820.35 1.0
301.059 -64.357 820.35 1.0
300.916 -64.873 820.35 1.0
290.038 -99.941 820.35 1.0
289.816 -100.573 820.35 1.0
289.601 -101.076 820.35 1.0
274.145 -134.381 820.35 1.0
273.841 -134.977 820.35 1.0
273.561 -135.447 820.35 1.0
253.804 -166.395 820.35 1.0
253.424 -166.946 820.35 1.0
253.083 -167.374 820.35 1.0
229.378 -195.413 820.35 1.0
228.928 -195.908 820.35 1.0
228.533 -196.287 820.35 1.0
201.302 -220.915 820.35 1.0
200.789 -221.346 820.35 1.0
200.348 -221.669 820.35 1.0
170.078 -242.448 820.35 1.0
169.512 -242.807 820.35 1.0
169.031 -243.068 820.35 1.0
136.261 -259.628 820.35 1.0
135.654 -259.907 820.35 1.0
135.142 -260.102 820.35 1.0
100.457 -272.146 820.35 1.0
99.789 -272.35 820.35 1.0
99.284 -272.467 820.35 1.0
63.203 -279.801 820.35 1.0
62.672 -279.886 820.35 1.0
62.098 -279.943 820.35 1.0
25.464 -282.395 820.35 1.0
24.877 -282.415 820.35 1.0
24.248 -282.395 820.35 1.0
11.966 -281.573 820.35 1.0
11.966 -302.809 820.35 1.0
11.966 -504.343 820.35 1.0
11.966 -504.343 840.35 0.0
11.98 -477.159 840.35 0.0
24.856 -477.986 840.35 1.0
86.177 -474.049 840.35 1.0
146.49 -462.303 840.35 1.0
204.807 -442.941 840.35 1.0
260.168 -416.28 840.35 1.0
311.666 -382.759 840.35 1.0
358.454 -342.927 840.35 1.0
399.765 -297.44 840.35 1.0
434.919 -247.043 840.35 1.0
463.341 -192.564 840.35 1.0
484.562 -134.898 840.35 1.0
498.236 -74.992 840.35 1.0
504.126 -13.93 840.35 1.0
504.133 -13.729 840.35 1.0
504.084 -12.211 840.35 1.0
286.635 -12.211 840.35 1.0
255.94 -12.211 840.35 1.0
255.644 -21.066 840.35 1.0
255.62 -21.492 840.35 1.0
255.523 -22.277 840.35 1.0
250.572 -51.626 840.35 1.0
250.445 -52.247 840.35 1.0
250.29 -52.809 840.35 1.0
241.472 -81.236 840.35 1.0
241.239 -81.895 840.35 1.0
241.035 -82.371 840.35 1.0
228.506 -109.37 840.35 1.0
228.205 -109.962 840.35 1.0
227.922 -110.436 840.35 1.0
211.906 -135.524 840.35 1.0
211.529 -136.07 840.35 1.0
211.185 -136.503 840.35 1.0
191.968 -159.232 840.35 1.0
191.521 -159.723 840.35 1.0
191.123 -160.106 840.35 1.0
169.049 -180.072 840.35 1.0
168.54 -180.499 840.35 1.0
168.094 -180.825 840.35 1.0
143.556 -197.67 840.35 1.0
142.958 -198.047 840.35 1.0
142.509 -198.29 840.35 1.0
115.944 -211.714 840.35 1.0
115.334 -211.995 840.35 1.0
114.825 -212.189 840.35 1.0
86.589 -221.992 840.35 1.0
86.087 -222.143 840.35 1.0
85.535 -222.273 840.35 1.0
56.367 -228.202 840.35 1.0
55.669 -228.316 840.35 1.0
55.162 -228.364 840.35 1.0
25.464 -230.352 840.35 1.0
24.877 -230.372 840.35 1.0
24.248 -230.352 840.35 1.0
11.98 -229.53 840.35 1.0
11.98 -260.276 840.35 1.0
11.98 -474.159 840.35 1.0
11.98 -474.159 860.35 0.0
11.994 -441.942 860.35 0.0
24.856 -442.768 860.35 1.0
81.673 -439.12 860.35 1.0
137.557 -428.237 860.35 1.0
191.591 -410.297 860.35 1.0
242.886 -385.594 860.35 1.0
290.602 -354.535 860.35 1.0
333.954 -317.629 860.35 1.0
372.23 -275.482 860.35 1.0
404.803 -228.786 860.35 1.0
431.137 -178.309 860.35 1.0
450.8 -124.878 860.35 1.0
463.469 -69.372 860.35 1.0
468.935 -12.671 860.35 1.0
468.921 -12.226 860.35 1.0
234.678 -12.226 860.35 1.0
194.612 -12.226 860.35 1.0
194.522 -14.917 860.35 1.0
194.479 -15.547 860.35 1.0
194.4 -16.128 860.35 1.0
190.814 -37.385 860.35 1.0
190.707 -37.921 860.35 1.0
190.532 -38.568 860.35 1.0
184.145 -59.157 860.35 1.0
183.935 -59.76 860.35 1.0
183.708 -60.292 860.35 1.0
174.634 -79.847 860.35 1.0
174.313 -80.475 860.35 1.0
174.05 -80.914 860.35 1.0
162.45 -99.084 860.35 1.0
162.045 -99.668 860.35 1.0
161.728 -100.064 860.35 1.0
147.81 -116.526 860.35 1.0
147.331 -117.05 860.35 1.0
146.965 -117.4 860.35 1.0
130.977 -131.861 860.35 1.0
130.449 -132.303 860.35 1.0
130.022 -132.615 860.35 1.0
112.249 -144.815 860.35 1.0
111.671 -145.181 860.35 1.0
111.203 -145.435 860.35 1.0
91.962 -155.157 860.35 1.0
91.314 -155.453 860.35 1.0
90.842 -155.632 860.35 1.0
70.335 -162.752 860.35 1.0
69.804 -162.909 860.35 1.0
69.305 -163.025 860.35 1.0
48.179 -167.319 860.35 1.0
47.602 -167.417 860.35 1.0
46.974 -167.481 860.35 1.0
25.464 -168.921 860.35 1.0
24.877 -168.941 860.35 1.0
24.248 -168.921 860.35 1.0
11.994 -168.1 860.35 1.0
11.994 -208.234 860.35 1.0
11.994 -438.942 860.35 1.0
11.994 -438.942 880.35 0.0
12.009 -406.726 880.35 0.0
24.856 -407.55 880.35 1.0
77.17 -404.192 880.35 1.0
128.624 -394.171 880.35 1.0
178.375 -377.653 880.35 1.0
225.604 -354.908 880.35 1.0
269.538 -326.311 880.35 1.0
309.453 -292.33 880.35 1.0
344.696 -253.524 880.35 1.0
374.687 -210.53 880.35 1.0
398.934 -164.053 880.35 1.0
417.038 -114.858 880.35 1.0
428.703 -63.751 880.35 1.0
433.672 -12.24 880.35 1.0
173.35 -12.24 880.35 1.0
114.163 -12.24 880.35 1.0
112.967 -19.273 880.35 1.0
112.766 -20.035 880.35 1.0
109.543 -30.425 880.35 1.0
109.333 -31.028 880.35 1.0
109.106 -31.56 880.35 1.0
104.527 -41.428 880.35 1.0
104.209 -42.048 880.35 1.0
103.942 -42.494 880.35 1.0
98.089 -51.663 880.35 1.0
97.681 -52.251 880.35 1.0
97.368 -52.642 880.35 1.0
90.344 -60.949 880.35 1.0
89.88 -61.458 880.35 1.0
89.499 -61.823 880.35 1.0
81.432 -69.12 880.35 1.0
80.911 -69.558 880.35 1.0
80.477 -69.875 880.35 1.0
71.508 -76.031 880.35 1.0
70.93 -76.397 880.35 1.0
70.462 -76.651 880.35 1.0
60.753 -81.557 880.35 1.0
60.116 -81.849 880.35 1.0
59.633 -82.032 880.35 1.0
49.357 -85.6 880.35 1.0
48.683 -85.805 880.35 1.0
48.184 -85.921 880.35 1.0
37.524 -88.088 880.35 1.0
36.947 -88.186 880.35 1.0
36.318 -88.25 880.35 1.0
25.464 -88.976 880.35 1.0
24.877 -88.997 880.35 1.0
24.249 -88.976 880.35 1.0
13.395 -88.25 880.35 1.0
12.807 -88.192 880.35 1.0
12.009 -88.052 880.35 1.0
12.009 -146.804 880.35 1.0
12.009 -403.726 880.35 1.0
12.009 -403.726 900.35 0.0
12.023 -371.509 900.35 0.0
24.856 -372.333 900.35 1.0
72.666 -369.263 900.35 1.0
119.691 -360.105 900.35 1.0
165.158 -345.009 900.35 1.0
208.322 -324.222 900.35 1.0
248.474 -298.087 900.35 1.0
284.953 -267.031 900.35 1.0
317.162 -231.566 900.35 1.0
344.571 -192.273 900.35 1.0
366.73 -149.798 900.35 1.0
383.276 -104.837 900.35 1.0
393.937 -58.13 900.35 1.0
398.362 -12.255 900.35 1.0
92.611 -12.255 900.35 1.0
12.023 -12.255 900.35 1.0
12.023 -66.37 900.35 1.0
12.023 -368.509 900.35 1.0
12.023 -368.509 920.35 0.0
12.037 -12.269 920.35 0.0
12.037 -325.083 920.35 1.0
24.856 -325.906 920.35 1.0
66.729 -323.218 920.35 1.0
107.915 -315.197 920.35 1.0
147.736 -301.975 920.35 1.0
185.54 -283.77 920.35 1.0
220.705 -260.88 920.35 1.0
252.655 -233.681 920.35 1.0
280.864 -202.619 920.35 1.0
304.869 -168.206 920.35 1.0
324.277 -131.005 920.35 1.0
338.768 -91.628 920.35 1.0
348.105 -50.72 920.35 1.0
351.814 -12.269 920.35 1.0
15.037 -12.269 920.35 1.0
15.037 -12.269 940.35 0.0
12.052 -12.284 940.35 0.0
12.052 -277.64 940.35 1.0
24.856 -278.462 940.35 1.0
60.662 -276.163 940.35 1.0
95.88 -269.305 940.35 1.0
129.932 -257.999 940.35 1.0
162.258 -242.431 940.35 1.0
192.329 -222.858 940.35 1.0
219.649 -199.599 940.35 1.0
243.771 -173.038 940.35 1.0
264.298 -143.611 940.35 1.0
280.894 -111.8 940.35 1.0
293.285 -78.128 940.35 1.0
301.269 -43.148 940.35 1.0
304.247 -12.284 940.35 1.0
15.052 -12.284 940.35 1.0
15.052 -12.284 960.35 0.0
12.066 -12.298 960.35 0.0
12.066 -228.201 960.35 1.0
24.856 -229.022 960.35 1.0
54.34 -227.13 960.35 1.0
83.34 -221.482 960.35 1.0
111.379 -212.173 960.35 1.0
137.998 -199.354 960.35 1.0
162.758 -183.236 960.35 1.0
185.255 -164.085 960.35 1.0
205.118 -142.214 960.35 1.0
222.02 -117.982 960.35 1.0
235.686 -91.788 960.35 1.0
245.889 -64.062 960.35 1.0
252.464 -35.258 960.35 1.0
254.678 -12.298 960.35 1.0
15.066 -12.298 960.35 1.0
12.08 -12.312 980.35 0.0
12.08 -156.555 980.35 1.0
24.856 -157.375 980.35 1.0
45.178 -156.07 980.35 1.0
65.166 -152.178 980.35 1.0
84.492 -145.761 980.35 1.0
102.839 -136.926 980.35 1.0
119.905 -125.817 980.35 1.0
135.411 -112.617 980.35 1.0
149.101 -97.542 980.35 1.0
160.751 -80.841 980.35 1.0
170.17 -62.786 980.35 1.0
177.203 -43.676 980.35 1.0
181.734 -23.823 980.35 1.0
182.845 -12.312 980.35 1.0
15.08 -12.312 980.35 1.0
15.08 -12.312 1000.35 0.0
12.095 -12.327 1000.35 0.0
12.095 -72.495 1000.35 1.0
15.232 -73.107 1000.35 1.0
24.856 -73.724 1000.35 1.0
34.481 -73.106 1000.35 1.0
43.948 -71.263 1000.35 1.0
53.101 -68.224 1000.35 1.0
61.79 -64.04 1000.35 1.0
69.873 -58.778 1000.35 1.0
77.217 -52.526 1000.35 1.0
83.701 -45.387 1000.35 1.0
89.218 -37.477 1000.35 1.0
93.679 -28.926 1000.35 1.0
97.01 -19.875 1000.35 1.0
98.733 -12.327 1000.35 1.0
15.095 -12.327 1000.35 1.0
