-0.866 -1036.758 0.35 0.0
-113.782 -1029.197 0.35 1.0
-249.892 -1001.531 0.35 1.0
-381.172 -955.947 0.35 1.0
-505.17 -893.285 0.35 1.0
-619.679 -814.679 0.35 1.0
-722.719 -721.488 0.35 1.0
-812.442 -615.364 0.35 1.0
-887.197 -498.259 0.35 1.0
-945.661 -372.27 0.35 1.0
-986.835 -239.54 0.35 1.0
-1009.937 -102.582 0.35 1.0
-1013.394 0.734 0.35 1.0
-1173.106 0.734 0.35 1.0
-1174.313 -36.915 0.35 1.0
-1159.55 -189.946 0.35 1.0
-1125.34 -339.832 0.35 1.0
-1072.243 -484.113 0.35 1.0
-1001.132 -620.42 0.35 1.0
-913.174 -746.514 0.35 1.0
-809.813 -860.325 0.35 1.0
-692.748 -959.985 0.35 1.0
-563.9 -1043.856 0.35 1.0
-425.384 -1110.562 0.35 1.0
-279.475 -1159.007 0.35 1.0
-128.569 -1188.396 0.35 1.0
-0.866 -1196.594 0.35 1.0
-0.866 -1111.447 0.35 1.0
-0.866 -1039.758 0.35 1.0
-0.866 -1039.758 20.35 0.0
-11.764 -1055.989 20.35 0.0
-114.842 -1049.089 20.35 1.0
-115.91 -1049.017 20.35 1.0
-116.468 -1048.956 20.35 1.0
-117.023 -1048.861 20.35 1.0
-254.68 -1020.88 20.35 1.0
-255.225 -1020.746 20.35 1.0
-255.761 -1020.578 20.35 1.0
-388.373 -974.531 20.35 1.0
-388.983 -974.294 20.35 1.0
-389.493 -974.056 20.35 1.0
-514.783 -910.743 20.35 1.0
-515.357 -910.427 20.35 1.0
-515.83 -910.124 20.35 1.0
-631.564 -830.677 20.35 1.0
-632.09 -830.287 20.35 1.0
-632.518 -829.923 20.35 1.0
-736.699 -735.696 20.35 1.0
-737.1 -735.303 20.35 1.0
-737.476 -734.885 20.35 1.0
-828.108 -627.684 20.35 1.0
-828.513 -627.169 20.35 1.0
-828.83 -626.705 20.35 1.0
-904.365 -508.381 20.35 1.0
-904.698 -507.817 20.35 1.0
-904.95 -507.314 20.35 1.0
-964.04 -379.978 20.35 1.0
-964.294 -379.374 20.35 1.0
-964.477 -378.843 20.35 1.0
-1006.068 -244.767 20.35 1.0
-1006.248 -244.096 20.35 1.0
-1006.35 -243.584 20.35 1.0
-1029.699 -105.161 20.35 1.0
-1029.785 -104.511 20.35 1.0
-1029.821 -103.951 20.35 1.0
-1032.956 -10.174 20.35 1.0
-1170.477 -10.174 20.35 1.0
-1171.332 -36.82 20.35 1.0
-1156.606 -189.47 20.35 1.0
-1122.48 -338.984 20.35 1.0
-1069.516 -482.906 20.35 1.0
-998.581 -618.874 20.35 1.0
-910.842 -744.655 20.35 1.0
-807.738 -858.183 20.35 1.0
-690.964 -957.594 20.35 1.0
-562.436 -1041.257 20.35 1.0
-424.264 -1107.797 20.35 1.0
-278.718 -1156.122 20.35 1.0
-128.188 -1185.438 20.35 1.0
-11.764 -1192.912 20.35 1.0
-11.764 -1119.971 20.35 1.0
-11.764 -1058.989 20.35 1.0
-11.764 -1058.989 40.35 0.0
-11.76 -1073.75 40.35 0.0
-118.184 -1066.625 40.35 1.0
-118.836 -1066.558 40.35 1.0
-119.39 -1066.463 40.35 1.0
-259.372 -1038.01 40.35 1.0
-259.917 -1037.876 40.35 1.0
-260.453 -1037.708 40.35 1.0
-395.306 -990.882 40.35 1.0
-395.917 -990.645 40.35 1.0
-396.426 -990.407 40.35 1.0
-523.834 -926.025 40.35 1.0
-524.408 -925.709 40.35 1.0
-524.881 -925.405 40.35 1.0
-642.571 -844.615 40.35 1.0
-643.097 -844.226 40.35 1.0
-643.525 -843.862 40.35 1.0
-749.466 -748.043 40.35 1.0
-749.867 -747.65 40.35 1.0
-750.243 -747.232 40.35 1.0
-842.407 -638.219 40.35 1.0
-842.811 -637.704 40.35 1.0
-843.128 -637.24 40.35 1.0
-919.94 -516.916 40.35 1.0
-920.273 -516.352 40.35 1.0
-920.525 -515.85 40.35 1.0
-980.614 -386.361 40.35 1.0
-980.868 -385.758 40.35 1.0
-981.051 -385.227 40.35 1.0
-1023.345 -248.884 40.35 1.0
-1023.525 -248.213 40.35 1.0
-1023.627 -247.701 40.35 1.0
-1047.37 -106.938 40.35 1.0
-1047.456 -106.289 40.35 1.0
-1047.492 -105.728 40.35 1.0
-1050.686 -10.188 40.35 1.0
-1186.06 -10.188 40.35 1.0
-1186.93 -37.32 40.35 1.0
-1172.012 -191.961 40.35 1.0
-1137.441 -343.424 40.35 1.0
-1083.786 -489.223 40.35 1.0
-1011.927 -626.964 40.35 1.0
-923.043 -754.385 40.35 1.0
-818.595 -869.393 40.35 1.0
-700.298 -970.101 40.35 1.0
-570.094 -1054.855 40.35 1.0
-430.121 -1122.263 40.35 1.0
-282.677 -1171.217 40.35 1.0
-130.183 -1200.916 40.35 1.0
-11.76 -1208.518 40.35 1.0
-11.76 -1136.725 40.35 1.0
-11.76 -1076.75 40.35 1.0
-11.76 -1076.75 60.35 0.0
-11.756 -1091.511 60.35 0.0
-120.552 -1084.228 60.35 1.0
-121.203 -1084.16 60.35 1.0
-121.757 -1084.066 60.35 1.0
-264.064 -1055.14 60.35 1.0
-264.609 -1055.005 60.35 1.0
-265.146 -1054.837 60.35 1.0
-402.24 -1007.233 60.35 1.0
-402.9 -1006.975 60.35 1.0
-403.36 -1006.758 60.35 1.0
-532.885 -941.306 60.35 1.0
-533.506 -940.962 60.35 1.0
-533.932 -940.686 60.35 1.0
-653.578 -858.554 60.35 1.0
-654.147 -858.13 60.35 1.0
-654.532 -857.8 60.35 1.0
-762.313 -760.316 60.35 1.0
-762.671 -759.957 60.35 1.0
-763.009 -759.579 60.35 1.0
-856.705 -648.755 60.35 1.0
-857.142 -648.195 60.35 1.0
-857.427 -647.776 60.35 1.0
-935.515 -525.452 60.35 1.0
-935.874 -524.839 60.35 1.0
-936.1 -524.385 60.35 1.0
-997.271 -392.56 60.35 1.0
-997.461 -392.09 60.35 1.0
-997.625 -391.61 60.35 1.0
-1040.621 -253.002 60.35 1.0
-1040.805 -252.316 60.35 1.0
-1040.903 -251.819 60.35 1.0
-1065.042 -108.716 60.35 1.0
-1065.132 -108.012 60.35 1.0
-1065.164 -107.506 60.35 1.0
-1068.417 -10.202 60.35 1.0
-1201.642 -10.202 60.35 1.0
-1202.528 -37.82 60.35 1.0
-1187.418 -194.451 60.35 1.0
-1152.402 -347.864 60.35 1.0
-1098.056 -495.54 60.35 1.0
-1025.272 -635.054 60.35 1.0
-935.245 -764.115 60.35 1.0
-829.452 -880.604 60.35 1.0
-709.632 -982.608 60.35 1.0
-577.752 -1068.453 60.35 1.0
-435.977 -1136.728 60.35 1.0
-286.635 -1186.313 60.35 1.0
-132.179 -1216.394 60.35 1.0
-11.756 -1224.125 60.35 1.0
-11.756 -1153.479 60.35 1.0
-11.756 -1094.511 60.35 1.0
-11.756 -1094.511 80.35 0.0
-11.752 -1109.163 80.35 0.0
-122.905 -1101.722 80.35 1.0
-123.61 -1101.648 80.35 1.0
-124.11 -1101.56 80.35 1.0
-268.636 -1072.184 80.35 1.0
-269.326 -1072.016 80.35 1.0
-269.809 -1071.863 80.35 1.0
-409.131 -1023.485 80.35 1.0
-409.792 -1023.226 80.35 1.0
-410.251 -1023.01 80.35 1.0
-542.061 -956.401 80.35 1.0
-542.501 -956.15 80.35 1.0
-542.928 -955.874 80.35 1.0
-664.518 -872.407 80.35 1.0
-665.087 -871.983 80.35 1.0
-665.472 -871.654 80.35 1.0
-775.002 -772.587 80.35 1.0
-775.36 -772.229 80.35 1.0
-775.698 -771.851 80.35 1.0
-870.917 -659.226 80.35 1.0
-871.353 -658.666 80.35 1.0
-871.638 -658.247 80.35 1.0
-950.996 -533.935 80.35 1.0
-951.354 -533.322 80.35 1.0
-951.58 -532.869 80.35 1.0
-1013.744 -398.904 80.35 1.0
-1013.934 -398.434 80.35 1.0
-1014.097 -397.954 80.35 1.0
-1057.793 -257.094 80.35 1.0
-1057.977 -256.408 80.35 1.0
-1058.075 -255.911 80.35 1.0
-1082.605 -110.483 80.35 1.0
-1082.696 -109.779 80.35 1.0
-1082.727 -109.273 80.35 1.0
-1086.039 -10.217 80.35 1.0
-1217.225 -10.217 80.35 1.0
-1218.126 -38.32 80.35 1.0
-1202.824 -196.942 80.35 1.0
-1167.364 -352.305 80.35 1.0
-1112.327 -501.857 80.35 1.0
-1038.618 -643.144 80.35 1.0
-947.446 -773.845 80.35 1.0
-840.309 -891.815 80.35 1.0
-718.967 -995.115 80.35 1.0
-585.41 -1082.051 80.35 1.0
-441.834 -1151.194 80.35 1.0
-290.594 -1201.409 80.35 1.0
-134.174 -1231.872 80.35 1.0
-11.752 -1239.731 80.35 1.0
-11.752 -1170.176 80.35 1.0
-11.752 -1112.163 80.35 1.0
-11.752 -1112.163 100.35 0.0
-11.748 -1126.006 100.35 0.0
-125.149 -1118.415 100.35 1.0
-125.855 -1118.34 100.35 1.0
-126.355 -1118.253 100.35 1.0
-273.086 -1088.428 100.35 1.0
-273.775 -1088.26 100.35 1.0
-274.259 -1088.107 100.35 1.0
-415.706 -1038.991 100.35 1.0
-416.367 -1038.732 100.35 1.0
-416.826 -1038.516 100.35 1.0
-550.464 -970.985 100.35 1.0
-551.085 -970.641 100.35 1.0
-551.511 -970.366 100.35 1.0
-674.956 -885.625 100.35 1.0
-675.525 -885.201 100.35 1.0
-675.911 -884.872 100.35 1.0
-787.108 -784.296 100.35 1.0
-787.467 -783.938 100.35 1.0
-787.805 -783.56 100.35 1.0
-884.476 -669.216 100.35 1.0
-884.913 -668.657 100.35 1.0
-885.197 -668.237 100.35 1.0
-965.766 -542.029 100.35 1.0
-966.124 -541.417 100.35 1.0
-966.35 -540.963 100.35 1.0
-1029.461 -404.958 100.35 1.0
-1029.651 -404.488 100.35 1.0
-1029.815 -404.008 100.35 1.0
-1074.177 -260.998 100.35 1.0
-1074.36 -260.313 100.35 1.0
-1074.459 -259.815 100.35 1.0
-1099.363 -112.169 100.35 1.0
-1099.454 -111.465 100.35 1.0
-1099.485 -110.959 100.35 1.0
-1102.853 -10.231 100.35 1.0
-1232.807 -10.231 100.35 1.0
-1233.724 -38.82 100.35 1.0
-1218.23 -199.433 100.35 1.0
-1182.325 -356.745 100.35 1.0
-1126.597 -508.174 100.35 1.0
-1051.963 -651.235 100.35 1.0
-959.647 -783.576 100.35 1.0
-851.166 -903.026 100.35 1.0
-728.301 -1007.622 100.35 1.0
-593.069 -1095.649 100.35 1.0
-447.69 -1165.66 100.35 1.0
-294.553 -1216.505 100.35 1.0
-136.17 -1247.35 100.35 1.0
-11.748 -1255.338 100.35 1.0
-11.748 -1186.441 100.35 1.0
-11.748 -1129.006 100.35 1.0
-11.744 -1142.849 120.35 0.0
-127.394 -1135.107 120.35 1.0
-128.1 -1135.032 120.35 1.0
-128.6 -1134.945 120.35 1.0
-277.536 -1104.672 120.35 1.0
-278.225 -1104.504 120.35 1.0
-278.709 -1104.351 120.35 1.0
-422.281 -1054.497 120.35 1.0
-422.942 -1054.238 120.35 1.0
-423.401 -1054.022 120.35 1.0
-559.048 -985.477 120.35 1.0
-559.668 -985.133 120.35 1.0
-560.094 -984.857 120.35 1.0
-685.394 -898.843 120.35 1.0
-685.963 -898.419 120.35 1.0
-686.349 -898.09 120.35 1.0
-799.215 -796.005 120.35 1.0
-799.574 -795.647 120.35 1.0
-799.912 -795.268 120.35 1.0
-898.036 -679.207 120.35 1.0
-898.472 -678.648 120.35 1.0
-898.757 -678.228 120.35 1.0
-980.536 -550.124 120.35 1.0
-980.894 -549.511 120.35 1.0
-981.12 -549.057 120.35 1.0
-1045.178 -411.011 120.35 1.0
-1045.368 -410.541 120.35 1.0
-1045.532 -410.061 120.35 1.0
-1090.561 -264.903 120.35 1.0
-1090.744 -264.217 120.35 1.0
-1090.842 -263.72 120.35 1.0
-1116.121 -113.855 120.35 1.0
-1116.212 -113.151 120.35 1.0
-1116.243 -112.645 120.35 1.0
-1119.667 -10.246 120.35 1.0
-1247.514 -10.246 120.35 1.0
-1248.446 -39.293 120.35 1.0
-1232.77 -201.784 120.35 1.0
-1196.445 -360.936 120.35 1.0
-1140.065 -514.136 120.35 1.0
-1064.558 -658.87 120.35 1.0
-971.163 -792.759 120.35 1.0
-861.413 -913.606 120.35 1.0
-737.11 -1019.426 120.35 1.0
-600.296 -1108.482 120.35 1.0
-453.218 -1179.312 120.35 1.0
-298.289 -1230.752 120.35 1.0
-138.054 -1261.957 120.35 1.0
-11.744 -1270.067 120.35 1.0
-11.744 -1202.296 120.35 1.0
-11.744 -1145.849 120.35 1.0
-11.744 -1145.849 140.35 0.0
-1136.016 -10.26 140.35 0.0
-1259.499 -10.26 140.35 1.0
-1260.442 -39.677 140.35 1.0
-1244.619 -203.699 140.35 1.0
-1207.951 -364.351 140.35 1.0
-1151.041 -518.995 140.35 1.0
-1074.822 -665.092 140.35 1.0
-980.547 -800.243 140.35 1.0
-869.763 -922.228 140.35 1.0
-744.289 -1029.045 140.35 1.0
-606.186 -1118.94 140.35 1.0
-457.722 -1190.437 140.35 1.0
-301.333 -1242.362 140.35 1.0
-139.588 -1273.862 140.35 1.0
-11.74 -1282.07 140.35 1.0
-11.74 -1216.629 140.35 1.0
-11.74 -1159.227 140.35 1.0
-129.577 -1151.338 140.35 1.0
-130.282 -1151.264 140.35 1.0
-130.783 -1151.176 140.35 1.0
-281.863 -1120.468 140.35 1.0
-282.552 -1120.299 140.35 1.0
-283.036 -1120.146 140.35 1.0
-428.675 -1069.575 140.35 1.0
-429.336 -1069.316 140.35 1.0
-429.795 -1069.1 140.35 1.0
-567.394 -999.568 140.35 1.0
-568.014 -999.224 140.35 1.0
-568.44 -998.949 140.35 1.0
-695.544 -911.697 140.35 1.0
-696.113 -911.273 140.35 1.0
-696.499 -910.943 140.35 1.0
-810.988 -807.391 140.35 1.0
-811.346 -807.032 140.35 1.0
-811.684 -806.654 140.35 1.0
-911.221 -688.922 140.35 1.0
-911.657 -688.363 140.35 1.0
-911.942 -687.943 140.35 1.0
-994.898 -557.994 140.35 1.0
-995.256 -557.382 140.35 1.0
-995.482 -556.928 140.35 1.0
-1060.461 -416.897 140.35 1.0
-1060.652 -416.427 140.35 1.0
-1060.815 -415.947 140.35 1.0
-1106.492 -268.699 140.35 1.0
-1106.676 -268.014 140.35 1.0
-1106.774 -267.516 140.35 1.0
-1132.417 -115.494 140.35 1.0
-1132.508 -114.79 140.35 1.0
-1132.539 -114.284 140.35 1.0
-1135.916 -13.259 140.35 1.0
-1135.916 -13.259 160.35 0.0
-1150.382 -10.275 160.35 0.0
-1271.483 -10.275 160.35 1.0
-1272.439 -40.062 160.35 1.0
-1256.468 -205.615 160.35 1.0
-1219.458 -367.766 160.35 1.0
-1162.016 -523.853 160.35 1.0
-1085.086 -671.314 160.35 1.0
-989.931 -807.726 160.35 1.0
-878.113 -930.85 160.35 1.0
-751.468 -1038.664 160.35 1.0
-612.076 -1129.398 160.35 1.0
-462.226 -1201.563 160.35 1.0
-304.378 -1253.972 160.35 1.0
-141.123 -1285.766 160.35 1.0
-11.736 -1294.073 160.35 1.0
-11.736 -1229.904 160.35 1.0
-11.736 -1173.617 160.35 1.0
-131.495 -1165.6 160.35 1.0
-132.2 -1165.525 160.35 1.0
-132.701 -1165.438 160.35 1.0
-285.665 -1134.346 160.35 1.0
-286.354 -1134.178 160.35 1.0
-286.837 -1134.025 160.35 1.0
-434.293 -1082.823 160.35 1.0
-434.911 -1082.583 160.35 1.0
-435.412 -1082.348 160.35 1.0
-574.727 -1011.949 160.35 1.0
-575.308 -1011.629 160.35 1.0
-575.774 -1011.329 160.35 1.0
-704.462 -922.99 160.35 1.0
-704.995 -922.595 160.35 1.0
-705.417 -922.236 160.35 1.0
-821.264 -817.457 160.35 1.0
-821.658 -817.069 160.35 1.0
-822.028 -816.658 160.35 1.0
-922.806 -697.458 160.35 1.0
-923.215 -696.936 160.35 1.0
-923.527 -696.479 160.35 1.0
-1007.517 -564.91 160.35 1.0
-1007.854 -564.338 160.35 1.0
-1008.102 -563.843 160.35 1.0
-1073.806 -422.254 160.35 1.0
-1074.064 -421.642 160.35 1.0
-1074.244 -421.119 160.35 1.0
-1120.49 -272.035 160.35 1.0
-1120.67 -271.364 160.35 1.0
-1120.772 -270.852 160.35 1.0
-1146.734 -116.934 160.35 1.0
-1146.821 -116.276 160.35 1.0
-1146.856 -115.724 160.35 1.0
-1150.281 -13.273 160.35 1.0
-1150.281 -13.273 180.35 0.0
-1164.747 -10.289 180.35 0.0
-1283.468 -10.289 180.35 1.0
-1284.435 -40.447 180.35 1.0
-1268.317 -207.53 180.35 1.0
-1230.964 -371.181 180.35 1.0
-1172.992 -528.712 180.35 1.0
-1095.35 -677.536 180.35 1.0
-999.315 -815.21 180.35 1.0
-886.463 -939.472 180.35 1.0
-758.647 -1048.284 180.35 1.0
-617.966 -1139.857 180.35 1.0
-466.73 -1212.688 180.35 1.0
-307.422 -1265.582 180.35 1.0
-142.658 -1297.67 180.35 1.0
-11.732 -1306.075 180.35 1.0
-11.732 -1243.178 180.35 1.0
-11.732 -1188.007 180.35 1.0
-133.413 -1179.861 180.35 1.0
-134.073 -1179.793 180.35 1.0
-134.618 -1179.699 180.35 1.0
-289.466 -1148.225 180.35 1.0
-290.111 -1148.069 180.35 1.0
-290.639 -1147.904 180.35 1.0
-439.91 -1096.071 180.35 1.0
-440.529 -1095.831 180.35 1.0
-441.03 -1095.596 180.35 1.0
-582.061 -1024.33 180.35 1.0
-582.641 -1024.01 180.35 1.0
-583.107 -1023.71 180.35 1.0
-713.381 -934.283 180.35 1.0
-713.913 -933.888 180.35 1.0
-714.335 -933.529 180.35 1.0
-831.608 -827.461 180.35 1.0
-832.002 -827.073 180.35 1.0
-832.372 -826.661 180.35 1.0
-934.39 -705.993 180.35 1.0
-934.8 -705.472 180.35 1.0
-935.112 -705.014 180.35 1.0
-1020.136 -571.825 180.35 1.0
-1020.473 -571.253 180.35 1.0
-1020.721 -570.759 180.35 1.0
-1087.235 -427.426 180.35 1.0
-1087.492 -426.814 180.35 1.0
-1087.672 -426.291 180.35 1.0
-1134.488 -275.371 180.35 1.0
-1134.668 -274.699 180.35 1.0
-1134.77 -274.188 180.35 1.0
-1161.052 -118.375 180.35 1.0
-1161.138 -117.717 180.35 1.0
-1161.174 -117.165 180.35 1.0
-1164.647 -13.287 180.35 1.0
-1164.647 -13.287 200.35 0.0
-11.728 -1201.701 200.35 0.0
-135.238 -1193.433 200.35 1.0
-135.898 -1193.364 200.35 1.0
-136.444 -1193.271 200.35 1.0
-293.192 -1161.409 200.35 1.0
-293.729 -1161.276 200.35 1.0
-294.257 -1161.111 200.35 1.0
-445.256 -1108.678 200.35 1.0
-445.874 -1108.438 200.35 1.0
-446.376 -1108.204 200.35 1.0
-589.039 -1036.112 200.35 1.0
-589.62 -1035.792 200.35 1.0
-590.086 -1035.493 200.35 1.0
-721.867 -945.03 200.35 1.0
-722.4 -944.634 200.35 1.0
-722.822 -944.276 200.35 1.0
-841.451 -836.981 200.35 1.0
-841.845 -836.593 200.35 1.0
-842.215 -836.181 200.35 1.0
-945.415 -714.116 200.35 1.0
-945.824 -713.594 200.35 1.0
-946.136 -713.137 200.35 1.0
-1032.145 -578.406 200.35 1.0
-1032.482 -577.834 200.35 1.0
-1032.73 -577.34 200.35 1.0
-1100.014 -432.347 200.35 1.0
-1100.271 -431.736 200.35 1.0
-1100.451 -431.212 200.35 1.0
-1147.808 -278.545 200.35 1.0
-1147.989 -277.874 200.35 1.0
-1148.09 -277.362 200.35 1.0
-1174.677 -119.746 200.35 1.0
-1174.763 -119.087 200.35 1.0
-1174.799 -118.535 200.35 1.0
-1178.417 -10.304 200.35 1.0
-1295.453 -10.304 200.35 1.0
-1296.432 -40.831 200.35 1.0
-1280.166 -209.446 200.35 1.0
-1242.471 -374.596 200.35 1.0
-1183.967 -533.57 200.35 1.0
-1105.614 -683.758 200.35 1.0
-1008.699 -822.693 200.35 1.0
-894.813 -948.094 200.35 1.0
-765.826 -1057.903 200.35 1.0
-623.856 -1150.315 200.35 1.0
-471.234 -1223.814 200.35 1.0
-310.467 -1277.192 200.35 1.0
-144.193 -1309.574 200.35 1.0
-11.728 -1318.078 200.35 1.0
-11.728 -1256.082 200.35 1.0
-11.728 -1204.701 200.35 1.0
-11.728 -1204.701 220.35 0.0
-1190.66 -10.318 220.35 0.0
-1307.437 -10.318 220.35 1.0
-1308.428 -41.216 220.35 1.0
-1292.014 -211.362 220.35 1.0
-1253.978 -378.011 220.35 1.0
-1194.942 -538.429 220.35 1.0
-1115.878 -689.98 220.35 1.0
-1018.083 -830.177 220.35 1.0
-903.163 -956.716 220.35 1.0
-773.005 -1067.522 220.35 1.0
-629.746 -1160.773 220.35 1.0
-475.739 -1234.939 220.35 1.0
-313.511 -1288.802 220.35 1.0
-145.728 -1321.478 220.35 1.0
-11.725 -1330.081 220.35 1.0
-11.725 -1268.224 220.35 1.0
-11.725 -1213.965 220.35 1.0
-136.873 -1205.587 220.35 1.0
-137.533 -1205.519 220.35 1.0
-138.078 -1205.425 220.35 1.0
-296.432 -1173.237 220.35 1.0
-296.969 -1173.104 220.35 1.0
-297.497 -1172.939 220.35 1.0
-450.044 -1119.969 220.35 1.0
-450.662 -1119.728 220.35 1.0
-451.163 -1119.494 220.35 1.0
-595.289 -1046.664 220.35 1.0
-595.87 -1046.344 220.35 1.0
-596.335 -1046.044 220.35 1.0
-729.468 -954.654 220.35 1.0
-730.0 -954.259 220.35 1.0
-730.422 -953.9 220.35 1.0
-850.267 -845.506 220.35 1.0
-850.661 -845.118 220.35 1.0
-851.031 -844.707 220.35 1.0
-955.288 -721.391 220.35 1.0
-955.697 -720.869 220.35 1.0
-956.009 -720.412 220.35 1.0
-1042.9 -584.3 220.35 1.0
-1043.236 -583.728 220.35 1.0
-1043.484 -583.233 220.35 1.0
-1111.458 -436.755 220.35 1.0
-1111.715 -436.143 220.35 1.0
-1111.895 -435.62 220.35 1.0
-1159.738 -281.388 220.35 1.0
-1159.918 -280.717 220.35 1.0
-1160.02 -280.205 220.35 1.0
-1186.879 -120.973 220.35 1.0
-1186.965 -120.315 220.35 1.0
-1187.001 -119.763 220.35 1.0
-1190.559 -13.316 220.35 1.0
-1190.559 -13.316 240.35 0.0
-1202.902 -10.332 240.35 0.0
-1317.97 -10.332 240.35 1.0
-1318.971 -41.554 240.35 1.0
-1302.428 -213.045 240.35 1.0
-1264.09 -381.013 240.35 1.0
-1204.588 -542.699 240.35 1.0
-1124.899 -695.449 240.35 1.0
-1026.33 -836.753 240.35 1.0
-910.501 -964.294 240.35 1.0
-779.314 -1075.975 240.35 1.0
-634.922 -1169.964 240.35 1.0
-479.697 -1244.717 240.35 1.0
-316.187 -1299.006 240.35 1.0
-147.077 -1331.94 240.35 1.0
-11.721 -1340.63 240.35 1.0
-11.721 -1279.687 240.35 1.0
-11.721 -1226.229 240.35 1.0
-138.508 -1217.741 240.35 1.0
-139.167 -1217.673 240.35 1.0
-139.713 -1217.579 240.35 1.0
-299.672 -1185.065 240.35 1.0
-300.209 -1184.932 240.35 1.0
-300.737 -1184.766 240.35 1.0
-454.831 -1131.259 240.35 1.0
-455.45 -1131.019 240.35 1.0
-455.951 -1130.784 240.35 1.0
-601.539 -1057.216 240.35 1.0
-602.119 -1056.895 240.35 1.0
-602.585 -1056.596 240.35 1.0
-737.068 -964.278 240.35 1.0
-737.601 -963.883 240.35 1.0
-738.022 -963.525 240.35 1.0
-859.082 -854.032 240.35 1.0
-859.476 -853.644 240.35 1.0
-859.846 -853.232 240.35 1.0
-965.161 -728.666 240.35 1.0
-965.571 -728.144 240.35 1.0
-965.882 -727.686 240.35 1.0
-1053.654 -590.194 240.35 1.0
-1053.991 -589.622 240.35 1.0
-1054.239 -589.127 240.35 1.0
-1122.902 -441.163 240.35 1.0
-1123.159 -440.551 240.35 1.0
-1123.339 -440.028 240.35 1.0
-1171.667 -284.231 240.35 1.0
-1171.848 -283.56 240.35 1.0
-1171.949 -283.048 240.35 1.0
-1199.081 -122.201 240.35 1.0
-1199.167 -121.543 240.35 1.0
-1199.203 -120.991 240.35 1.0
-1202.802 -13.331 240.35 1.0
-1202.802 -13.331 260.35 0.0
-1214.868 -10.347 260.35 0.0
-1326.994 -10.347 260.35 1.0
-1328.004 -41.844 260.35 1.0
-1311.349 -214.488 260.35 1.0
-1272.754 -383.584 260.35 1.0
-1212.852 -546.357 260.35 1.0
-1132.627 -700.133 260.35 1.0
-1033.396 -842.388 260.35 1.0
-916.788 -970.786 260.35 1.0
-784.719 -1083.218 260.35 1.0
-639.357 -1177.838 260.35 1.0
-483.088 -1253.094 260.35 1.0
-318.479 -1307.748 260.35 1.0
-148.233 -1340.903 260.35 1.0
-11.717 -1349.668 260.35 1.0
-11.717 -1290.295 260.35 1.0
-11.717 -1238.215 260.35 1.0
-140.105 -1229.62 260.35 1.0
-140.765 -1229.552 260.35 1.0
-141.311 -1229.458 260.35 1.0
-302.839 -1196.625 260.35 1.0
-303.375 -1196.492 260.35 1.0
-303.904 -1196.326 260.35 1.0
-459.511 -1142.294 260.35 1.0
-460.129 -1142.054 260.35 1.0
-460.63 -1141.819 260.35 1.0
-607.647 -1067.528 260.35 1.0
-608.228 -1067.208 260.35 1.0
-608.693 -1066.909 260.35 1.0
-744.496 -973.685 260.35 1.0
-745.029 -973.29 260.35 1.0
-745.451 -972.931 260.35 1.0
-867.698 -862.364 260.35 1.0
-868.092 -861.976 260.35 1.0
-868.462 -861.565 260.35 1.0
-974.81 -735.775 260.35 1.0
-975.22 -735.253 260.35 1.0
-975.532 -734.796 260.35 1.0
-1064.166 -595.954 260.35 1.0
-1064.502 -595.382 260.35 1.0
-1064.75 -594.887 260.35 1.0
-1134.087 -445.47 260.35 1.0
-1134.344 -444.859 260.35 1.0
-1134.524 -444.335 260.35 1.0
-1183.327 -287.01 260.35 1.0
-1183.507 -286.338 260.35 1.0
-1183.609 -285.827 260.35 1.0
-1211.007 -123.4 260.35 1.0
-1211.093 -122.742 260.35 1.0
-1211.128 -122.19 260.35 1.0
-1214.767 -13.345 260.35 1.0
-1214.767 -13.345 280.35 0.0
-1225.185 -10.361 280.35 0.0
-1336.018 -10.361 280.35 1.0
-1337.037 -42.133 280.35 1.0
-1320.271 -215.93 280.35 1.0
-1281.418 -386.155 280.35 1.0
-1221.116 -550.015 280.35 1.0
-1140.355 -704.818 280.35 1.0
-1040.462 -848.023 280.35 1.0
-923.076 -977.278 280.35 1.0
-790.125 -1090.461 280.35 1.0
-643.792 -1185.713 280.35 1.0
-486.48 -1261.471 280.35 1.0
-320.772 -1316.489 280.35 1.0
-149.388 -1349.866 280.35 1.0
-11.713 -1358.705 280.35 1.0
-11.713 -1300.024 280.35 1.0
-11.713 -1248.55 280.35 1.0
-141.483 -1239.864 280.35 1.0
-142.142 -1239.795 280.35 1.0
-142.688 -1239.701 280.35 1.0
-305.569 -1206.593 280.35 1.0
-306.106 -1206.46 280.35 1.0
-306.634 -1206.295 280.35 1.0
-463.545 -1151.809 280.35 1.0
-464.164 -1151.569 280.35 1.0
-464.665 -1151.334 280.35 1.0
-612.914 -1076.421 280.35 1.0
-613.495 -1076.1 280.35 1.0
-613.96 -1075.801 280.35 1.0
-750.902 -981.796 280.35 1.0
-751.434 -981.401 280.35 1.0
-751.856 -981.043 280.35 1.0
-875.127 -869.549 280.35 1.0
-875.521 -869.161 280.35 1.0
-875.891 -868.75 280.35 1.0
-983.131 -741.906 280.35 1.0
-983.541 -741.384 280.35 1.0
-983.853 -740.927 280.35 1.0
-1073.229 -600.921 280.35 1.0
-1073.566 -600.349 280.35 1.0
-1073.814 -599.854 280.35 1.0
-1143.732 -449.185 280.35 1.0
-1143.989 -448.573 280.35 1.0
-1144.169 -448.05 280.35 1.0
-1193.381 -289.406 280.35 1.0
-1193.561 -288.734 280.35 1.0
-1193.663 -288.223 280.35 1.0
-1221.29 -124.435 280.35 1.0
-1221.375 -123.795 280.35 1.0
-1221.412 -123.225 280.35 1.0
-1225.085 -13.36 280.35 1.0
-1225.085 -13.36 300.35 0.0
-1235.503 -10.376 300.35 0.0
-1345.042 -10.376 300.35 1.0
-1346.069 -42.423 300.35 1.0
-1329.192 -217.372 300.35 1.0
-1290.082 -388.727 300.35 1.0
-1229.38 -553.673 300.35 1.0
-1148.083 -709.503 300.35 1.0
-1047.528 -853.658 300.35 1.0
-929.363 -983.77 300.35 1.0
-795.53 -1097.704 300.35 1.0
-648.227 -1193.587 300.35 1.0
-489.871 -1269.847 300.35 1.0
-323.064 -1325.231 300.35 1.0
-150.544 -1358.829 300.35 1.0
-11.709 -1367.743 300.35 1.0
-11.709 -1309.753 300.35 1.0
-11.709 -1258.886 300.35 1.0
-142.86 -1250.107 300.35 1.0
-143.52 -1250.038 300.35 1.0
-144.066 -1249.945 300.35 1.0
-308.3 -1216.562 300.35 1.0
-308.837 -1216.429 300.35 1.0
-309.365 -1216.263 300.35 1.0
-467.58 -1161.325 300.35 1.0
-468.199 -1161.084 300.35 1.0
-468.7 -1160.85 300.35 1.0
-618.181 -1085.314 300.35 1.0
-618.714 -1085.021 300.35 1.0
-619.228 -1084.694 300.35 1.0
-757.307 -989.908 300.35 1.0
-757.797 -989.547 300.35 1.0
-758.261 -989.154 300.35 1.0
-882.475 -876.809 300.35 1.0
-882.912 -876.386 300.35 1.0
-883.321 -875.935 300.35 1.0
-991.452 -748.037 300.35 1.0
-991.829 -747.559 300.35 1.0
-992.173 -747.058 300.35 1.0
-1082.293 -605.888 300.35 1.0
-1082.603 -605.365 300.35 1.0
-1082.877 -604.821 300.35 1.0
-1153.376 -452.9 300.35 1.0
-1153.614 -452.34 300.35 1.0
-1153.813 -451.765 300.35 1.0
-1203.434 -291.802 300.35 1.0
-1203.615 -291.13 300.35 1.0
-1203.716 -290.619 300.35 1.0
-1231.574 -125.469 300.35 1.0
-1231.658 -124.829 300.35 1.0
-1231.695 -124.259 300.35 1.0
-1235.403 -13.374 300.35 1.0
-1235.403 -13.374 320.35 0.0
-1245.82 -10.39 320.35 0.0
-1354.066 -10.39 320.35 1.0
-1355.102 -42.713 320.35 1.0
-1338.114 -218.815 320.35 1.0
-1298.746 -391.298 320.35 1.0
-1237.644 -557.331 320.35 1.0
-1155.812 -714.188 320.35 1.0
-1054.593 -859.293 320.35 1.0
-935.65 -990.262 320.35 1.0
-800.936 -1104.946 320.35 1.0
-652.661 -1201.462 320.35 1.0
-493.263 -1278.224 320.35 1.0
-325.356 -1333.973 320.35 1.0
-151.7 -1367.793 320.35 1.0
-11.705 -1376.781 320.35 1.0
-11.705 -1319.482 320.35 1.0
-11.705 -1269.222 320.35 1.0
-144.238 -1260.35 320.35 1.0
-144.843 -1260.289 320.35 1.0
-145.443 -1260.188 320.35 1.0
-310.922 -1226.552 320.35 1.0
-311.514 -1226.412 320.35 1.0
-312.095 -1226.231 320.35 1.0
-471.615 -1170.84 320.35 1.0
-472.183 -1170.621 320.35 1.0
-472.735 -1170.365 320.35 1.0
-623.448 -1094.206 320.35 1.0
-623.981 -1093.914 320.35 1.0
-624.495 -1093.586 320.35 1.0
-763.712 -998.019 320.35 1.0
-764.202 -997.658 320.35 1.0
-764.667 -997.265 320.35 1.0
-889.905 -883.994 320.35 1.0
-890.342 -883.572 320.35 1.0
-890.75 -883.12 320.35 1.0
-999.773 -754.167 320.35 1.0
-1000.15 -753.69 320.35 1.0
-1000.494 -753.188 320.35 1.0
-1091.356 -610.855 320.35 1.0
-1091.666 -610.332 320.35 1.0
-1091.941 -609.788 320.35 1.0
-1163.021 -456.614 320.35 1.0
-1163.259 -456.054 320.35 1.0
-1163.458 -455.479 320.35 1.0
-1213.488 -294.198 320.35 1.0
-1213.669 -293.526 320.35 1.0
-1213.77 -293.015 320.35 1.0
-1241.857 -126.504 320.35 1.0
-1241.942 -125.864 320.35 1.0
-1241.979 -125.294 320.35 1.0
-1245.72 -13.389 320.35 1.0
-1245.72 -13.389 340.35 0.0
-11.701 -1278.262 340.35 0.0
-145.443 -1269.309 340.35 1.0
-146.047 -1269.248 340.35 1.0
-146.648 -1269.147 340.35 1.0
-313.311 -1235.271 340.35 1.0
-313.902 -1235.13 340.35 1.0
-314.484 -1234.95 340.35 1.0
-475.144 -1179.162 340.35 1.0
-475.711 -1178.944 340.35 1.0
-476.264 -1178.688 340.35 1.0
-628.055 -1101.984 340.35 1.0
-628.588 -1101.692 340.35 1.0
-629.101 -1101.364 340.35 1.0
-769.315 -1005.113 340.35 1.0
-769.804 -1004.753 340.35 1.0
-770.269 -1004.359 340.35 1.0
-896.402 -890.279 340.35 1.0
-896.84 -889.856 340.35 1.0
-897.248 -889.404 340.35 1.0
-1007.05 -759.53 340.35 1.0
-1007.427 -759.052 340.35 1.0
-1007.772 -758.55 340.35 1.0
-1099.284 -615.199 340.35 1.0
-1099.594 -614.676 340.35 1.0
-1099.868 -614.133 340.35 1.0
-1171.457 -459.863 340.35 1.0
-1171.694 -459.303 340.35 1.0
-1171.894 -458.728 340.35 1.0
-1222.282 -296.293 340.35 1.0
-1222.462 -295.622 340.35 1.0
-1222.564 -295.11 340.35 1.0
-1250.851 -127.409 340.35 1.0
-1250.936 -126.769 340.35 1.0
-1250.973 -126.199 340.35 1.0
-1254.844 -10.405 340.35 1.0
-1363.09 -10.405 340.35 1.0
-1364.135 -43.002 340.35 1.0
-1347.035 -220.257 340.35 1.0
-1307.409 -393.87 340.35 1.0
-1245.907 -560.99 340.35 1.0
-1163.54 -718.873 340.35 1.0
-1061.659 -864.927 340.35 1.0
-941.937 -996.754 340.35 1.0
-806.341 -1112.189 340.35 1.0
-657.096 -1209.336 340.35 1.0
-496.654 -1286.601 340.35 1.0
-327.649 -1342.715 340.35 1.0
-152.855 -1376.756 340.35 1.0
-11.701 -1385.818 340.35 1.0
-11.701 -1328.521 340.35 1.0
-11.701 -1281.262 340.35 1.0
-11.701 -1281.262 360.35 0.0
-11.697 -1286.854 360.35 0.0
-146.588 -1277.824 360.35 1.0
-147.193 -1277.763 360.35 1.0
-147.793 -1277.662 360.35 1.0
-315.581 -1243.558 360.35 1.0
-316.172 -1243.417 360.35 1.0
-316.754 -1243.236 360.35 1.0
-478.498 -1187.072 360.35 1.0
-479.066 -1186.854 360.35 1.0
-479.618 -1186.598 360.35 1.0
-632.434 -1109.376 360.35 1.0
-632.967 -1109.084 360.35 1.0
-633.48 -1108.757 360.35 1.0
-774.639 -1011.856 360.35 1.0
-775.129 -1011.495 360.35 1.0
-775.594 -1011.102 360.35 1.0
-902.578 -896.252 360.35 1.0
-903.016 -895.829 360.35 1.0
-903.424 -895.377 360.35 1.0
-1013.967 -764.626 360.35 1.0
-1014.344 -764.149 360.35 1.0
-1014.689 -763.647 360.35 1.0
-1106.818 -619.328 360.35 1.0
-1107.128 -618.805 360.35 1.0
-1107.403 -618.262 360.35 1.0
-1179.475 -462.951 360.35 1.0
-1179.712 -462.391 360.35 1.0
-1179.912 -461.816 360.35 1.0
-1230.639 -298.285 360.35 1.0
-1230.82 -297.614 360.35 1.0
-1230.921 -297.102 360.35 1.0
-1259.4 -128.269 360.35 1.0
-1259.485 -127.629 360.35 1.0
-1259.522 -127.059 360.35 1.0
-1263.421 -10.419 360.35 1.0
-1371.744 -10.419 360.35 1.0
-1372.797 -43.28 360.35 1.0
-1355.591 -221.64 360.35 1.0
-1315.718 -396.336 360.35 1.0
-1253.833 -564.498 360.35 1.0
-1170.952 -723.366 360.35 1.0
-1068.435 -870.331 360.35 1.0
-947.967 -1002.98 360.35 1.0
-811.525 -1119.135 360.35 1.0
-661.349 -1216.888 360.35 1.0
-499.907 -1294.635 360.35 1.0
-329.847 -1351.099 360.35 1.0
-153.964 -1385.352 360.35 1.0
-11.697 -1394.486 360.35 1.0
-11.697 -1337.148 360.35 1.0
-11.697 -1289.854 360.35 1.0
-11.697 -1289.854 380.35 0.0
-11.693 -1295.446 380.35 0.0
-147.733 -1286.339 380.35 1.0
-148.338 -1286.278 380.35 1.0
-148.938 -1286.177 380.35 1.0
-317.851 -1251.844 380.35 1.0
-318.442 -1251.703 380.35 1.0
-319.023 -1251.523 380.35 1.0
-481.852 -1194.983 380.35 1.0
-482.42 -1194.764 380.35 1.0
-482.972 -1194.508 380.35 1.0
-636.812 -1116.769 380.35 1.0
-637.345 -1116.477 380.35 1.0
-637.859 -1116.149 380.35 1.0
-779.964 -1018.599 380.35 1.0
-780.454 -1018.238 380.35 1.0
-780.919 -1017.845 380.35 1.0
-908.755 -902.225 380.35 1.0
-909.192 -901.802 380.35 1.0
-909.6 -901.35 380.35 1.0
-1020.884 -769.723 380.35 1.0
-1021.261 -769.245 380.35 1.0
-1021.606 -768.744 380.35 1.0
-1114.353 -623.457 380.35 1.0
-1114.663 -622.934 380.35 1.0
-1114.937 -622.391 380.35 1.0
-1187.492 -466.039 380.35 1.0
-1187.73 -465.479 380.35 1.0
-1187.93 -464.904 380.35 1.0
-1238.997 -300.277 380.35 1.0
-1239.178 -299.605 380.35 1.0
-1239.279 -299.094 380.35 1.0
-1267.949 -129.129 380.35 1.0
-1268.034 -128.489 380.35 1.0
-1268.071 -127.919 380.35 1.0
-1271.998 -10.434 380.35 1.0
-1378.193 -10.434 380.35 1.0
-1379.253 -43.487 380.35 1.0
-1361.968 -222.671 380.35 1.0
-1321.911 -398.174 380.35 1.0
-1259.739 -567.113 380.35 1.0
-1176.475 -726.714 380.35 1.0
-1073.485 -874.358 380.35 1.0
-952.46 -1007.62 380.35 1.0
-815.388 -1124.311 380.35 1.0
-664.519 -1222.516 380.35 1.0
-502.331 -1300.622 380.35 1.0
-331.486 -1357.347 380.35 1.0
-154.79 -1391.758 380.35 1.0
-11.693 -1400.945 380.35 1.0
-11.693 -1344.744 380.35 1.0
-11.693 -1298.446 380.35 1.0
-11.693 -1298.446 400.35 0.0
-11.69 -1303.825 400.35 0.0
-148.85 -1294.643 400.35 1.0
-149.455 -1294.583 400.35 1.0
-150.055 -1294.481 400.35 1.0
-320.064 -1259.925 400.35 1.0
-320.656 -1259.785 400.35 1.0
-321.237 -1259.604 400.35 1.0
-485.123 -1202.697 400.35 1.0
-485.691 -1202.478 400.35 1.0
-486.243 -1202.222 400.35 1.0
-641.082 -1123.978 400.35 1.0
-641.615 -1123.686 400.35 1.0
-642.129 -1123.358 400.35 1.0
-785.157 -1025.175 400.35 1.0
-785.647 -1024.814 400.35 1.0
-786.112 -1024.421 400.35 1.0
-914.778 -908.05 400.35 1.0
-915.215 -907.627 400.35 1.0
-915.623 -907.175 400.35 1.0
-1027.63 -774.693 400.35 1.0
-1028.007 -774.216 400.35 1.0
-1028.351 -773.714 400.35 1.0
-1121.701 -627.484 400.35 1.0
-1122.011 -626.961 400.35 1.0
-1122.285 -626.418 400.35 1.0
-1195.312 -469.051 400.35 1.0
-1195.549 -468.491 400.35 1.0
-1195.749 -467.916 400.35 1.0
-1247.148 -302.219 400.35 1.0
-1247.329 -301.548 400.35 1.0
-1247.43 -301.036 400.35 1.0
-1276.286 -129.968 400.35 1.0
-1276.371 -129.327 400.35 1.0
-1276.408 -128.757 400.35 1.0
-1280.363 -10.448 400.35 1.0
-1384.643 -10.448 400.35 1.0
-1385.709 -43.694 400.35 1.0
-1368.344 -223.702 400.35 1.0
-1328.103 -400.011 400.35 1.0
-1265.646 -569.727 400.35 1.0
-1181.999 -730.063 400.35 1.0
-1078.535 -878.386 400.35 1.0
-956.954 -1012.26 400.35 1.0
-819.251 -1129.488 400.35 1.0
-667.689 -1228.144 400.35 1.0
-504.754 -1306.609 400.35 1.0
-333.124 -1363.595 400.35 1.0
-155.616 -1398.164 400.35 1.0
-11.689 -1407.405 400.35 1.0
-11.689 -1352.226 400.35 1.0
-11.69 -1306.825 400.35 1.0
-11.69 -1306.825 420.35 0.0
-1287.342 -10.463 420.35 0.0
-1391.093 -10.463 420.35 1.0
-1392.165 -43.901 420.35 1.0
-1374.721 -224.733 420.35 1.0
-1334.295 -401.849 420.35 1.0
-1271.552 -572.342 420.35 1.0
-1187.523 -733.411 420.35 1.0
-1083.585 -882.413 420.35 1.0
-961.448 -1016.9 420.35 1.0
-823.115 -1134.665 420.35 1.0
-670.858 -1233.772 420.35 1.0
-507.178 -1312.597 420.35 1.0
-334.762 -1369.843 420.35 1.0
-156.442 -1404.571 420.35 1.0
-11.686 -1413.864 420.35 1.0
-11.686 -1358.969 420.35 1.0
-11.686 -1310.817 420.35 1.0
-149.782 -1301.573 420.35 1.0
-150.387 -1301.512 420.35 1.0
-150.987 -1301.411 420.35 1.0
-321.911 -1266.669 420.35 1.0
-322.503 -1266.528 420.35 1.0
-323.084 -1266.347 420.35 1.0
-487.853 -1209.134 420.35 1.0
-488.42 -1208.915 420.35 1.0
-488.973 -1208.659 420.35 1.0
-644.645 -1129.994 420.35 1.0
-645.179 -1129.702 420.35 1.0
-645.692 -1129.374 420.35 1.0
-789.49 -1030.662 420.35 1.0
-789.98 -1030.301 420.35 1.0
-790.445 -1029.908 420.35 1.0
-919.803 -912.91 420.35 1.0
-920.24 -912.487 420.35 1.0
-920.649 -912.036 420.35 1.0
-1033.259 -778.84 420.35 1.0
-1033.636 -778.363 420.35 1.0
-1033.98 -777.861 420.35 1.0
-1127.832 -630.844 420.35 1.0
-1128.142 -630.321 420.35 1.0
-1128.417 -629.778 420.35 1.0
-1201.836 -471.564 420.35 1.0
-1202.073 -471.004 420.35 1.0
-1202.273 -470.429 420.35 1.0
-1253.949 -303.84 420.35 1.0
-1254.13 -303.169 420.35 1.0
-1254.231 -302.657 420.35 1.0
-1283.242 -130.667 420.35 1.0
-1283.327 -130.027 420.35 1.0
-1283.364 -129.457 420.35 1.0
-1287.242 -13.461 420.35 1.0
-1287.242 -13.461 440.35 0.0
-1294.322 -10.477 440.35 0.0
-1397.543 -10.477 440.35 1.0
-1398.621 -44.108 440.35 1.0
-1381.097 -225.764 440.35 1.0
-1340.488 -403.687 440.35 1.0
-1277.459 -574.956 440.35 1.0
-1193.046 -736.76 440.35 1.0
-1088.636 -886.44 440.35 1.0
-965.941 -1021.54 440.35 1.0
-826.978 -1139.841 440.35 1.0
-674.028 -1239.4 440.35 1.0
-509.602 -1318.584 440.35 1.0
-336.401 -1376.091 440.35 1.0
-157.268 -1410.977 440.35 1.0
-11.682 -1420.324 440.35 1.0
-11.682 -1365.713 440.35 1.0
-11.682 -1317.809 440.35 1.0
-150.714 -1308.502 440.35 1.0
-151.318 -1308.441 440.35 1.0
-151.919 -1308.34 440.35 1.0
-323.759 -1273.412 440.35 1.0
-324.35 -1273.271 440.35 1.0
-324.931 -1273.09 440.35 1.0
-490.582 -1215.57 440.35 1.0
-491.15 -1215.352 440.35 1.0
-491.702 -1215.096 440.35 1.0
-648.208 -1136.009 440.35 1.0
-648.742 -1135.717 440.35 1.0
-649.255 -1135.39 440.35 1.0
-793.823 -1036.149 440.35 1.0
-794.313 -1035.788 440.35 1.0
-794.778 -1035.395 440.35 1.0
-924.829 -917.771 440.35 1.0
-925.266 -917.348 440.35 1.0
-925.674 -916.896 440.35 1.0
-1038.888 -782.988 440.35 1.0
-1039.264 -782.51 440.35 1.0
-1039.609 -782.008 440.35 1.0
-1133.964 -634.204 440.35 1.0
-1134.274 -633.681 440.35 1.0
-1134.548 -633.138 440.35 1.0
-1208.36 -474.076 440.35 1.0
-1208.598 -473.516 440.35 1.0
-1208.797 -472.941 440.35 1.0
-1260.751 -305.461 440.35 1.0
-1260.931 -304.789 440.35 1.0
-1261.032 -304.278 440.35 1.0
-1290.199 -131.367 440.35 1.0
-1290.284 -130.727 440.35 1.0
-1290.321 -130.157 440.35 1.0
-1294.221 -13.475 440.35 1.0
-1294.221 -13.475 460.35 0.0
-1301.301 -10.491 460.35 0.0
-1403.993 -10.491 460.35 1.0
-1405.077 -44.315 460.35 1.0
-1387.474 -226.795 460.35 1.0
-1346.68 -405.525 460.35 1.0
-1283.365 -577.571 460.35 1.0
-1198.57 -740.108 460.35 1.0
-1093.686 -890.468 460.35 1.0
-970.435 -1026.18 460.35 1.0
-830.842 -1145.018 460.35 1.0
-677.198 -1245.029 460.35 1.0
-512.026 -1324.571 460.35 1.0
-338.039 -1382.339 460.35 1.0
-158.094 -1417.383 460.35 1.0
-11.678 -1426.783 460.35 1.0
-11.678 -1372.456 460.35 1.0
-11.678 -1324.801 460.35 1.0
-151.646 -1315.431 460.35 1.0
-152.25 -1315.37 460.35 1.0
-152.851 -1315.269 460.35 1.0
-325.606 -1280.155 460.35 1.0
-326.197 -1280.014 460.35 1.0
-326.779 -1279.834 460.35 1.0
-493.312 -1222.007 460.35 1.0
-493.879 -1221.789 460.35 1.0
-494.432 -1221.532 460.35 1.0
-651.771 -1142.025 460.35 1.0
-652.305 -1141.733 460.35 1.0
-652.818 -1141.405 460.35 1.0
-798.156 -1041.636 460.35 1.0
-798.646 -1041.275 460.35 1.0
-799.111 -1040.882 460.35 1.0
-929.855 -922.631 460.35 1.0
-930.292 -922.208 460.35 1.0
-930.7 -921.757 460.35 1.0
-1044.516 -787.135 460.35 1.0
-1044.893 -786.658 460.35 1.0
-1045.238 -786.156 460.35 1.0
-1140.095 -637.564 460.35 1.0
-1140.405 -637.041 460.35 1.0
-1140.679 -636.498 460.35 1.0
-1214.885 -476.589 460.35 1.0
-1215.122 -476.029 460.35 1.0
-1215.322 -475.454 460.35 1.0
-1267.552 -307.082 460.35 1.0
-1267.732 -306.41 460.35 1.0
-1267.834 -305.899 460.35 1.0
-1297.155 -132.067 460.35 1.0
-1297.24 -131.427 460.35 1.0
-1297.277 -130.857 460.35 1.0
-1301.201 -13.49 460.35 1.0
-1301.201 -13.49 480.35 0.0
-11.674 -1331.306 480.35 0.0
-152.512 -1321.878 480.35 1.0
-153.117 -1321.817 480.35 1.0
-153.718 -1321.716 480.35 1.0
-327.324 -1286.428 480.35 1.0
-327.915 -1286.287 480.35 1.0
-328.497 -1286.107 480.35 1.0
-495.851 -1227.995 480.35 1.0
-496.418 -1227.777 480.35 1.0
-496.971 -1227.521 480.35 1.0
-655.086 -1147.621 480.35 1.0
-655.619 -1147.329 480.35 1.0
-656.133 -1147.002 480.35 1.0
-802.187 -1046.74 480.35 1.0
-802.677 -1046.38 480.35 1.0
-803.142 -1045.987 480.35 1.0
-934.53 -927.153 480.35 1.0
-934.967 -926.73 480.35 1.0
-935.376 -926.279 480.35 1.0
-1049.753 -790.993 480.35 1.0
-1050.13 -790.516 480.35 1.0
-1050.474 -790.014 480.35 1.0
-1145.799 -640.69 480.35 1.0
-1146.109 -640.167 480.35 1.0
-1146.383 -639.624 480.35 1.0
-1220.955 -478.927 480.35 1.0
-1221.192 -478.367 480.35 1.0
-1221.392 -477.792 480.35 1.0
-1273.879 -308.59 480.35 1.0
-1274.06 -307.918 480.35 1.0
-1274.161 -307.407 480.35 1.0
-1303.627 -132.718 480.35 1.0
-1303.712 -132.078 480.35 1.0
-1303.749 -131.508 480.35 1.0
-1307.794 -10.506 480.35 1.0
-1410.443 -10.506 480.35 1.0
-1411.533 -44.522 480.35 1.0
-1393.85 -227.826 480.35 1.0
-1352.872 -407.363 480.35 1.0
-1289.272 -580.186 480.35 1.0
-1204.093 -743.457 480.35 1.0
-1098.736 -894.495 480.35 1.0
-974.929 -1030.82 480.35 1.0
-834.705 -1150.194 480.35 1.0
-680.368 -1250.657 480.35 1.0
-514.45 -1330.558 480.35 1.0
-339.678 -1388.587 480.35 1.0
-158.92 -1423.789 480.35 1.0
-11.674 -1433.243 480.35 1.0
-11.674 -1378.939 480.35 1.0
-11.674 -1334.306 480.35 1.0
-11.674 -1334.306 500.35 0.0
-11.67 -1336.808 500.35 0.0
-153.246 -1327.33 500.35 1.0
-153.851 -1327.269 500.35 1.0
-154.451 -1327.168 500.35 1.0
-328.778 -1291.734 500.35 1.0
-329.369 -1291.594 500.35 1.0
-329.951 -1291.413 500.35 1.0
-497.999 -1233.061 500.35 1.0
-498.566 -1232.842 500.35 1.0
-499.119 -1232.586 500.35 1.0
-657.89 -1152.355 500.35 1.0
-658.423 -1152.063 500.35 1.0
-658.936 -1151.735 500.35 1.0
-805.597 -1051.058 500.35 1.0
-806.087 -1050.697 500.35 1.0
-806.552 -1050.304 500.35 1.0
-938.485 -930.978 500.35 1.0
-938.922 -930.555 500.35 1.0
-939.33 -930.104 500.35 1.0
-1054.182 -794.257 500.35 1.0
-1054.559 -793.779 500.35 1.0
-1054.903 -793.277 500.35 1.0
-1150.624 -643.334 500.35 1.0
-1150.934 -642.811 500.35 1.0
-1151.208 -642.268 500.35 1.0
-1226.089 -480.904 500.35 1.0
-1226.326 -480.344 500.35 1.0
-1226.526 -479.769 500.35 1.0
-1279.231 -309.865 500.35 1.0
-1279.411 -309.193 500.35 1.0
-1279.513 -308.682 500.35 1.0
-1309.101 -133.269 500.35 1.0
-1309.186 -132.629 500.35 1.0
-1309.223 -132.059 500.35 1.0
-1313.286 -10.52 500.35 1.0
-1416.299 -10.52 500.35 1.0
-1417.396 -44.71 500.35 1.0
-1399.641 -228.762 500.35 1.0
-1358.495 -409.032 500.35 1.0
-1294.635 -582.56 500.35 1.0
-1209.109 -746.497 500.35 1.0
-1103.321 -898.152 500.35 1.0
-979.009 -1035.034 500.35 1.0
-838.213 -1154.895 500.35 1.0
-683.246 -1255.767 500.35 1.0
-516.651 -1335.995 500.35 1.0
-341.166 -1394.26 500.35 1.0
-159.67 -1429.607 500.35 1.0
-11.67 -1439.109 500.35 1.0
-11.67 -1384.611 500.35 1.0
-11.67 -1339.808 500.35 1.0
-11.67 -1339.808 520.35 0.0
-11.666 -1342.309 520.35 0.0
-153.979 -1332.783 520.35 1.0
-154.584 -1332.722 520.35 1.0
-155.184 -1332.621 520.35 1.0
-330.231 -1297.041 520.35 1.0
-330.822 -1296.9 520.35 1.0
-331.404 -1296.719 520.35 1.0
-500.147 -1238.126 520.35 1.0
-500.714 -1237.907 520.35 1.0
-501.266 -1237.651 520.35 1.0
-660.694 -1157.089 520.35 1.0
-661.227 -1156.796 520.35 1.0
-661.74 -1156.469 520.35 1.0
-809.007 -1055.376 520.35 1.0
-809.496 -1055.015 520.35 1.0
-809.961 -1054.622 520.35 1.0
-942.44 -934.802 520.35 1.0
-942.877 -934.38 520.35 1.0
-943.285 -933.928 520.35 1.0
-1058.611 -797.52 520.35 1.0
-1058.988 -797.043 520.35 1.0
-1059.333 -796.541 520.35 1.0
-1155.448 -645.978 520.35 1.0
-1155.758 -645.455 520.35 1.0
-1156.033 -644.912 520.35 1.0
-1231.223 -482.882 520.35 1.0
-1231.46 -482.322 520.35 1.0
-1231.66 -481.747 520.35 1.0
-1284.582 -311.14 520.35 1.0
-1284.763 -310.469 520.35 1.0
-1284.864 -309.957 520.35 1.0
-1314.575 -133.819 520.35 1.0
-1314.66 -133.179 520.35 1.0
-1314.697 -132.609 520.35 1.0
-1318.778 -10.535 520.35 1.0
-1420.426 -10.535 520.35 1.0
-1421.526 -44.843 520.35 1.0
-1403.72 -229.421 520.35 1.0
-1362.457 -410.207 520.35 1.0
-1298.414 -584.233 520.35 1.0
-1212.643 -748.64 520.35 1.0
-1106.552 -900.729 520.35 1.0
-981.884 -1038.002 520.35 1.0
-840.685 -1158.207 520.35 1.0
-685.274 -1259.368 520.35 1.0
-518.202 -1339.825 520.35 1.0
-342.214 -1398.258 520.35 1.0
-160.198 -1433.705 520.35 1.0
-11.666 -1443.241 520.35 1.0
-11.666 -1389.473 520.35 1.0
-11.666 -1345.309 520.35 1.0
-11.666 -1345.309 540.35 0.0
-11.662 -1347.811 540.35 0.0
-154.712 -1338.235 540.35 1.0
-155.317 -1338.174 540.35 1.0
-155.918 -1338.073 540.35 1.0
-331.685 -1302.347 540.35 1.0
-332.276 -1302.206 540.35 1.0
-332.858 -1302.026 540.35 1.0
-502.294 -1243.191 540.35 1.0
-502.862 -1242.972 540.35 1.0
-503.414 -1242.716 540.35 1.0
-663.497 -1161.822 540.35 1.0
-664.03 -1161.53 540.35 1.0
-664.544 -1161.202 540.35 1.0
-812.416 -1059.693 540.35 1.0
-812.906 -1059.333 540.35 1.0
-813.371 -1058.94 540.35 1.0
-946.394 -938.627 540.35 1.0
-946.831 -938.204 540.35 1.0
-947.24 -937.753 540.35 1.0
-1063.04 -800.784 540.35 1.0
-1063.417 -800.306 540.35 1.0
-1063.762 -799.804 540.35 1.0
-1160.273 -648.622 540.35 1.0
-1160.583 -648.099 540.35 1.0
-1160.857 -647.556 540.35 1.0
-1236.357 -484.859 540.35 1.0
-1236.594 -484.299 540.35 1.0
-1236.794 -483.724 540.35 1.0
-1289.934 -312.416 540.35 1.0
-1290.115 -311.744 540.35 1.0
-1290.216 -311.233 540.35 1.0
-1320.049 -134.37 540.35 1.0
-1320.134 -133.73 540.35 1.0
-1320.171 -133.16 540.35 1.0
-1324.27 -10.549 540.35 1.0
-1424.552 -10.549 540.35 1.0
-1425.657 -44.975 540.35 1.0
-1407.8 -230.081 540.35 1.0
-1366.419 -411.383 540.35 1.0
-1302.193 -585.905 540.35 1.0
-1216.177 -750.782 540.35 1.0
-1109.783 -903.305 540.35 1.0
-984.759 -1040.971 540.35 1.0
-843.157 -1161.519 540.35 1.0
-687.302 -1262.969 540.35 1.0
-519.753 -1343.656 540.35 1.0
-343.262 -1402.255 540.35 1.0
-160.727 -1437.804 540.35 1.0
-11.662 -1447.374 540.35 1.0
-11.662 -1394.335 540.35 1.0
-11.662 -1350.811 540.35 1.0
-11.662 -1350.811 560.35 0.0
-11.658 -1352.829 560.35 0.0
-155.381 -1343.208 560.35 1.0
-155.986 -1343.147 560.35 1.0
-156.586 -1343.046 560.35 1.0
-333.01 -1307.186 560.35 1.0
-333.602 -1307.045 560.35 1.0
-334.183 -1306.865 560.35 1.0
-504.253 -1247.81 560.35 1.0
-504.821 -1247.591 560.35 1.0
-505.373 -1247.335 560.35 1.0
-666.054 -1166.139 560.35 1.0
-666.587 -1165.847 560.35 1.0
-667.101 -1165.52 560.35 1.0
-815.526 -1063.631 560.35 1.0
-816.016 -1063.271 560.35 1.0
-816.481 -1062.878 560.35 1.0
-950.001 -942.115 560.35 1.0
-950.438 -941.693 560.35 1.0
-950.847 -941.241 560.35 1.0
-1067.08 -803.76 560.35 1.0
-1067.457 -803.283 560.35 1.0
-1067.801 -802.781 560.35 1.0
-1164.673 -651.034 560.35 1.0
-1164.983 -650.51 560.35 1.0
-1165.258 -649.967 560.35 1.0
-1241.039 -486.662 560.35 1.0
-1241.277 -486.102 560.35 1.0
-1241.476 -485.527 560.35 1.0
-1294.815 -313.579 560.35 1.0
-1294.996 -312.907 560.35 1.0
-1295.097 -312.396 560.35 1.0
-1325.042 -134.872 560.35 1.0
-1325.126 -134.232 560.35 1.0
-1325.163 -133.662 560.35 1.0
-1329.279 -10.564 560.35 1.0
-1428.679 -10.564 560.35 1.0
-1429.787 -45.108 560.35 1.0
-1411.879 -230.74 560.35 1.0
-1370.38 -412.559 560.35 1.0
-1305.972 -587.578 560.35 1.0
-1219.711 -752.924 560.35 1.0
-1113.014 -905.882 560.35 1.0
-987.634 -1043.939 560.35 1.0
-845.628 -1164.83 560.35 1.0
-689.329 -1266.569 560.35 1.0
-521.304 -1347.486 560.35 1.0
-344.31 -1406.252 560.35 1.0
-161.255 -1441.902 560.35 1.0
-11.658 -1451.507 560.35 1.0
-11.658 -1398.94 560.35 1.0
-11.658 -1355.829 560.35 1.0
-11.654 -1356.924 580.35 0.0
-155.927 -1347.266 580.35 1.0
-156.532 -1347.205 580.35 1.0
-157.132 -1347.104 580.35 1.0
-334.092 -1311.135 580.35 1.0
-334.683 -1310.994 580.35 1.0
-335.265 -1310.814 580.35 1.0
-505.852 -1251.58 580.35 1.0
-506.419 -1251.361 580.35 1.0
-506.971 -1251.105 580.35 1.0
-668.141 -1169.662 580.35 1.0
-668.674 -1169.37 580.35 1.0
-669.187 -1169.042 580.35 1.0
-818.064 -1066.845 580.35 1.0
-818.553 -1066.484 580.35 1.0
-819.018 -1066.091 580.35 1.0
-952.944 -944.962 580.35 1.0
-953.381 -944.539 580.35 1.0
-953.79 -944.088 580.35 1.0
-1070.376 -806.189 580.35 1.0
-1070.753 -805.711 580.35 1.0
-1071.098 -805.21 580.35 1.0
-1168.264 -653.001 580.35 1.0
-1168.574 -652.478 580.35 1.0
-1168.848 -651.935 580.35 1.0
-1244.86 -488.134 580.35 1.0
-1245.097 -487.574 580.35 1.0
-1245.297 -486.999 580.35 1.0
-1298.798 -314.528 580.35 1.0
-1298.979 -313.857 580.35 1.0
-1299.08 -313.345 580.35 1.0
-1329.115 -135.282 580.35 1.0
-1329.2 -134.642 580.35 1.0
-1329.237 -134.072 580.35 1.0
-1333.366 -10.578 580.35 1.0
-1432.806 -10.578 580.35 1.0
-1433.917 -45.24 580.35 1.0
-1415.959 -231.4 580.35 1.0
-1374.342 -413.735 580.35 1.0
-1309.75 -589.251 580.35 1.0
-1223.245 -755.066 580.35 1.0
-1116.245 -908.458 580.35 1.0
-990.509 -1046.908 580.35 1.0
-848.1 -1168.142 580.35 1.0
-691.357 -1270.17 580.35 1.0
-522.855 -1351.317 580.35 1.0
-345.359 -1410.25 580.35 1.0
-161.783 -1446.001 580.35 1.0
-11.654 -1455.64 580.35 1.0
-11.654 -1403.052 580.35 1.0
-11.654 -1359.924 580.35 1.0
-11.651 -1361.019 600.35 0.0
-156.473 -1351.324 600.35 1.0
-157.077 -1351.263 600.35 1.0
-157.678 -1351.162 600.35 1.0
-335.174 -1315.084 600.35 1.0
-335.765 -1314.943 600.35 1.0
-336.347 -1314.763 600.35 1.0
-507.45 -1255.349 600.35 1.0
-508.017 -1255.131 600.35 1.0
-508.57 -1254.874 600.35 1.0
-670.227 -1173.185 600.35 1.0
-670.761 -1172.893 600.35 1.0
-671.274 -1172.565 600.35 1.0
-820.601 -1070.058 600.35 1.0
-821.091 -1069.697 600.35 1.0
-821.556 -1069.304 600.35 1.0
-955.888 -947.808 600.35 1.0
-956.325 -947.386 600.35 1.0
-956.733 -946.934 600.35 1.0
-1073.673 -808.617 600.35 1.0
-1074.049 -808.14 600.35 1.0
-1074.394 -807.638 600.35 1.0
-1171.854 -654.969 600.35 1.0
-1172.164 -654.446 600.35 1.0
-1172.439 -653.903 600.35 1.0
-1248.681 -489.605 600.35 1.0
-1248.918 -489.045 600.35 1.0
-1249.118 -488.471 600.35 1.0
-1302.781 -315.477 600.35 1.0
-1302.962 -314.806 600.35 1.0
-1303.063 -314.294 600.35 1.0
-1333.189 -135.692 600.35 1.0
-1333.274 -135.052 600.35 1.0
-1333.311 -134.482 600.35 1.0
-1337.453 -10.593 600.35 1.0
-1436.932 -10.593 600.35 1.0
-1438.048 -45.373 600.35 1.0
-1420.038 -232.06 600.35 1.0
-1378.304 -414.911 600.35 1.0
-1313.529 -590.924 600.35 1.0
-1226.778 -757.209 600.35 1.0
-1119.476 -911.035 600.35 1.0
-993.384 -1049.876 600.35 1.0
-850.572 -1171.454 600.35 1.0
-693.385 -1273.771 600.35 1.0
-524.405 -1355.147 600.35 1.0
-346.407 -1414.247 600.35 1.0
-162.312 -1450.099 600.35 1.0
-11.651 -1459.772 600.35 1.0
-11.651 -1407.165 600.35 1.0
-11.651 -1364.019 600.35 1.0
-11.647 -1365.113 620.35 0.0
-157.018 -1355.382 620.35 1.0
-157.623 -1355.321 620.35 1.0
-158.224 -1355.22 620.35 1.0
-336.256 -1319.033 620.35 1.0
-336.847 -1318.892 620.35 1.0
-337.428 -1318.712 620.35 1.0
-509.049 -1259.119 620.35 1.0
-509.616 -1258.9 620.35 1.0
-510.168 -1258.644 620.35 1.0
-672.314 -1176.708 620.35 1.0
-672.847 -1176.416 620.35 1.0
-673.36 -1176.088 620.35 1.0
-823.139 -1073.271 620.35 1.0
-823.628 -1072.911 620.35 1.0
-824.093 -1072.518 620.35 1.0
-958.831 -950.655 620.35 1.0
-959.268 -950.232 620.35 1.0
-959.676 -949.78 620.35 1.0
-1076.969 -811.046 620.35 1.0
-1077.346 -810.569 620.35 1.0
-1077.69 -810.067 620.35 1.0
-1175.445 -656.937 620.35 1.0
-1175.755 -656.414 620.35 1.0
-1176.03 -655.87 620.35 1.0
-1252.502 -491.077 620.35 1.0
-1252.739 -490.517 620.35 1.0
-1252.939 -489.942 620.35 1.0
-1306.764 -316.426 620.35 1.0
-1306.945 -315.755 620.35 1.0
-1307.046 -315.243 620.35 1.0
-1337.263 -136.102 620.35 1.0
-1337.348 -135.462 620.35 1.0
-1337.385 -134.892 620.35 1.0
-1341.54 -10.607 620.35 1.0
-1441.059 -10.607 620.35 1.0
-1442.178 -45.505 620.35 1.0
-1424.118 -232.719 620.35 1.0
-1382.265 -416.086 620.35 1.0
-1317.308 -592.596 620.35 1.0
-1230.312 -759.351 620.35 1.0
-1122.707 -913.611 620.35 1.0
-996.258 -1052.845 620.35 1.0
-853.043 -1174.766 620.35 1.0
-695.413 -1277.372 620.35 1.0
-525.956 -1358.978 620.35 1.0
-347.455 -1418.244 620.35 1.0
-162.84 -1454.198 620.35 1.0
-11.647 -1463.905 620.35 1.0
-11.647 -1411.277 620.35 1.0
-11.647 -1368.113 620.35 1.0
-11.643 -1368.926 640.35 0.0
-157.527 -1359.161 640.35 1.0
-158.131 -1359.1 640.35 1.0
-158.732 -1358.999 640.35 1.0
-337.263 -1322.711 640.35 1.0
-337.854 -1322.57 640.35 1.0
-338.436 -1322.389 640.35 1.0
-510.537 -1262.629 640.35 1.0
-511.104 -1262.411 640.35 1.0
-511.657 -1262.154 640.35 1.0
-674.257 -1179.989 640.35 1.0
-674.79 -1179.696 640.35 1.0
-675.304 -1179.369 640.35 1.0
-825.502 -1076.264 640.35 1.0
-825.991 -1075.903 640.35 1.0
-826.456 -1075.51 640.35 1.0
-961.572 -953.305 640.35 1.0
-962.009 -952.883 640.35 1.0
-962.417 -952.431 640.35 1.0
-1080.039 -813.308 640.35 1.0
-1080.416 -812.831 640.35 1.0
-1080.76 -812.329 640.35 1.0
-1178.789 -658.769 640.35 1.0
-1179.099 -658.246 640.35 1.0
-1179.373 -657.703 640.35 1.0
-1256.06 -492.447 640.35 1.0
-1256.297 -491.887 640.35 1.0
-1256.497 -491.313 640.35 1.0
-1310.473 -317.31 640.35 1.0
-1310.654 -316.639 640.35 1.0
-1310.755 -316.127 640.35 1.0
-1341.057 -136.483 640.35 1.0
-1341.142 -135.843 640.35 1.0
-1341.179 -135.273 640.35 1.0
-1345.346 -10.622 640.35 1.0
-1445.186 -10.622 640.35 1.0
-1446.308 -45.638 640.35 1.0
-1428.197 -233.379 640.35 1.0
-1386.227 -417.262 640.35 1.0
-1321.087 -594.269 640.35 1.0
-1233.846 -761.493 640.35 1.0
-1125.938 -916.188 640.35 1.0
-999.133 -1055.814 640.35 1.0
-855.515 -1178.078 640.35 1.0
-697.441 -1280.972 640.35 1.0
-527.507 -1362.808 640.35 1.0
-348.503 -1422.242 640.35 1.0
-163.369 -1458.297 640.35 1.0
-11.643 -1468.038 640.35 1.0
-11.643 -1415.24 640.35 1.0
-11.643 -1371.926 640.35 1.0
-11.639 -1371.673 660.35 0.0
-157.893 -1361.883 660.35 1.0
-158.497 -1361.822 660.35 1.0
-159.098 -1361.72 660.35 1.0
-337.988 -1325.359 660.35 1.0
-338.58 -1325.218 660.35 1.0
-339.161 -1325.038 660.35 1.0
-511.609 -1265.158 660.35 1.0
-512.177 -1264.939 660.35 1.0
-512.729 -1264.683 660.35 1.0
-675.657 -1182.352 660.35 1.0
-676.19 -1182.059 660.35 1.0
-676.703 -1181.732 660.35 1.0
-827.204 -1078.419 660.35 1.0
-827.693 -1078.058 660.35 1.0
-828.158 -1077.665 660.35 1.0
-963.546 -955.215 660.35 1.0
-963.983 -954.792 660.35 1.0
-964.391 -954.34 660.35 1.0
-1082.25 -814.937 660.35 1.0
-1082.627 -814.46 660.35 1.0
-1082.971 -813.958 660.35 1.0
-1181.197 -660.089 660.35 1.0
-1181.507 -659.566 660.35 1.0
-1181.782 -659.023 660.35 1.0
-1258.623 -493.434 660.35 1.0
-1258.86 -492.874 660.35 1.0
-1259.06 -492.3 660.35 1.0
-1313.145 -317.947 660.35 1.0
-1313.325 -317.276 660.35 1.0
-1313.427 -316.764 660.35 1.0
-1343.79 -136.758 660.35 1.0
-1343.877 -136.088 660.35 1.0
-1343.911 -135.548 660.35 1.0
-1348.088 -10.636 660.35 1.0
-1447.337 -10.636 660.35 1.0
-1448.461 -45.707 660.35 1.0
-1430.324 -233.722 660.35 1.0
-1388.292 -417.875 660.35 1.0
-1323.057 -595.141 660.35 1.0
-1235.688 -762.61 660.35 1.0
-1127.622 -917.531 660.35 1.0
-1000.632 -1057.361 660.35 1.0
-856.803 -1179.804 660.35 1.0
-698.498 -1282.849 660.35 1.0
-528.315 -1364.805 660.35 1.0
-349.05 -1424.325 660.35 1.0
-163.644 -1460.433 660.35 1.0
-11.639 -1470.192 660.35 1.0
-11.639 -1417.709 660.35 1.0
-11.639 -1374.673 660.35 1.0
-11.635 -1374.42 680.35 0.0
-158.259 -1364.604 680.35 1.0
-158.863 -1364.544 680.35 1.0
-159.464 -1364.442 680.35 1.0
-338.714 -1328.008 680.35 1.0
-339.305 -1327.867 680.35 1.0
-339.887 -1327.687 680.35 1.0
-512.681 -1267.686 680.35 1.0
-513.249 -1267.468 680.35 1.0
-513.801 -1267.211 680.35 1.0
-677.056 -1184.715 680.35 1.0
-677.59 -1184.422 680.35 1.0
-678.103 -1184.095 680.35 1.0
-828.906 -1080.574 680.35 1.0
-829.395 -1080.214 680.35 1.0
-829.86 -1079.821 680.35 1.0
-965.619 -957.033 680.35 1.0
-966.004 -956.652 680.35 1.0
-966.365 -956.25 680.35 1.0
-1084.461 -816.566 680.35 1.0
-1084.877 -816.034 680.35 1.0
-1085.182 -815.587 680.35 1.0
-1183.606 -661.409 680.35 1.0
-1183.948 -660.826 680.35 1.0
-1184.19 -660.342 680.35 1.0
-1261.185 -494.421 680.35 1.0
-1261.447 -493.798 680.35 1.0
-1261.623 -493.287 680.35 1.0
-1315.816 -318.584 680.35 1.0
-1315.997 -317.912 680.35 1.0
-1316.098 -317.401 680.35 1.0
-1346.522 -137.033 680.35 1.0
-1346.61 -136.363 680.35 1.0
-1346.644 -135.823 680.35 1.0
-1350.829 -10.65 680.35 1.0
-1449.286 -10.65 680.35 1.0
-1450.412 -45.769 680.35 1.0
-1432.25 -234.034 680.35 1.0
-1390.163 -418.43 680.35 1.0
-1324.841 -595.931 680.35 1.0
-1237.357 -763.621 680.35 1.0
-1129.148 -918.748 680.35 1.0
-1001.99 -1058.763 680.35 1.0
-857.971 -1181.368 680.35 1.0
-699.456 -1284.55 680.35 1.0
-529.048 -1366.614 680.35 1.0
-349.545 -1426.213 680.35 1.0
-163.894 -1462.369 680.35 1.0
-11.635 -1472.144 680.35 1.0
-11.635 -1420.085 680.35 1.0
-11.635 -1377.42 680.35 1.0
-11.631 -1377.166 700.35 0.0
-158.625 -1367.326 700.35 1.0
-159.23 -1367.265 700.35 1.0
-159.83 -1367.164 700.35 1.0
-339.44 -1330.657 700.35 1.0
-340.031 -1330.516 700.35 1.0
-340.613 -1330.335 700.35 1.0
-513.753 -1270.214 700.35 1.0
-514.383 -1269.969 700.35 1.0
-514.873 -1269.74 700.35 1.0
-678.456 -1187.078 700.35 1.0
-679.047 -1186.751 700.35 1.0
-679.502 -1186.458 700.35 1.0
-830.608 -1082.73 700.35 1.0
-831.15 -1082.327 700.35 1.0
-831.562 -1081.976 700.35 1.0
-967.594 -958.942 700.35 1.0
-967.978 -958.562 700.35 1.0
-968.339 -958.159 700.35 1.0
-1086.672 -818.195 700.35 1.0
-1087.088 -817.663 700.35 1.0
-1087.393 -817.216 700.35 1.0
-1186.014 -662.729 700.35 1.0
-1186.356 -662.146 700.35 1.0
-1186.598 -661.662 700.35 1.0
-1263.748 -495.409 700.35 1.0
-1264.01 -494.785 700.35 1.0
-1264.185 -494.274 700.35 1.0
-1318.487 -319.22 700.35 1.0
-1318.668 -318.549 700.35 1.0
-1318.769 -318.037 700.35 1.0
-1349.255 -137.308 700.35 1.0
-1349.342 -136.638 700.35 1.0
-1349.376 -136.098 700.35 1.0
-1353.57 -10.665 700.35 1.0
-1451.235 -10.665 700.35 1.0
-1452.363 -45.832 700.35 1.0
-1434.177 -234.345 700.35 1.0
-1392.034 -418.986 700.35 1.0
-1326.626 -596.721 700.35 1.0
-1239.026 -764.633 700.35 1.0
-1130.674 -919.965 700.35 1.0
-1003.347 -1060.165 700.35 1.0
-859.138 -1182.932 700.35 1.0
-700.413 -1286.25 700.35 1.0
-529.78 -1368.423 700.35 1.0
-350.04 -1428.101 700.35 1.0
-164.143 -1464.304 700.35 1.0
-11.631 -1474.096 700.35 1.0
-11.631 -1422.46 700.35 1.0
-11.631 -1380.166 700.35 1.0
-11.631 -1380.166 720.35 0.0
-1356.311 -10.679 720.35 0.0
-1453.184 -10.679 720.35 1.0
-1454.313 -45.894 720.35 1.0
-1436.104 -234.657 720.35 1.0
-1393.905 -419.541 720.35 1.0
-1328.41 -597.511 720.35 1.0
-1240.695 -765.645 720.35 1.0
-1132.2 -921.181 720.35 1.0
-1004.705 -1061.567 720.35 1.0
-860.305 -1184.496 720.35 1.0
-701.371 -1287.951 720.35 1.0
-530.513 -1370.232 720.35 1.0
-350.535 -1429.989 720.35 1.0
-164.393 -1466.24 720.35 1.0
-11.627 -1476.048 720.35 1.0
-11.627 -1424.835 720.35 1.0
-11.627 -1379.913 720.35 1.0
-158.991 -1370.048 720.35 1.0
-159.596 -1369.987 720.35 1.0
-160.196 -1369.886 720.35 1.0
-340.297 -1333.278 720.35 1.0
-340.822 -1333.146 720.35 1.0
-341.338 -1332.984 720.35 1.0
-514.826 -1272.743 720.35 1.0
-515.455 -1272.498 720.35 1.0
-515.945 -1272.268 720.35 1.0
-679.855 -1189.441 720.35 1.0
-680.447 -1189.114 720.35 1.0
-680.902 -1188.821 720.35 1.0
-832.31 -1084.885 720.35 1.0
-832.852 -1084.482 720.35 1.0
-833.264 -1084.131 720.35 1.0
-969.568 -960.851 720.35 1.0
-969.952 -960.471 720.35 1.0
-970.314 -960.068 720.35 1.0
-1088.883 -819.824 720.35 1.0
-1089.299 -819.292 720.35 1.0
-1089.604 -818.845 720.35 1.0
-1188.422 -664.048 720.35 1.0
-1188.765 -663.466 720.35 1.0
-1189.007 -662.982 720.35 1.0
-1266.311 -496.396 720.35 1.0
-1266.573 -495.772 720.35 1.0
-1266.748 -495.261 720.35 1.0
-1321.159 -319.857 720.35 1.0
-1321.339 -319.186 720.35 1.0
-1321.441 -318.674 720.35 1.0
-1351.987 -137.583 720.35 1.0
-1352.075 -136.913 720.35 1.0
-1352.109 -136.373 720.35 1.0
-1356.211 -13.678 720.35 1.0
-1356.211 -13.678 740.35 0.0
-1357.806 -10.694 740.35 0.0
-1455.133 -10.694 740.35 1.0
-1456.264 -45.957 740.35 1.0
-1438.03 -234.968 740.35 1.0
-1395.776 -420.096 740.35 1.0
-1330.195 -598.301 740.35 1.0
-1242.364 -766.657 740.35 1.0
-1133.725 -922.398 740.35 1.0
-1006.063 -1062.969 740.35 1.0
-861.473 -1186.06 740.35 1.0
-702.329 -1289.651 740.35 1.0
-531.245 -1372.041 740.35 1.0
-351.03 -1431.877 740.35 1.0
-164.642 -1468.176 740.35 1.0
-11.623 -1478.0 740.35 1.0
-11.623 -1426.545 740.35 1.0
-11.623 -1381.411 740.35 1.0
-159.19 -1371.533 740.35 1.0
-159.795 -1371.472 740.35 1.0
-160.396 -1371.37 740.35 1.0
-340.561 -1334.75 740.35 1.0
-341.152 -1334.609 740.35 1.0
-341.734 -1334.429 740.35 1.0
-515.41 -1274.122 740.35 1.0
-516.04 -1273.877 740.35 1.0
-516.53 -1273.647 740.35 1.0
-680.619 -1190.729 740.35 1.0
-681.21 -1190.403 740.35 1.0
-681.665 -1190.11 740.35 1.0
-833.238 -1086.061 740.35 1.0
-833.781 -1085.658 740.35 1.0
-834.193 -1085.307 740.35 1.0
-970.644 -961.892 740.35 1.0
-971.029 -961.512 740.35 1.0
-971.39 -961.109 740.35 1.0
-1090.089 -820.713 740.35 1.0
-1090.505 -820.181 740.35 1.0
-1090.81 -819.734 740.35 1.0
-1189.736 -664.768 740.35 1.0
-1190.078 -664.186 740.35 1.0
-1190.32 -663.702 740.35 1.0
-1267.709 -496.934 740.35 1.0
-1267.971 -496.311 740.35 1.0
-1268.146 -495.799 740.35 1.0
-1322.616 -320.204 740.35 1.0
-1322.797 -319.533 740.35 1.0
-1322.898 -319.021 740.35 1.0
-1353.478 -137.733 740.35 1.0
-1353.565 -137.063 740.35 1.0
-1353.599 -136.523 740.35 1.0
-1357.706 -13.692 740.35 1.0
-1357.706 -13.692 760.35 0.0
-1359.239 -10.708 760.35 0.0
-1457.082 -10.708 760.35 1.0
-1458.215 -46.019 760.35 1.0
-1439.957 -235.28 760.35 1.0
-1397.647 -420.652 760.35 1.0
-1331.98 -599.091 760.35 1.0
-1244.033 -767.668 760.35 1.0
-1135.251 -923.615 760.35 1.0
-1007.421 -1064.371 760.35 1.0
-862.64 -1187.624 760.35 1.0
-703.287 -1291.352 760.35 1.0
-531.977 -1373.85 760.35 1.0
-351.525 -1433.764 760.35 1.0
-164.892 -1470.111 760.35 1.0
-11.619 -1479.952 760.35 1.0
-11.619 -1428.222 760.35 1.0
-11.619 -1382.847 760.35 1.0
-159.382 -1372.955 760.35 1.0
-159.987 -1372.895 760.35 1.0
-160.587 -1372.793 760.35 1.0
-340.94 -1336.135 760.35 1.0
-341.532 -1335.994 760.35 1.0
-342.113 -1335.814 760.35 1.0
-515.971 -1275.444 760.35 1.0
-516.538 -1275.225 760.35 1.0
-517.091 -1274.969 760.35 1.0
-681.351 -1191.965 760.35 1.0
-681.942 -1191.638 760.35 1.0
-682.397 -1191.345 760.35 1.0
-834.128 -1087.187 760.35 1.0
-834.671 -1086.785 760.35 1.0
-835.083 -1086.434 760.35 1.0
-971.676 -962.89 760.35 1.0
-972.061 -962.51 760.35 1.0
-972.422 -962.107 760.35 1.0
-1091.244 -821.564 760.35 1.0
-1091.661 -821.032 760.35 1.0
-1091.966 -820.585 760.35 1.0
-1190.995 -665.458 760.35 1.0
-1191.337 -664.876 760.35 1.0
-1191.579 -664.392 760.35 1.0
-1269.049 -497.45 760.35 1.0
-1269.31 -496.827 760.35 1.0
-1269.486 -496.315 760.35 1.0
-1324.013 -320.537 760.35 1.0
-1324.193 -319.866 760.35 1.0
-1324.295 -319.354 760.35 1.0
-1354.906 -137.877 760.35 1.0
-1354.994 -137.206 760.35 1.0
-1355.028 -136.667 760.35 1.0
-1359.139 -13.707 760.35 1.0
-1359.139 -13.707 780.35 0.0
-1360.672 -10.723 780.35 0.0
-1459.031 -10.723 780.35 1.0
-1460.165 -46.082 780.35 1.0
-1441.884 -235.591 780.35 1.0
-1399.518 -421.207 780.35 1.0
-1333.764 -599.881 780.35 1.0
-1245.702 -768.68 780.35 1.0
-1136.777 -924.832 780.35 1.0
-1008.778 -1065.773 780.35 1.0
-863.807 -1189.188 780.35 1.0
-704.244 -1293.052 780.35 1.0
-532.71 -1375.659 780.35 1.0
-352.02 -1435.652 780.35 1.0
-165.142 -1472.047 780.35 1.0
-11.616 -1481.904 780.35 1.0
-11.615 -1429.9 780.35 1.0
-11.615 -1384.283 780.35 1.0
-159.573 -1374.378 780.35 1.0
-160.178 -1374.318 780.35 1.0
-160.778 -1374.216 780.35 1.0
-341.319 -1337.52 780.35 1.0
-341.911 -1337.379 780.35 1.0
-342.492 -1337.198 780.35 1.0
-516.531 -1276.765 780.35 1.0
-517.099 -1276.547 780.35 1.0
-517.651 -1276.291 780.35 1.0
-682.082 -1193.2 780.35 1.0
-682.615 -1192.908 780.35 1.0
-683.129 -1192.58 780.35 1.0
-835.018 -1088.314 780.35 1.0
-835.507 -1087.953 780.35 1.0
-835.972 -1087.56 780.35 1.0
-972.708 -963.888 780.35 1.0
-973.093 -963.508 780.35 1.0
-973.454 -963.106 780.35 1.0
-1092.4 -822.416 780.35 1.0
-1092.817 -821.884 780.35 1.0
-1093.122 -821.437 780.35 1.0
-1192.254 -666.148 780.35 1.0
-1192.596 -665.566 780.35 1.0
-1192.838 -665.082 780.35 1.0
-1270.389 -497.966 780.35 1.0
-1270.65 -497.343 780.35 1.0
-1270.826 -496.831 780.35 1.0
-1325.409 -320.87 780.35 1.0
-1325.59 -320.198 780.35 1.0
-1325.691 -319.687 780.35 1.0
-1356.335 -138.02 780.35 1.0
-1356.422 -137.35 780.35 1.0
-1356.456 -136.81 780.35 1.0
-1360.572 -13.721 780.35 1.0
-1360.572 -13.721 800.35 0.0
-1362.105 -10.737 800.35 0.0
-1460.733 -10.737 800.35 1.0
-1461.868 -46.137 800.35 1.0
-1443.566 -235.863 800.35 1.0
-1401.151 -421.692 800.35 1.0
-1335.322 -600.571 800.35 1.0
-1247.159 -769.563 800.35 1.0
-1138.109 -925.894 800.35 1.0
-1009.964 -1066.997 800.35 1.0
-864.826 -1190.554 800.35 1.0
-705.08 -1294.537 800.35 1.0
-533.349 -1377.239 800.35 1.0
-352.452 -1437.301 800.35 1.0
-165.36 -1473.737 800.35 1.0
-11.612 -1483.608 800.35 1.0
-11.612 -1431.461 800.35 1.0
-11.612 -1385.719 800.35 1.0
-159.765 -1375.801 800.35 1.0
-160.369 -1375.74 800.35 1.0
-160.97 -1375.639 800.35 1.0
-341.699 -1338.904 800.35 1.0
-342.29 -1338.763 800.35 1.0
-342.872 -1338.583 800.35 1.0
-517.092 -1278.087 800.35 1.0
-517.659 -1277.869 800.35 1.0
-518.212 -1277.612 800.35 1.0
-682.814 -1194.435 800.35 1.0
-683.347 -1194.143 800.35 1.0
-683.86 -1193.815 800.35 1.0
-835.908 -1089.441 800.35 1.0
-836.397 -1089.08 800.35 1.0
-836.862 -1088.687 800.35 1.0
-973.641 -964.978 800.35 1.0
-974.078 -964.555 800.35 1.0
-974.486 -964.104 800.35 1.0
-1093.556 -823.267 800.35 1.0
-1093.973 -822.736 800.35 1.0
-1094.277 -822.288 800.35 1.0
-1193.513 -666.838 800.35 1.0
-1193.855 -666.256 800.35 1.0
-1194.097 -665.772 800.35 1.0
-1271.728 -498.482 800.35 1.0
-1271.99 -497.859 800.35 1.0
-1272.165 -497.347 800.35 1.0
-1326.806 -321.203 800.35 1.0
-1326.986 -320.531 800.35 1.0
-1327.088 -320.02 800.35 1.0
-1357.763 -138.164 800.35 1.0
-1357.851 -137.494 800.35 1.0
-1357.885 -136.954 800.35 1.0
-1362.004 -13.735 800.35 1.0
-1362.004 -13.735 820.35 0.0
-1362.747 -10.752 820.35 0.0
-1460.607 -10.752 820.35 1.0
-1461.742 -46.133 820.35 1.0
-1443.44 -235.843 820.35 1.0
-1401.03 -421.656 820.35 1.0
-1335.206 -600.52 820.35 1.0
-1247.051 -769.498 820.35 1.0
-1138.01 -925.815 820.35 1.0
-1009.876 -1066.906 820.35 1.0
-864.751 -1190.452 820.35 1.0
-705.018 -1294.427 820.35 1.0
-533.301 -1377.121 820.35 1.0
-352.42 -1437.178 820.35 1.0
-165.343 -1473.611 820.35 1.0
-11.608 -1483.481 820.35 1.0
-11.608 -1431.745 820.35 1.0
-11.608 -1386.364 820.35 1.0
-159.85 -1376.44 820.35 1.0
-160.455 -1376.379 820.35 1.0
-161.056 -1376.278 820.35 1.0
-341.869 -1339.526 820.35 1.0
-342.46 -1339.385 820.35 1.0
-343.042 -1339.205 820.35 1.0
-517.343 -1278.68 820.35 1.0
-517.911 -1278.462 820.35 1.0
-518.463 -1278.206 820.35 1.0
-683.142 -1194.989 820.35 1.0
-683.734 -1194.663 820.35 1.0
-684.189 -1194.37 820.35 1.0
-836.307 -1089.946 820.35 1.0
-836.849 -1089.544 820.35 1.0
-837.261 -1089.193 820.35 1.0
-974.203 -965.334 820.35 1.0
-974.588 -964.954 820.35 1.0
-974.949 -964.552 820.35 1.0
-1094.075 -823.65 820.35 1.0
-1094.492 -823.118 820.35 1.0
-1094.796 -822.671 820.35 1.0
-1194.078 -667.148 820.35 1.0
-1194.42 -666.565 820.35 1.0
-1194.663 -666.081 820.35 1.0
-1272.33 -498.714 820.35 1.0
-1272.591 -498.09 820.35 1.0
-1272.767 -497.579 820.35 1.0
-1327.433 -321.352 820.35 1.0
-1327.613 -320.681 820.35 1.0
-1327.714 -320.169 820.35 1.0
-1358.404 -138.229 820.35 1.0
-1358.492 -137.558 820.35 1.0
-1358.526 -137.019 820.35 1.0
-1362.647 -13.75 820.35 1.0
-1362.889 -10.766 840.35 0.0
-1460.338 -10.766 840.35 1.0
-1461.472 -46.124 840.35 1.0
-1443.174 -235.8 840.35 1.0
-1400.771 -421.579 840.35 1.0
-1334.96 -600.41 840.35 1.0
-1246.82 -769.358 840.35 1.0
-1137.799 -925.647 840.35 1.0
-1009.688 -1066.712 840.35 1.0
-864.589 -1190.236 840.35 1.0
-704.886 -1294.192 840.35 1.0
-533.2 -1376.871 840.35 1.0
-352.352 -1436.917 840.35 1.0
-165.309 -1473.344 840.35 1.0
-11.604 -1483.212 840.35 1.0
-11.604 -1431.695 840.35 1.0
-11.604 -1386.506 840.35 1.0
-159.869 -1376.581 840.35 1.0
-160.474 -1376.52 840.35 1.0
-161.075 -1376.419 840.35 1.0
-341.907 -1339.663 840.35 1.0
-342.498 -1339.522 840.35 1.0
-343.08 -1339.342 840.35 1.0
-517.399 -1278.812 840.35 1.0
-518.029 -1278.567 840.35 1.0
-518.519 -1278.337 840.35 1.0
-683.215 -1195.112 840.35 1.0
-683.806 -1194.785 840.35 1.0
-684.261 -1194.492 840.35 1.0
-836.395 -1090.058 840.35 1.0
-836.938 -1089.656 840.35 1.0
-837.35 -1089.305 840.35 1.0
-974.306 -965.434 840.35 1.0
-974.691 -965.053 840.35 1.0
-975.052 -964.651 840.35 1.0
-1094.19 -823.734 840.35 1.0
-1094.606 -823.202 840.35 1.0
-1094.911 -822.755 840.35 1.0
-1194.203 -667.217 840.35 1.0
-1194.545 -666.634 840.35 1.0
-1194.788 -666.15 840.35 1.0
-1272.463 -498.765 840.35 1.0
-1272.724 -498.142 840.35 1.0
-1272.9 -497.63 840.35 1.0
-1327.571 -321.385 840.35 1.0
-1327.752 -320.714 840.35 1.0
-1327.853 -320.202 840.35 1.0
-1358.546 -138.243 840.35 1.0
-1358.634 -137.573 840.35 1.0
-1358.668 -137.033 840.35 1.0
-1362.789 -13.764 840.35 1.0
-1362.789 -13.764 860.35 0.0
-1363.031 -10.781 860.35 0.0
-1460.069 -10.781 860.35 1.0
-1461.203 -46.115 860.35 1.0
-1442.908 -235.757 860.35 1.0
-1400.513 -421.502 860.35 1.0
-1334.713 -600.301 860.35 1.0
-1246.59 -769.218 860.35 1.0
-1137.589 -925.479 860.35 1.0
-1009.5 -1066.518 860.35 1.0
-864.428 -1190.02 860.35 1.0
-704.754 -1293.957 860.35 1.0
-533.099 -1376.621 860.35 1.0
-352.283 -1436.656 860.35 1.0
-165.274 -1473.076 860.35 1.0
-11.6 -1482.943 860.35 1.0
-11.6 -1431.646 860.35 1.0
-11.6 -1386.649 860.35 1.0
-159.888 -1376.723 860.35 1.0
-160.493 -1376.662 860.35 1.0
-161.094 -1376.56 860.35 1.0
-342.076 -1339.773 860.35 1.0
-342.601 -1339.642 860.35 1.0
-343.117 -1339.48 860.35 1.0
-517.455 -1278.943 860.35 1.0
-518.084 -1278.698 860.35 1.0
-518.574 -1278.468 860.35 1.0
-683.288 -1195.235 860.35 1.0
-683.879 -1194.908 860.35 1.0
-684.334 -1194.615 860.35 1.0
-836.484 -1090.17 860.35 1.0
-837.026 -1089.767 860.35 1.0
-837.438 -1089.417 860.35 1.0
-974.409 -965.533 860.35 1.0
-974.793 -965.153 860.35 1.0
-975.155 -964.75 860.35 1.0
-1094.304 -823.819 860.35 1.0
-1094.721 -823.287 860.35 1.0
-1095.026 -822.84 860.35 1.0
-1194.328 -667.285 860.35 1.0
-1194.67 -666.702 860.35 1.0
-1194.913 -666.219 860.35 1.0
-1272.596 -498.816 860.35 1.0
-1272.857 -498.193 860.35 1.0
-1273.033 -497.681 860.35 1.0
-1327.71 -321.418 860.35 1.0
-1327.891 -320.747 860.35 1.0
-1327.992 -320.235 860.35 1.0
-1358.688 -138.257 860.35 1.0
-1358.775 -137.587 860.35 1.0
-1358.81 -137.047 860.35 1.0
-1362.931 -13.779 860.35 1.0
-1362.931 -13.779 880.35 0.0
-1363.173 -10.795 880.35 0.0
-1459.801 -10.795 880.35 1.0
-1460.933 -46.107 880.35 1.0
-1442.642 -235.714 880.35 1.0
-1400.255 -421.426 880.35 1.0
-1334.467 -600.192 880.35 1.0
-1246.359 -769.078 880.35 1.0
-1137.378 -925.311 880.35 1.0
-1009.313 -1066.325 880.35 1.0
-864.267 -1189.804 880.35 1.0
-704.622 -1293.722 880.35 1.0
-532.998 -1376.372 880.35 1.0
-352.215 -1436.396 880.35 1.0
-165.24 -1472.809 880.35 1.0
-11.596 -1482.673 880.35 1.0
-11.596 -1431.596 880.35 1.0
-11.596 -1386.792 880.35 1.0
-159.907 -1376.864 880.35 1.0
-160.579 -1376.794 880.35 1.0
-161.113 -1376.702 880.35 1.0
-342.114 -1339.911 880.35 1.0
-342.639 -1339.779 880.35 1.0
-343.155 -1339.617 880.35 1.0
-517.511 -1279.074 880.35 1.0
-518.14 -1278.829 880.35 1.0
-518.63 -1278.6 880.35 1.0
-683.36 -1195.358 880.35 1.0
-683.952 -1195.031 880.35 1.0
-684.407 -1194.738 880.35 1.0
-836.572 -1090.282 880.35 1.0
-837.115 -1089.879 880.35 1.0
-837.527 -1089.529 880.35 1.0
-974.511 -965.632 880.35 1.0
-974.896 -965.252 880.35 1.0
-975.257 -964.849 880.35 1.0
-1094.419 -823.903 880.35 1.0
-1094.836 -823.372 880.35 1.0
-1095.141 -822.924 880.35 1.0
-1194.453 -667.354 880.35 1.0
-1194.796 -666.771 880.35 1.0
-1195.038 -666.287 880.35 1.0
-1272.729 -498.867 880.35 1.0
-1272.99 -498.244 880.35 1.0
-1273.166 -497.732 880.35 1.0
-1327.849 -321.451 880.35 1.0
-1328.029 -320.78 880.35 1.0
-1328.131 -320.268 880.35 1.0
-1358.83 -138.271 880.35 1.0
-1358.917 -137.601 880.35 1.0
-1358.952 -137.061 880.35 1.0
-1363.073 -13.793 880.35 1.0
-1363.073 -13.793 900.35 0.0
-1363.029 -10.809 900.35 0.0
-1459.532 -10.809 900.35 1.0
-1460.664 -46.098 900.35 1.0
-1442.376 -235.671 900.35 1.0
-1399.996 -421.349 900.35 1.0
-1334.221 -600.083 900.35 1.0
-1246.129 -768.939 900.35 1.0
-1137.167 -925.143 900.35 1.0
-1009.125 -1066.131 900.35 1.0
-864.106 -1189.588 900.35 1.0
-704.489 -1293.487 900.35 1.0
-532.897 -1376.122 900.35 1.0
-352.146 -1436.135 900.35 1.0
-165.206 -1472.542 900.35 1.0
-11.592 -1482.404 900.35 1.0
-11.592 -1431.394 900.35 1.0
-11.592 -1386.649 900.35 1.0
-159.888 -1376.721 900.35 1.0
-160.56 -1376.651 900.35 1.0
-161.094 -1376.559 900.35 1.0
-342.076 -1339.772 900.35 1.0
-342.601 -1339.641 900.35 1.0
-343.117 -1339.479 900.35 1.0
-517.454 -1278.942 900.35 1.0
-518.084 -1278.697 900.35 1.0
-518.574 -1278.467 900.35 1.0
-683.287 -1195.234 900.35 1.0
-683.878 -1194.907 900.35 1.0
-684.333 -1194.614 900.35 1.0
-836.483 -1090.169 900.35 1.0
-837.026 -1089.767 900.35 1.0
-837.438 -1089.416 900.35 1.0
-974.408 -965.532 900.35 1.0
-974.792 -965.152 900.35 1.0
-975.154 -964.749 900.35 1.0
-1094.304 -823.818 900.35 1.0
-1094.72 -823.286 900.35 1.0
-1095.025 -822.839 900.35 1.0
-1194.327 -667.285 900.35 1.0
-1194.67 -666.702 900.35 1.0
-1194.912 -666.218 900.35 1.0
-1272.595 -498.816 900.35 1.0
-1272.856 -498.192 900.35 1.0
-1273.032 -497.681 900.35 1.0
-1327.709 -321.418 900.35 1.0
-1327.89 -320.746 900.35 1.0
-1327.991 -320.235 900.35 1.0
-1358.687 -138.257 900.35 1.0
-1358.774 -137.587 900.35 1.0
-1358.809 -137.047 900.35 1.0
-1362.929 -13.808 900.35 1.0
-1362.929 -13.808 920.35 0.0
-11.588 -1385.538 920.35 0.0
-159.74 -1375.62 920.35 1.0
-160.345 -1375.559 920.35 1.0
-160.946 -1375.458 920.35 1.0
-341.651 -1338.728 920.35 1.0
-342.242 -1338.587 920.35 1.0
-342.824 -1338.407 920.35 1.0
-517.021 -1277.919 920.35 1.0
-517.65 -1277.674 920.35 1.0
-518.14 -1277.444 920.35 1.0
-682.721 -1194.278 920.35 1.0
-683.312 -1193.951 920.35 1.0
-683.767 -1193.658 920.35 1.0
-835.795 -1089.298 920.35 1.0
-836.337 -1088.895 920.35 1.0
-836.749 -1088.544 920.35 1.0
-973.609 -964.76 920.35 1.0
-973.994 -964.38 920.35 1.0
-974.355 -963.977 920.35 1.0
-1093.409 -823.159 920.35 1.0
-1093.826 -822.627 920.35 1.0
-1094.13 -822.18 920.35 1.0
-1193.353 -666.751 920.35 1.0
-1193.695 -666.168 920.35 1.0
-1193.938 -665.684 920.35 1.0
-1271.558 -498.416 920.35 1.0
-1271.819 -497.793 920.35 1.0
-1271.995 -497.281 920.35 1.0
-1326.628 -321.16 920.35 1.0
-1326.809 -320.489 920.35 1.0
-1326.91 -319.977 920.35 1.0
-1357.581 -138.146 920.35 1.0
-1357.669 -137.476 920.35 1.0
-1357.703 -136.936 920.35 1.0
-1361.919 -10.824 920.35 1.0
-1459.264 -10.824 920.35 1.0
-1460.395 -46.089 920.35 1.0
-1442.11 -235.628 920.35 1.0
-1399.738 -421.272 920.35 1.0
-1333.974 -599.974 920.35 1.0
-1245.898 -768.799 920.35 1.0
-1136.956 -924.975 920.35 1.0
-1008.938 -1065.938 920.35 1.0
-863.945 -1189.372 920.35 1.0
-704.357 -1293.252 920.35 1.0
-532.796 -1375.872 920.35 1.0
-352.078 -1435.874 920.35 1.0
-165.171 -1472.274 920.35 1.0
-11.588 -1482.135 920.35 1.0
-11.588 -1430.676 920.35 1.0
-11.588 -1388.538 920.35 1.0
-11.588 -1388.538 940.35 0.0
-11.584 -1384.427 940.35 0.0
-159.592 -1374.519 940.35 1.0
-160.197 -1374.458 940.35 1.0
-160.797 -1374.357 940.35 1.0
-341.357 -1337.657 940.35 1.0
-341.948 -1337.516 940.35 1.0
-342.53 -1337.335 940.35 1.0
-516.587 -1276.896 940.35 1.0
-517.154 -1276.678 940.35 1.0
-517.707 -1276.422 940.35 1.0
-682.155 -1193.322 940.35 1.0
-682.688 -1193.03 940.35 1.0
-683.201 -1192.702 940.35 1.0
-835.106 -1088.426 940.35 1.0
-835.648 -1088.023 940.35 1.0
-836.06 -1087.672 940.35 1.0
-972.811 -963.987 940.35 1.0
-973.195 -963.607 940.35 1.0
-973.557 -963.204 940.35 1.0
-1092.515 -822.5 940.35 1.0
-1092.931 -821.968 940.35 1.0
-1093.236 -821.521 940.35 1.0
-1192.379 -666.217 940.35 1.0
-1192.721 -665.634 940.35 1.0
-1192.963 -665.15 940.35 1.0
-1270.521 -498.017 940.35 1.0
-1270.783 -497.394 940.35 1.0
-1270.958 -496.882 940.35 1.0
-1325.548 -320.903 940.35 1.0
-1325.728 -320.231 940.35 1.0
-1325.83 -319.72 940.35 1.0
-1356.476 -138.035 940.35 1.0
-1356.564 -137.364 940.35 1.0
-1356.598 -136.825 940.35 1.0
-1360.81 -10.838 940.35 1.0
-1458.995 -10.838 940.35 1.0
-1460.125 -46.081 940.35 1.0
-1441.844 -235.585 940.35 1.0
-1399.48 -421.196 940.35 1.0
-1333.728 -599.865 940.35 1.0
-1245.668 -768.659 940.35 1.0
-1136.746 -924.807 940.35 1.0
-1008.75 -1065.744 940.35 1.0
-863.783 -1189.156 940.35 1.0
-704.225 -1293.017 940.35 1.0
-532.695 -1375.622 940.35 1.0
-352.01 -1435.613 940.35 1.0
-165.137 -1472.007 940.35 1.0
-11.584 -1481.866 940.35 1.0
-11.584 -1429.959 940.35 1.0
-11.584 -1387.427 940.35 1.0
-11.584 -1387.427 960.35 0.0
-1359.7 -10.853 960.35 0.0
-1458.726 -10.853 960.35 1.0
-1459.856 -46.072 960.35 1.0
-1441.578 -235.542 960.35 1.0
-1399.221 -421.119 960.35 1.0
-1333.481 -599.756 960.35 1.0
-1245.437 -768.519 960.35 1.0
-1136.535 -924.639 960.35 1.0
-1008.563 -1065.55 960.35 1.0
-863.622 -1188.94 960.35 1.0
-704.093 -1292.782 960.35 1.0
-532.594 -1375.372 960.35 1.0
-351.941 -1435.353 960.35 1.0
-165.102 -1471.74 960.35 1.0
-11.58 -1481.596 960.35 1.0
-11.58 -1429.241 960.35 1.0
-11.58 -1383.316 960.35 1.0
-159.444 -1373.418 960.35 1.0
-160.049 -1373.357 960.35 1.0
-160.649 -1373.256 960.35 1.0
-341.064 -1336.585 960.35 1.0
-341.655 -1336.444 960.35 1.0
-342.236 -1336.264 960.35 1.0
-516.153 -1275.874 960.35 1.0
-516.72 -1275.655 960.35 1.0
-517.273 -1275.399 960.35 1.0
-681.589 -1192.366 960.35 1.0
-682.122 -1192.074 960.35 1.0
-682.635 -1191.746 960.35 1.0
-834.417 -1087.554 960.35 1.0
-834.907 -1087.193 960.35 1.0
-835.372 -1086.8 960.35 1.0
-971.912 -963.306 960.35 1.0
-972.35 -962.884 960.35 1.0
-972.758 -962.432 960.35 1.0
-1091.62 -821.841 960.35 1.0
-1091.997 -821.364 960.35 1.0
-1092.342 -820.862 960.35 1.0
-1191.404 -665.683 960.35 1.0
-1191.747 -665.1 960.35 1.0
-1191.989 -664.616 960.35 1.0
-1269.484 -497.618 960.35 1.0
-1269.746 -496.995 960.35 1.0
-1269.922 -496.483 960.35 1.0
-1324.467 -320.645 960.35 1.0
-1324.647 -319.974 960.35 1.0
-1324.749 -319.462 960.35 1.0
-1355.37 -137.923 960.35 1.0
-1355.458 -137.253 960.35 1.0
-1355.492 -136.713 960.35 1.0
-1359.6 -13.851 960.35 1.0
-1358.59 -10.867 980.35 0.0
-1456.619 -10.867 980.35 1.0
-1457.745 -46.004 980.35 1.0
-1439.493 -235.205 980.35 1.0
-1397.197 -420.518 980.35 1.0
-1331.55 -598.901 980.35 1.0
-1243.631 -767.425 980.35 1.0
-1134.884 -923.322 980.35 1.0
-1007.094 -1064.034 980.35 1.0
-862.359 -1187.248 980.35 1.0
-703.056 -1290.943 980.35 1.0
-531.801 -1373.415 980.35 1.0
-351.406 -1433.31 980.35 1.0
-164.832 -1469.646 980.35 1.0
-11.577 -1479.485 980.35 1.0
-11.577 -1427.663 980.35 1.0
-11.576 -1382.206 980.35 1.0
-159.296 -1372.317 980.35 1.0
-159.901 -1372.256 980.35 1.0
-160.501 -1372.155 980.35 1.0
-340.77 -1335.514 980.35 1.0
-341.361 -1335.373 980.35 1.0
-341.943 -1335.192 980.35 1.0
-515.719 -1274.851 980.35 1.0
-516.287 -1274.632 980.35 1.0
-516.839 -1274.376 980.35 1.0
-681.022 -1191.41 980.35 1.0
-681.614 -1191.083 980.35 1.0
-682.069 -1190.79 980.35 1.0
-833.729 -1086.682 980.35 1.0
-834.271 -1086.279 980.35 1.0
-834.683 -1085.928 980.35 1.0
-971.213 -962.443 980.35 1.0
-971.598 -962.062 980.35 1.0
-971.959 -961.66 980.35 1.0
-1090.726 -821.182 980.35 1.0
-1091.143 -820.65 980.35 1.0
-1091.447 -820.203 980.35 1.0
-1190.43 -665.149 980.35 1.0
-1190.772 -664.566 980.35 1.0
-1191.015 -664.082 980.35 1.0
-1268.448 -497.218 980.35 1.0
-1268.709 -496.595 980.35 1.0
-1268.885 -496.084 980.35 1.0
-1323.386 -320.388 980.35 1.0
-1323.567 -319.716 980.35 1.0
-1323.668 -319.205 980.35 1.0
-1354.265 -137.812 980.35 1.0
-1354.353 -137.142 980.35 1.0
-1354.387 -136.602 980.35 1.0
-1358.49 -13.866 980.35 1.0
-1358.49 -13.866 1000.35 0.0
-11.573 -1380.162 1000.35 0.0
-159.024 -1370.291 1000.35 1.0
-159.628 -1370.23 1000.35 1.0
-160.229 -1370.129 1000.35 1.0
-340.23 -1333.542 1000.35 1.0
-340.821 -1333.402 1000.35 1.0
-341.403 -1333.221 1000.35 1.0
-514.921 -1272.969 1000.35 1.0
-515.489 -1272.751 1000.35 1.0
-516.041 -1272.494 1000.35 1.0
-679.981 -1189.652 1000.35 1.0
-680.572 -1189.325 1000.35 1.0
-681.027 -1189.032 1000.35 1.0
-832.462 -1085.078 1000.35 1.0
-833.005 -1084.675 1000.35 1.0
-833.417 -1084.324 1000.35 1.0
-969.744 -961.022 1000.35 1.0
-970.129 -960.642 1000.35 1.0
-970.49 -960.239 1000.35 1.0
-1089.08 -819.97 1000.35 1.0
-1089.497 -819.438 1000.35 1.0
-1089.802 -818.991 1000.35 1.0
-1188.638 -664.167 1000.35 1.0
-1188.98 -663.584 1000.35 1.0
-1189.222 -663.1 1000.35 1.0
-1266.54 -496.484 1000.35 1.0
-1266.802 -495.861 1000.35 1.0
-1266.978 -495.349 1000.35 1.0
-1321.398 -319.914 1000.35 1.0
-1321.578 -319.242 1000.35 1.0
-1321.68 -318.731 1000.35 1.0
-1352.232 -137.608 1000.35 1.0
-1352.319 -136.937 1000.35 1.0
-1352.353 -136.398 1000.35 1.0
-1356.55 -10.882 1000.35 1.0
-1454.396 -10.882 1000.35 1.0
-1455.519 -45.933 1000.35 1.0
-1437.295 -234.85 1000.35 1.0
-1395.062 -419.884 1000.35 1.0
-1329.514 -598.0 1000.35 1.0
-1241.727 -766.27 1000.35 1.0
-1133.143 -921.934 1000.35 1.0
-1005.545 -1062.434 1000.35 1.0
-861.027 -1185.463 1000.35 1.0
-701.964 -1289.002 1000.35 1.0
-530.966 -1371.351 1000.35 1.0
-350.841 -1431.156 1000.35 1.0
-164.547 -1467.437 1000.35 1.0
-11.573 -1477.258 1000.35 1.0
-11.573 -1425.534 1000.35 1.0
-11.573 -1383.162 1000.35 1.0
