-1463.86 0.011 0.35 0.0
-1465.343 -46.248 0.35 1.0
-1446.997 -236.418 0.35 1.0
-1404.484 -422.681 0.35 1.0
-1338.501 -601.978 0.35 1.0
-1250.132 -771.365 0.35 1.0
-1140.827 -928.062 0.35 1.0
-1012.382 -1069.494 0.35 1.0
-866.906 -1193.34 0.35 1.0
-706.787 -1297.566 0.35 1.0
-534.654 -1380.461 0.35 1.0
-353.334 -1440.663 0.35 1.0
-165.804 -1477.185 0.35 1.0
-0.671 -1487.787 0.35 1.0
-0.671 -1424.428 0.35 1.0
-0.671 -1368.852 0.35 1.0
-158.043 -1358.314 0.35 1.0
-337.626 -1321.813 0.35 1.0
-510.812 -1261.676 0.35 1.0
-674.402 -1179.008 0.35 1.0
-825.515 -1075.272 0.35 1.0
-961.426 -952.348 0.35 1.0
-1079.789 -812.348 0.35 1.0
-1178.414 -657.851 0.35 1.0
-1255.552 -491.623 0.35 1.0
-1309.869 -316.524 0.35 1.0
-1340.35 -135.822 0.35 1.0
-1344.893 0.011 0.35 1.0
-1460.86 0.011 0.35 1.0
-1460.86 0.011 20.35 0.0
-1354.281 -10.896 20.35 0.0
-1452.172 -10.896 20.35 1.0
-1453.294 -45.862 20.35 1.0
-1435.097 -234.494 20.35 1.0
-1392.927 -419.251 20.35 1.0
-1327.477 -597.098 20.35 1.0
-1239.823 -765.116 20.35 1.0
-1131.402 -920.545 20.35 1.0
-1003.995 -1060.834 20.35 1.0
-859.695 -1183.679 20.35 1.0
-700.871 -1287.062 20.35 1.0
-530.13 -1369.287 20.35 1.0
-350.276 -1429.002 20.35 1.0
-164.262 -1465.228 20.35 1.0
-11.569 -1475.031 20.35 1.0
-11.569 -1423.283 20.35 1.0
-11.569 -1377.891 20.35 1.0
-158.721 -1368.04 20.35 1.0
-159.325 -1367.979 20.35 1.0
-159.926 -1367.878 20.35 1.0
-339.63 -1331.351 20.35 1.0
-340.221 -1331.21 20.35 1.0
-340.803 -1331.03 20.35 1.0
-514.035 -1270.877 20.35 1.0
-514.602 -1270.659 20.35 1.0
-515.154 -1270.403 20.35 1.0
-678.823 -1187.697 20.35 1.0
-679.414 -1187.37 20.35 1.0
-679.869 -1187.077 20.35 1.0
-831.054 -1083.295 20.35 1.0
-831.597 -1082.892 20.35 1.0
-832.009 -1082.541 20.35 1.0
-968.111 -959.442 20.35 1.0
-968.495 -959.062 20.35 1.0
-968.857 -958.659 20.35 1.0
-1087.251 -818.622 20.35 1.0
-1087.668 -818.09 20.35 1.0
-1087.973 -817.643 20.35 1.0
-1186.645 -663.075 20.35 1.0
-1186.988 -662.492 20.35 1.0
-1187.23 -662.008 20.35 1.0
-1264.42 -495.667 20.35 1.0
-1264.682 -495.044 20.35 1.0
-1264.857 -494.532 20.35 1.0
-1319.188 -319.387 20.35 1.0
-1319.368 -318.716 20.35 1.0
-1319.47 -318.204 20.35 1.0
-1349.971 -137.38 20.35 1.0
-1350.059 -136.71 20.35 1.0
-1350.093 -136.17 20.35 1.0
-1354.181 -13.894 20.35 1.0
-1354.181 -13.894 40.35 0.0
-1352.012 -10.911 40.35 0.0
-1449.949 -10.911 40.35 1.0
-1451.068 -45.79 40.35 1.0
-1432.898 -234.139 40.35 1.0
-1390.792 -418.617 40.35 1.0
-1325.441 -596.197 40.35 1.0
-1237.918 -763.962 40.35 1.0
-1129.661 -919.157 40.35 1.0
-1002.446 -1059.234 40.35 1.0
-858.363 -1181.894 40.35 1.0
-699.778 -1285.121 40.35 1.0
-529.294 -1367.222 40.35 1.0
-349.711 -1426.848 40.35 1.0
-163.978 -1463.02 40.35 1.0
-11.565 -1472.805 40.35 1.0
-11.565 -1421.032 40.35 1.0
-11.565 -1375.619 40.35 1.0
-158.418 -1365.788 40.35 1.0
-159.023 -1365.727 40.35 1.0
-159.623 -1365.626 40.35 1.0
-339.03 -1329.16 40.35 1.0
-339.621 -1329.019 40.35 1.0
-340.203 -1328.839 40.35 1.0
-513.148 -1268.786 40.35 1.0
-513.715 -1268.567 40.35 1.0
-514.267 -1268.311 40.35 1.0
-677.665 -1185.742 40.35 1.0
-678.256 -1185.415 40.35 1.0
-678.712 -1185.122 40.35 1.0
-829.646 -1081.512 40.35 1.0
-830.189 -1081.109 40.35 1.0
-830.601 -1080.758 40.35 1.0
-966.478 -957.863 40.35 1.0
-966.862 -957.483 40.35 1.0
-967.224 -957.08 40.35 1.0
-1085.422 -817.274 40.35 1.0
-1085.839 -816.742 40.35 1.0
-1086.144 -816.295 40.35 1.0
-1184.653 -661.983 40.35 1.0
-1184.995 -661.4 40.35 1.0
-1185.238 -660.916 40.35 1.0
-1262.3 -494.851 40.35 1.0
-1262.562 -494.228 40.35 1.0
-1262.737 -493.716 40.35 1.0
-1316.978 -318.861 40.35 1.0
-1317.158 -318.189 40.35 1.0
-1317.26 -317.678 40.35 1.0
-1347.711 -137.153 40.35 1.0
-1347.798 -136.483 40.35 1.0
-1347.832 -135.943 40.35 1.0
-1351.912 -13.909 40.35 1.0
-1351.912 -13.909 60.35 0.0
-1349.744 -10.925 60.35 0.0
-1447.726 -10.925 60.35 1.0
-1448.842 -45.719 60.35 1.0
-1430.7 -233.783 60.35 1.0
-1388.657 -417.984 60.35 1.0
-1323.405 -595.295 60.35 1.0
-1236.014 -762.807 60.35 1.0
-1127.92 -917.768 60.35 1.0
-1000.897 -1057.635 60.35 1.0
-857.031 -1180.109 60.35 1.0
-698.685 -1283.181 60.35 1.0
-528.458 -1365.158 60.35 1.0
-349.146 -1424.694 60.35 1.0
-163.693 -1460.811 60.35 1.0
-11.561 -1470.578 60.35 1.0
-11.561 -1418.782 60.35 1.0
-11.561 -1373.347 60.35 1.0
-158.115 -1363.536 60.35 1.0
-158.72 -1363.476 60.35 1.0
-159.32 -1363.374 60.35 1.0
-338.429 -1326.969 60.35 1.0
-339.021 -1326.828 60.35 1.0
-339.602 -1326.648 60.35 1.0
-512.261 -1266.694 60.35 1.0
-512.828 -1266.476 60.35 1.0
-513.38 -1266.219 60.35 1.0
-676.507 -1183.787 60.35 1.0
-677.099 -1183.461 60.35 1.0
-677.554 -1183.168 60.35 1.0
-828.238 -1079.729 60.35 1.0
-828.78 -1079.326 60.35 1.0
-829.192 -1078.975 60.35 1.0
-964.845 -956.284 60.35 1.0
-965.229 -955.903 60.35 1.0
-965.591 -955.501 60.35 1.0
-1083.593 -815.927 60.35 1.0
-1084.01 -815.395 60.35 1.0
-1084.315 -814.948 60.35 1.0
-1182.661 -660.891 60.35 1.0
-1183.003 -660.308 60.35 1.0
-1183.245 -659.825 60.35 1.0
-1260.18 -494.034 60.35 1.0
-1260.442 -493.411 60.35 1.0
-1260.617 -492.899 60.35 1.0
-1314.768 -318.334 60.35 1.0
-1314.948 -317.662 60.35 1.0
-1315.05 -317.151 60.35 1.0
-1345.45 -136.925 60.35 1.0
-1345.538 -136.255 60.35 1.0
-1345.572 -135.715 60.35 1.0
-1349.644 -13.923 60.35 1.0
-1349.644 -13.923 80.35 0.0
-1347.267 -10.94 80.35 0.0
-1445.503 -10.94 80.35 1.0
-1446.616 -45.647 80.35 1.0
-1428.501 -233.428 80.35 1.0
-1386.522 -417.35 80.35 1.0
-1321.368 -594.394 80.35 1.0
-1234.11 -761.653 80.35 1.0
-1126.179 -916.38 80.35 1.0
-999.348 -1056.035 80.35 1.0
-855.699 -1178.325 80.35 1.0
-697.592 -1281.241 80.35 1.0
-527.623 -1363.094 80.35 1.0
-348.581 -1422.54 80.35 1.0
-163.408 -1458.602 80.35 1.0
-11.557 -1468.351 80.35 1.0
-11.557 -1416.42 80.35 1.0
-11.557 -1370.867 80.35 1.0
-157.784 -1361.078 80.35 1.0
-158.389 -1361.018 80.35 1.0
-158.99 -1360.916 80.35 1.0
-337.774 -1324.577 80.35 1.0
-338.365 -1324.436 80.35 1.0
-338.947 -1324.255 80.35 1.0
-511.292 -1264.411 80.35 1.0
-511.86 -1264.192 80.35 1.0
-512.412 -1263.936 80.35 1.0
-675.243 -1181.653 80.35 1.0
-675.777 -1181.361 80.35 1.0
-676.29 -1181.034 80.35 1.0
-826.701 -1077.782 80.35 1.0
-827.243 -1077.379 80.35 1.0
-827.655 -1077.028 80.35 1.0
-963.062 -954.559 80.35 1.0
-963.446 -954.179 80.35 1.0
-963.808 -953.776 80.35 1.0
-1081.597 -814.456 80.35 1.0
-1082.013 -813.924 80.35 1.0
-1082.318 -813.476 80.35 1.0
-1180.486 -659.699 80.35 1.0
-1180.828 -659.116 80.35 1.0
-1181.07 -658.633 80.35 1.0
-1257.866 -493.143 80.35 1.0
-1258.127 -492.52 80.35 1.0
-1258.303 -492.008 80.35 1.0
-1312.355 -317.759 80.35 1.0
-1312.536 -317.088 80.35 1.0
-1312.637 -316.576 80.35 1.0
-1342.982 -136.677 80.35 1.0
-1343.07 -136.007 80.35 1.0
-1343.104 -135.467 80.35 1.0
-1347.167 -13.938 80.35 1.0
-1347.167 -13.938 100.35 0.0
-1343.923 -10.954 100.35 0.0
-1443.28 -10.954 100.35 1.0
-1444.39 -45.576 100.35 1.0
-1426.303 -233.072 100.35 1.0
-1384.387 -416.716 100.35 1.0
-1319.332 -593.493 100.35 1.0
-1232.205 -760.498 100.35 1.0
-1124.437 -914.991 100.35 1.0
-997.798 -1054.435 100.35 1.0
-854.367 -1176.54 100.35 1.0
-696.499 -1279.3 100.35 1.0
-526.787 -1361.03 100.35 1.0
-348.016 -1420.386 100.35 1.0
-163.123 -1456.394 100.35 1.0
-11.553 -1466.125 100.35 1.0
-11.553 -1413.596 100.35 1.0
-11.553 -1367.519 100.35 1.0
-157.338 -1357.759 100.35 1.0
-157.943 -1357.698 100.35 1.0
-158.543 -1357.597 100.35 1.0
-336.889 -1321.347 100.35 1.0
-337.481 -1321.206 100.35 1.0
-338.062 -1321.025 100.35 1.0
-509.985 -1261.327 100.35 1.0
-510.552 -1261.109 100.35 1.0
-511.105 -1260.853 100.35 1.0
-673.537 -1178.772 100.35 1.0
-674.07 -1178.48 100.35 1.0
-674.583 -1178.152 100.35 1.0
-824.625 -1075.154 100.35 1.0
-825.115 -1074.793 100.35 1.0
-825.58 -1074.4 100.35 1.0
-960.555 -952.322 100.35 1.0
-960.992 -951.9 100.35 1.0
-961.401 -951.448 100.35 1.0
-1078.9 -812.469 100.35 1.0
-1079.277 -811.992 100.35 1.0
-1079.622 -811.49 100.35 1.0
-1177.549 -658.09 100.35 1.0
-1177.859 -657.566 100.35 1.0
-1178.133 -657.023 100.35 1.0
-1254.74 -491.939 100.35 1.0
-1254.978 -491.379 100.35 1.0
-1255.177 -490.804 100.35 1.0
-1309.097 -316.983 100.35 1.0
-1309.278 -316.311 100.35 1.0
-1309.379 -315.8 100.35 1.0
-1339.65 -136.342 100.35 1.0
-1339.735 -135.702 100.35 1.0
-1339.772 -135.132 100.35 1.0
-1343.823 -13.952 100.35 1.0
-1343.823 -13.952 120.35 0.0
-1340.58 -10.968 120.35 0.0
-1441.015 -10.968 120.35 1.0
-1442.123 -45.503 120.35 1.0
-1424.063 -232.71 120.35 1.0
-1382.212 -416.071 120.35 1.0
-1317.258 -592.574 120.35 1.0
-1230.265 -759.322 120.35 1.0
-1122.664 -913.577 120.35 1.0
-996.22 -1052.806 120.35 1.0
-853.01 -1174.722 120.35 1.0
-695.386 -1277.324 120.35 1.0
-525.936 -1358.927 120.35 1.0
-347.441 -1418.191 120.35 1.0
-162.833 -1454.143 120.35 1.0
-11.549 -1463.856 120.35 1.0
-11.549 -1410.752 120.35 1.0
-11.549 -1364.17 120.35 1.0
-156.892 -1354.44 120.35 1.0
-157.497 -1354.379 120.35 1.0
-158.097 -1354.278 120.35 1.0
-336.005 -1318.117 120.35 1.0
-336.596 -1317.976 120.35 1.0
-337.177 -1317.795 120.35 1.0
-508.678 -1258.244 120.35 1.0
-509.245 -1258.026 120.35 1.0
-509.797 -1257.769 120.35 1.0
-671.83 -1175.891 120.35 1.0
-672.363 -1175.598 120.35 1.0
-672.876 -1175.271 120.35 1.0
-822.55 -1072.526 120.35 1.0
-823.039 -1072.165 120.35 1.0
-823.504 -1071.772 120.35 1.0
-958.148 -949.994 120.35 1.0
-958.585 -949.572 120.35 1.0
-958.993 -949.12 120.35 1.0
-1076.204 -810.482 120.35 1.0
-1076.581 -810.005 120.35 1.0
-1076.926 -809.503 120.35 1.0
-1174.612 -656.48 120.35 1.0
-1174.922 -655.957 120.35 1.0
-1175.196 -655.414 120.35 1.0
-1251.615 -490.736 120.35 1.0
-1251.853 -490.176 120.35 1.0
-1252.052 -489.601 120.35 1.0
-1305.84 -316.206 120.35 1.0
-1306.02 -315.535 120.35 1.0
-1306.122 -315.023 120.35 1.0
-1336.318 -136.007 120.35 1.0
-1336.403 -135.367 120.35 1.0
-1336.44 -134.797 120.35 1.0
-1340.479 -13.967 120.35 1.0
-1340.479 -13.967 140.35 0.0
-1337.236 -10.983 140.35 0.0
-1437.115 -10.983 140.35 1.0
-1438.218 -45.378 140.35 1.0
-1420.207 -232.087 140.35 1.0
-1378.467 -414.959 140.35 1.0
-1313.685 -590.993 140.35 1.0
-1226.924 -757.297 140.35 1.0
-1119.609 -911.141 140.35 1.0
-993.502 -1049.999 140.35 1.0
-850.674 -1171.591 140.35 1.0
-693.469 -1273.92 140.35 1.0
-524.47 -1355.306 140.35 1.0
-346.45 -1414.412 140.35 1.0
-162.334 -1450.269 140.35 1.0
-11.545 -1459.95 140.35 1.0
-11.545 -1407.142 140.35 1.0
-11.545 -1360.821 140.35 1.0
-156.445 -1351.121 140.35 1.0
-157.05 -1351.06 140.35 1.0
-157.651 -1350.959 140.35 1.0
-335.12 -1314.887 140.35 1.0
-335.711 -1314.746 140.35 1.0
-336.293 -1314.565 140.35 1.0
-507.37 -1255.161 140.35 1.0
-507.938 -1254.943 140.35 1.0
-508.49 -1254.686 140.35 1.0
-670.123 -1173.009 140.35 1.0
-670.656 -1172.717 140.35 1.0
-671.17 -1172.389 140.35 1.0
-820.474 -1069.897 140.35 1.0
-820.964 -1069.537 140.35 1.0
-821.429 -1069.144 140.35 1.0
-955.74 -947.666 140.35 1.0
-956.178 -947.243 140.35 1.0
-956.586 -946.792 140.35 1.0
-1073.508 -808.496 140.35 1.0
-1073.885 -808.019 140.35 1.0
-1074.229 -807.517 140.35 1.0
-1171.675 -654.871 140.35 1.0
-1171.985 -654.347 140.35 1.0
-1172.259 -653.804 140.35 1.0
-1248.49 -489.532 140.35 1.0
-1248.727 -488.972 140.35 1.0
-1248.927 -488.397 140.35 1.0
-1302.582 -315.43 140.35 1.0
-1302.762 -314.758 140.35 1.0
-1302.864 -314.247 140.35 1.0
-1332.986 -135.671 140.35 1.0
-1333.07 -135.031 140.35 1.0
-1333.107 -134.461 140.35 1.0
-1337.135 -13.981 140.35 1.0
-1337.135 -13.981 160.35 0.0
-11.541 -1357.472 160.35 0.0
-155.999 -1347.802 160.35 1.0
-156.604 -1347.741 160.35 1.0
-157.204 -1347.64 160.35 1.0
-334.235 -1311.657 160.35 1.0
-334.826 -1311.516 160.35 1.0
-335.408 -1311.335 160.35 1.0
-506.063 -1252.078 160.35 1.0
-506.63 -1251.859 160.35 1.0
-507.183 -1251.603 160.35 1.0
-668.417 -1170.128 160.35 1.0
-668.95 -1169.835 160.35 1.0
-669.463 -1169.508 160.35 1.0
-818.399 -1067.269 160.35 1.0
-818.888 -1066.908 160.35 1.0
-819.353 -1066.515 160.35 1.0
-953.333 -945.338 160.35 1.0
-953.77 -944.915 160.35 1.0
-954.179 -944.464 160.35 1.0
-1070.812 -806.509 160.35 1.0
-1071.189 -806.032 160.35 1.0
-1071.533 -805.53 160.35 1.0
-1168.738 -653.261 160.35 1.0
-1169.048 -652.738 160.35 1.0
-1169.323 -652.195 160.35 1.0
-1245.365 -488.328 160.35 1.0
-1245.602 -487.768 160.35 1.0
-1245.802 -487.193 160.35 1.0
-1299.324 -314.653 160.35 1.0
-1299.505 -313.982 160.35 1.0
-1299.606 -313.47 160.35 1.0
-1329.653 -135.336 160.35 1.0
-1329.738 -134.696 160.35 1.0
-1329.775 -134.126 160.35 1.0
-1333.892 -10.997 160.35 1.0
-1433.215 -10.997 160.35 1.0
-1434.314 -45.253 160.35 1.0
-1416.35 -231.463 160.35 1.0
-1374.722 -413.848 160.35 1.0
-1310.113 -589.412 160.35 1.0
-1223.584 -755.272 160.35 1.0
-1116.555 -908.705 160.35 1.0
-990.785 -1047.193 160.35 1.0
-848.337 -1168.46 160.35 1.0
-691.552 -1270.516 160.35 1.0
-523.004 -1351.685 160.35 1.0
-345.459 -1410.633 160.35 1.0
-161.834 -1446.394 160.35 1.0
-11.541 -1456.043 160.35 1.0
-11.541 -1403.533 160.35 1.0
-11.541 -1360.472 160.35 1.0
-11.541 -1360.472 180.35 0.0
-11.538 -1353.827 180.35 0.0
-155.513 -1344.189 180.35 1.0
-156.118 -1344.128 180.35 1.0
-156.718 -1344.027 180.35 1.0
-333.272 -1308.141 180.35 1.0
-333.863 -1308.0 180.35 1.0
-334.445 -1307.82 180.35 1.0
-504.64 -1248.722 180.35 1.0
-505.207 -1248.503 180.35 1.0
-505.759 -1248.247 180.35 1.0
-666.559 -1166.991 180.35 1.0
-667.092 -1166.699 180.35 1.0
-667.605 -1166.371 180.35 1.0
-816.14 -1064.408 180.35 1.0
-816.629 -1064.047 180.35 1.0
-817.094 -1063.654 180.35 1.0
-950.713 -942.804 180.35 1.0
-951.15 -942.381 180.35 1.0
-951.558 -941.929 180.35 1.0
-1067.877 -804.347 180.35 1.0
-1068.254 -803.87 180.35 1.0
-1068.598 -803.368 180.35 1.0
-1165.541 -651.509 180.35 1.0
-1165.851 -650.986 180.35 1.0
-1166.126 -650.443 180.35 1.0
-1241.963 -487.018 180.35 1.0
-1242.224 -486.395 180.35 1.0
-1242.4 -485.883 180.35 1.0
-1295.778 -313.808 180.35 1.0
-1295.958 -313.137 180.35 1.0
-1296.06 -312.625 180.35 1.0
-1326.026 -134.971 180.35 1.0
-1326.114 -134.301 180.35 1.0
-1326.148 -133.761 180.35 1.0
-1330.252 -11.012 180.35 1.0
-1429.315 -11.012 180.35 1.0
-1430.409 -45.128 180.35 1.0
-1412.494 -230.84 180.35 1.0
-1370.977 -412.736 180.35 1.0
-1306.541 -587.83 180.35 1.0
-1220.243 -753.247 180.35 1.0
-1113.501 -906.27 180.35 1.0
-988.067 -1044.387 180.35 1.0
-846.001 -1165.329 180.35 1.0
-689.635 -1267.112 180.35 1.0
-521.538 -1348.064 180.35 1.0
-344.468 -1406.855 180.35 1.0
-161.335 -1442.52 180.35 1.0
-11.538 -1452.137 180.35 1.0
-11.538 -1399.766 180.35 1.0
-11.538 -1356.827 180.35 1.0
-11.538 -1356.827 200.35 0.0
-11.534 -1349.49 200.35 0.0
-154.935 -1339.891 200.35 1.0
-155.54 -1339.83 200.35 1.0
-156.14 -1339.729 200.35 1.0
-332.126 -1303.958 200.35 1.0
-332.717 -1303.817 200.35 1.0
-333.299 -1303.637 200.35 1.0
-502.947 -1244.729 200.35 1.0
-503.514 -1244.51 200.35 1.0
-504.066 -1244.254 200.35 1.0
-664.349 -1163.259 200.35 1.0
-664.882 -1162.967 200.35 1.0
-665.395 -1162.64 200.35 1.0
-813.452 -1061.004 200.35 1.0
-813.941 -1060.644 200.35 1.0
-814.406 -1060.251 200.35 1.0
-947.595 -939.788 200.35 1.0
-948.032 -939.366 200.35 1.0
-948.441 -938.914 200.35 1.0
-1064.385 -801.774 200.35 1.0
-1064.762 -801.297 200.35 1.0
-1065.107 -800.795 200.35 1.0
-1161.738 -649.425 200.35 1.0
-1162.048 -648.902 200.35 1.0
-1162.322 -648.359 200.35 1.0
-1237.916 -485.459 200.35 1.0
-1238.153 -484.899 200.35 1.0
-1238.353 -484.324 200.35 1.0
-1291.559 -312.803 200.35 1.0
-1291.74 -312.132 200.35 1.0
-1291.841 -311.62 200.35 1.0
-1321.711 -134.537 200.35 1.0
-1321.796 -133.897 200.35 1.0
-1321.833 -133.327 200.35 1.0
-1325.922 -11.026 200.35 1.0
-1425.415 -11.026 200.35 1.0
-1426.505 -45.003 200.35 1.0
-1408.637 -230.216 200.35 1.0
-1367.232 -411.625 200.35 1.0
-1302.969 -586.249 200.35 1.0
-1216.903 -751.222 200.35 1.0
-1110.447 -903.834 200.35 1.0
-985.349 -1041.58 200.35 1.0
-843.664 -1162.198 200.35 1.0
-687.718 -1263.708 200.35 1.0
-520.072 -1344.443 200.35 1.0
-343.477 -1403.076 200.35 1.0
-160.835 -1438.645 200.35 1.0
-11.534 -1448.231 200.35 1.0
-11.534 -1395.63 200.35 1.0
-11.534 -1352.49 200.35 1.0
-11.534 -1352.49 220.35 0.0
-11.53 -1345.154 220.35 0.0
-154.357 -1335.592 220.35 1.0
-154.962 -1335.532 220.35 1.0
-155.562 -1335.43 220.35 1.0
-330.98 -1299.775 220.35 1.0
-331.571 -1299.634 220.35 1.0
-332.153 -1299.454 220.35 1.0
-501.253 -1240.736 220.35 1.0
-501.821 -1240.517 220.35 1.0
-502.373 -1240.261 220.35 1.0
-662.138 -1159.528 220.35 1.0
-662.672 -1159.236 220.35 1.0
-663.185 -1158.908 220.35 1.0
-810.764 -1057.601 220.35 1.0
-811.253 -1057.24 220.35 1.0
-811.718 -1056.847 220.35 1.0
-944.478 -936.773 220.35 1.0
-944.915 -936.351 220.35 1.0
-945.323 -935.899 220.35 1.0
-1060.894 -799.202 220.35 1.0
-1061.271 -798.724 220.35 1.0
-1061.615 -798.223 220.35 1.0
-1157.934 -647.341 220.35 1.0
-1158.244 -646.817 220.35 1.0
-1158.519 -646.274 220.35 1.0
-1233.868 -483.901 220.35 1.0
-1234.106 -483.341 220.35 1.0
-1234.305 -482.766 220.35 1.0
-1287.34 -311.798 220.35 1.0
-1287.521 -311.126 220.35 1.0
-1287.622 -310.615 220.35 1.0
-1317.396 -134.103 220.35 1.0
-1317.481 -133.463 220.35 1.0
-1317.518 -132.893 220.35 1.0
-1321.591 -11.041 220.35 1.0
-1421.515 -11.041 220.35 1.0
-1422.6 -44.877 220.35 1.0
-1404.781 -229.593 220.35 1.0
-1363.487 -410.513 220.35 1.0
-1299.397 -584.668 220.35 1.0
-1213.562 -749.196 220.35 1.0
-1107.392 -901.398 220.35 1.0
-982.631 -1038.774 220.35 1.0
-841.328 -1159.068 220.35 1.0
-685.801 -1260.304 220.35 1.0
-518.606 -1340.821 220.35 1.0
-342.486 -1399.297 220.35 1.0
-160.336 -1434.771 220.35 1.0
-11.53 -1444.325 220.35 1.0
-11.53 -1391.495 220.35 1.0
-11.53 -1348.154 220.35 1.0
-11.53 -1348.154 240.35 0.0
-11.526 -1340.817 240.35 0.0
-153.779 -1331.294 240.35 1.0
-154.384 -1331.233 240.35 1.0
-154.984 -1331.132 240.35 1.0
-329.834 -1295.592 240.35 1.0
-330.426 -1295.451 240.35 1.0
-331.007 -1295.271 240.35 1.0
-499.56 -1236.743 240.35 1.0
-500.128 -1236.524 240.35 1.0
-500.68 -1236.268 240.35 1.0
-659.928 -1155.796 240.35 1.0
-660.461 -1155.504 240.35 1.0
-660.974 -1155.176 240.35 1.0
-808.076 -1054.197 240.35 1.0
-808.565 -1053.836 240.35 1.0
-809.03 -1053.443 240.35 1.0
-941.36 -933.758 240.35 1.0
-941.797 -933.336 240.35 1.0
-942.206 -932.884 240.35 1.0
-1057.402 -796.629 240.35 1.0
-1057.779 -796.152 240.35 1.0
-1058.124 -795.65 240.35 1.0
-1154.131 -645.256 240.35 1.0
-1154.441 -644.733 240.35 1.0
-1154.716 -644.19 240.35 1.0
-1229.821 -482.342 240.35 1.0
-1230.059 -481.782 240.35 1.0
-1230.258 -481.207 240.35 1.0
-1283.121 -310.792 240.35 1.0
-1283.302 -310.121 240.35 1.0
-1283.403 -309.609 240.35 1.0
-1313.081 -133.669 240.35 1.0
-1313.165 -133.029 240.35 1.0
-1313.202 -132.459 240.35 1.0
-1317.261 -11.055 240.35 1.0
-1417.615 -11.055 240.35 1.0
-1418.696 -44.752 240.35 1.0
-1400.924 -228.969 240.35 1.0
-1359.742 -409.402 240.35 1.0
-1295.824 -583.086 240.35 1.0
-1210.221 -747.171 240.35 1.0
-1104.338 -898.963 240.35 1.0
-979.914 -1035.968 240.35 1.0
-838.991 -1155.937 240.35 1.0
-683.884 -1256.9 240.35 1.0
-517.14 -1337.2 240.35 1.0
-341.495 -1395.518 240.35 1.0
-159.836 -1430.896 240.35 1.0
-11.526 -1440.418 240.35 1.0
-11.526 -1387.359 240.35 1.0
-11.526 -1343.817 240.35 1.0
-11.526 -1343.817 260.35 0.0
-11.522 -1336.48 260.35 0.0
-153.201 -1326.996 260.35 1.0
-153.806 -1326.935 260.35 1.0
-154.406 -1326.834 260.35 1.0
-328.688 -1291.409 260.35 1.0
-329.28 -1291.268 260.35 1.0
-329.861 -1291.088 260.35 1.0
-497.867 -1232.75 260.35 1.0
-498.435 -1232.531 260.35 1.0
-498.987 -1232.275 260.35 1.0
-657.718 -1152.065 260.35 1.0
-658.251 -1151.772 260.35 1.0
-658.764 -1151.445 260.35 1.0
-805.388 -1050.793 260.35 1.0
-805.877 -1050.433 260.35 1.0
-806.342 -1050.04 260.35 1.0
-938.242 -930.743 260.35 1.0
-938.68 -930.32 260.35 1.0
-939.088 -929.869 260.35 1.0
-1053.911 -794.056 260.35 1.0
-1054.287 -793.579 260.35 1.0
-1054.632 -793.077 260.35 1.0
-1150.328 -643.172 260.35 1.0
-1150.638 -642.649 260.35 1.0
-1150.912 -642.106 260.35 1.0
-1225.774 -480.783 260.35 1.0
-1226.011 -480.223 260.35 1.0
-1226.211 -479.648 260.35 1.0
-1278.903 -309.787 260.35 1.0
-1279.083 -309.115 260.35 1.0
-1279.184 -308.604 260.35 1.0
-1308.766 -133.235 260.35 1.0
-1308.85 -132.595 260.35 1.0
-1308.887 -132.025 260.35 1.0
-1312.931 -11.07 260.35 1.0
-1413.715 -11.07 260.35 1.0
-1414.791 -44.627 260.35 1.0
-1397.068 -228.346 260.35 1.0
-1355.997 -408.29 260.35 1.0
-1292.252 -581.505 260.35 1.0
-1206.881 -745.146 260.35 1.0
-1101.284 -896.527 260.35 1.0
-977.196 -1033.161 260.35 1.0
-836.654 -1152.806 260.35 1.0
-681.967 -1253.497 260.35 1.0
-515.673 -1333.579 260.35 1.0
-340.505 -1391.739 260.35 1.0
-159.336 -1427.022 260.35 1.0
-11.522 -1436.512 260.35 1.0
-11.522 -1383.223 260.35 1.0
-11.522 -1339.48 260.35 1.0
-11.518 -1332.102 280.35 0.0
-152.617 -1322.657 280.35 1.0
-153.222 -1322.596 280.35 1.0
-153.823 -1322.495 280.35 1.0
-327.532 -1287.187 280.35 1.0
-328.123 -1287.046 280.35 1.0
-328.705 -1286.865 280.35 1.0
-496.158 -1228.719 280.35 1.0
-496.725 -1228.501 280.35 1.0
-497.278 -1228.245 280.35 1.0
-655.487 -1148.298 280.35 1.0
-656.02 -1148.006 280.35 1.0
-656.533 -1147.678 280.35 1.0
-802.675 -1047.357 280.35 1.0
-803.164 -1046.997 280.35 1.0
-803.629 -1046.604 280.35 1.0
-935.095 -927.7 280.35 1.0
-935.533 -927.277 280.35 1.0
-935.941 -926.825 280.35 1.0
-1050.386 -791.459 280.35 1.0
-1050.763 -790.982 280.35 1.0
-1051.107 -790.48 280.35 1.0
-1146.488 -641.068 280.35 1.0
-1146.798 -640.545 280.35 1.0
-1147.073 -640.002 280.35 1.0
-1221.689 -479.209 280.35 1.0
-1221.926 -478.649 280.35 1.0
-1222.126 -478.075 280.35 1.0
-1274.644 -308.772 280.35 1.0
-1274.824 -308.1 280.35 1.0
-1274.926 -307.589 280.35 1.0
-1304.41 -132.797 280.35 1.0
-1304.494 -132.157 280.35 1.0
-1304.531 -131.587 280.35 1.0
-1308.56 -11.084 280.35 1.0
-1409.815 -11.084 280.35 1.0
-1410.887 -44.502 280.35 1.0
-1393.211 -227.722 280.35 1.0
-1352.252 -407.179 280.35 1.0
-1288.68 -579.924 280.35 1.0
-1203.54 -743.121 280.35 1.0
-1098.23 -894.091 280.35 1.0
-974.478 -1030.355 280.35 1.0
-834.318 -1149.675 280.35 1.0
-680.05 -1250.093 280.35 1.0
-514.207 -1329.958 280.35 1.0
-339.514 -1387.961 280.35 1.0
-158.837 -1423.147 280.35 1.0
-11.518 -1432.606 280.35 1.0
-11.518 -1379.066 280.35 1.0
-11.518 -1335.102 280.35 1.0
-11.518 -1335.102 300.35 0.0
-11.514 -1326.884 300.35 0.0
-151.922 -1317.485 300.35 1.0
-152.527 -1317.424 300.35 1.0
-153.127 -1317.323 300.35 1.0
-326.153 -1282.154 300.35 1.0
-326.744 -1282.013 300.35 1.0
-327.326 -1281.832 300.35 1.0
-494.121 -1223.915 300.35 1.0
-494.688 -1223.697 300.35 1.0
-495.241 -1223.44 300.35 1.0
-652.827 -1143.808 300.35 1.0
-653.36 -1143.516 300.35 1.0
-653.874 -1143.188 300.35 1.0
-799.441 -1043.262 300.35 1.0
-799.93 -1042.901 300.35 1.0
-800.395 -1042.508 300.35 1.0
-931.344 -924.072 300.35 1.0
-931.781 -923.649 300.35 1.0
-932.19 -923.198 300.35 1.0
-1046.185 -788.364 300.35 1.0
-1046.562 -787.887 300.35 1.0
-1046.906 -787.385 300.35 1.0
-1141.912 -638.56 300.35 1.0
-1142.222 -638.037 300.35 1.0
-1142.497 -637.494 300.35 1.0
-1216.819 -477.334 300.35 1.0
-1217.056 -476.774 300.35 1.0
-1217.256 -476.199 300.35 1.0
-1269.568 -307.562 300.35 1.0
-1269.748 -306.891 300.35 1.0
-1269.849 -306.379 300.35 1.0
-1299.217 -132.274 300.35 1.0
-1299.302 -131.634 300.35 1.0
-1299.339 -131.064 300.35 1.0
-1303.35 -11.098 300.35 1.0
-1405.142 -11.099 300.35 1.0
-1406.209 -44.352 300.35 1.0
-1388.591 -226.975 300.35 1.0
-1347.765 -405.847 300.35 1.0
-1284.4 -578.029 300.35 1.0
-1199.538 -740.695 300.35 1.0
-1094.571 -891.173 300.35 1.0
-971.222 -1026.993 300.35 1.0
-831.519 -1145.925 300.35 1.0
-677.753 -1246.015 300.35 1.0
-512.451 -1325.62 300.35 1.0
-338.327 -1383.434 300.35 1.0
-158.238 -1418.506 300.35 1.0
-11.514 -1427.926 300.35 1.0
-11.514 -1374.099 300.35 1.0
-11.514 -1329.884 300.35 1.0
-11.514 -1329.884 320.35 0.0
-11.51 -1321.666 320.35 0.0
-151.226 -1312.313 320.35 1.0
-151.831 -1312.252 320.35 1.0
-152.432 -1312.151 320.35 1.0
-324.774 -1277.121 320.35 1.0
-325.366 -1276.98 320.35 1.0
-325.947 -1276.799 320.35 1.0
-492.084 -1219.111 320.35 1.0
-492.651 -1218.892 320.35 1.0
-493.203 -1218.636 320.35 1.0
-650.168 -1139.318 320.35 1.0
-650.701 -1139.026 320.35 1.0
-651.214 -1138.698 320.35 1.0
-796.207 -1039.167 320.35 1.0
-796.696 -1038.806 320.35 1.0
-797.161 -1038.413 320.35 1.0
-927.593 -920.444 320.35 1.0
-928.03 -920.021 320.35 1.0
-928.439 -919.57 320.35 1.0
-1041.984 -785.269 320.35 1.0
-1042.36 -784.791 320.35 1.0
-1042.705 -784.289 320.35 1.0
-1137.336 -636.052 320.35 1.0
-1137.646 -635.529 320.35 1.0
-1137.92 -634.986 320.35 1.0
-1211.949 -475.458 320.35 1.0
-1212.187 -474.898 320.35 1.0
-1212.386 -474.324 320.35 1.0
-1264.491 -306.352 320.35 1.0
-1264.672 -305.681 320.35 1.0
-1264.773 -305.169 320.35 1.0
-1294.025 -131.752 320.35 1.0
-1294.11 -131.112 320.35 1.0
-1294.147 -130.542 320.35 1.0
-1298.14 -11.113 320.35 1.0
-1399.833 -11.113 320.35 1.0
-1400.894 -44.181 320.35 1.0
-1383.341 -226.127 320.35 1.0
-1342.667 -404.334 320.35 1.0
-1279.538 -575.877 320.35 1.0
-1194.99 -737.938 320.35 1.0
-1090.413 -887.858 320.35 1.0
-967.523 -1023.173 320.35 1.0
-828.338 -1141.663 320.35 1.0
-675.144 -1241.381 320.35 1.0
-510.456 -1320.691 320.35 1.0
-336.978 -1378.29 320.35 1.0
-157.558 -1413.231 320.35 1.0
-11.51 -1422.608 320.35 1.0
-11.51 -1368.835 320.35 1.0
-11.51 -1324.666 320.35 1.0
-11.51 -1324.666 340.35 0.0
-11.506 -1316.448 340.35 0.0
-150.531 -1307.141 340.35 1.0
-151.135 -1307.08 340.35 1.0
-151.736 -1306.979 340.35 1.0
-323.396 -1272.088 340.35 1.0
-323.987 -1271.947 340.35 1.0
-324.569 -1271.766 340.35 1.0
-490.046 -1214.306 340.35 1.0
-490.614 -1214.088 340.35 1.0
-491.166 -1213.832 340.35 1.0
-647.509 -1134.828 340.35 1.0
-648.042 -1134.536 340.35 1.0
-648.555 -1134.208 340.35 1.0
-792.972 -1035.071 340.35 1.0
-793.462 -1034.711 340.35 1.0
-793.927 -1034.318 340.35 1.0
-923.842 -916.816 340.35 1.0
-924.279 -916.393 340.35 1.0
-924.688 -915.942 340.35 1.0
-1037.782 -782.173 340.35 1.0
-1038.159 -781.696 340.35 1.0
-1038.504 -781.194 340.35 1.0
-1132.76 -633.544 340.35 1.0
-1133.07 -633.021 340.35 1.0
-1133.344 -632.478 340.35 1.0
-1207.079 -473.583 340.35 1.0
-1207.317 -473.023 340.35 1.0
-1207.516 -472.448 340.35 1.0
-1259.415 -305.143 340.35 1.0
-1259.596 -304.471 340.35 1.0
-1259.697 -303.96 340.35 1.0
-1288.833 -131.23 340.35 1.0
-1288.918 -130.59 340.35 1.0
-1288.955 -130.02 340.35 1.0
-1292.93 -11.127 340.35 1.0
-1394.524 -11.127 340.35 1.0
-1395.578 -44.011 340.35 1.0
-1378.092 -225.278 340.35 1.0
-1337.569 -402.821 340.35 1.0
-1274.675 -573.724 340.35 1.0
-1190.443 -735.181 340.35 1.0
-1086.255 -884.542 340.35 1.0
-963.823 -1019.353 340.35 1.0
-825.157 -1137.401 340.35 1.0
-672.534 -1236.748 340.35 1.0
-508.46 -1315.762 340.35 1.0
-335.629 -1373.145 340.35 1.0
-156.878 -1407.957 340.35 1.0
-11.506 -1417.29 340.35 1.0
-11.506 -1363.57 340.35 1.0
-11.506 -1319.448 340.35 1.0
-11.506 -1319.448 360.35 0.0
-11.502 -1311.23 360.35 0.0
-149.835 -1301.97 360.35 1.0
-150.44 -1301.909 360.35 1.0
-151.04 -1301.807 360.35 1.0
-322.017 -1267.055 360.35 1.0
-322.608 -1266.914 360.35 1.0
-323.19 -1266.733 360.35 1.0
-488.009 -1209.502 360.35 1.0
-488.577 -1209.284 360.35 1.0
-489.129 -1209.027 360.35 1.0
-644.849 -1130.338 360.35 1.0
-645.382 -1130.046 360.35 1.0
-645.896 -1129.718 360.35 1.0
-789.738 -1030.976 360.35 1.0
-790.228 -1030.615 360.35 1.0
-790.693 -1030.222 360.35 1.0
-920.091 -913.188 360.35 1.0
-920.528 -912.766 360.35 1.0
-920.936 -912.314 360.35 1.0
-1033.581 -779.078 360.35 1.0
-1033.958 -778.6 360.35 1.0
-1034.303 -778.099 360.35 1.0
-1128.183 -631.037 360.35 1.0
-1128.493 -630.513 360.35 1.0
-1128.768 -629.97 360.35 1.0
-1202.21 -471.707 360.35 1.0
-1202.447 -471.147 360.35 1.0
-1202.647 -470.572 360.35 1.0
-1254.339 -303.933 360.35 1.0
-1254.519 -303.261 360.35 1.0
-1254.621 -302.75 360.35 1.0
-1283.641 -130.707 360.35 1.0
-1283.726 -130.067 360.35 1.0
-1283.762 -129.497 360.35 1.0
-1287.719 -11.142 360.35 1.0
-1389.214 -11.142 360.35 1.0
-1390.263 -43.84 360.35 1.0
-1372.842 -224.429 360.35 1.0
-1332.471 -401.308 360.35 1.0
-1269.812 -571.571 360.35 1.0
-1185.895 -732.425 360.35 1.0
-1082.097 -881.226 360.35 1.0
-960.123 -1015.533 360.35 1.0
-821.976 -1133.139 360.35 1.0
-669.924 -1232.114 360.35 1.0
-506.464 -1310.832 360.35 1.0
-334.28 -1368.001 360.35 1.0
-156.198 -1402.683 360.35 1.0
-11.503 -1411.973 360.35 1.0
-11.502 -1358.305 360.35 1.0
-11.502 -1314.23 360.35 1.0
-11.502 -1314.23 380.35 0.0
-11.499 -1306.012 380.35 0.0
-149.14 -1296.798 380.35 1.0
-149.744 -1296.737 380.35 1.0
-150.345 -1296.636 380.35 1.0
-320.639 -1262.022 380.35 1.0
-321.23 -1261.881 380.35 1.0
-321.811 -1261.7 380.35 1.0
-485.972 -1204.698 380.35 1.0
-486.539 -1204.479 380.35 1.0
-487.092 -1204.223 380.35 1.0
-642.19 -1125.848 380.35 1.0
-642.723 -1125.556 380.35 1.0
-643.236 -1125.229 380.35 1.0
-786.504 -1026.881 380.35 1.0
-786.994 -1026.52 380.35 1.0
-787.459 -1026.127 380.35 1.0
-916.34 -909.561 380.35 1.0
-916.777 -909.138 380.35 1.0
-917.185 -908.686 380.35 1.0
-1029.38 -775.982 380.35 1.0
-1029.757 -775.505 380.35 1.0
-1030.101 -775.003 380.35 1.0
-1123.607 -628.529 380.35 1.0
-1123.917 -628.005 380.35 1.0
-1124.192 -627.462 380.35 1.0
-1197.34 -469.832 380.35 1.0
-1197.577 -469.272 380.35 1.0
-1197.777 -468.697 380.35 1.0
-1249.263 -302.723 380.35 1.0
-1249.443 -302.052 380.35 1.0
-1249.544 -301.54 380.35 1.0
-1278.449 -130.185 380.35 1.0
-1278.533 -129.545 380.35 1.0
-1278.57 -128.975 380.35 1.0
-1282.509 -11.156 380.35 1.0
-1383.905 -11.156 380.35 1.0
-1384.948 -43.67 380.35 1.0
-1367.592 -223.58 380.35 1.0
-1327.372 -399.795 380.35 1.0
-1264.949 -569.419 380.35 1.0
-1181.347 -729.668 380.35 1.0
-1077.94 -877.91 380.35 1.0
-956.424 -1011.713 380.35 1.0
-818.796 -1128.877 380.35 1.0
-667.315 -1227.48 380.35 1.0
-504.469 -1305.903 380.35 1.0
-332.931 -1362.857 380.35 1.0
-155.518 -1397.408 380.35 1.0
-11.499 -1406.655 380.35 1.0
-11.499 -1353.041 380.35 1.0
-11.499 -1309.012 380.35 1.0
-11.499 -1309.012 400.35 0.0
-11.495 -1300.546 400.35 0.0
-148.411 -1291.38 400.35 1.0
-149.016 -1291.319 400.35 1.0
-149.616 -1291.218 400.35 1.0
-319.194 -1256.75 400.35 1.0
-319.786 -1256.609 400.35 1.0
-320.367 -1256.428 400.35 1.0
-483.838 -1199.665 400.35 1.0
-484.405 -1199.447 400.35 1.0
-484.958 -1199.19 400.35 1.0
-639.404 -1121.145 400.35 1.0
-639.937 -1120.853 400.35 1.0
-640.45 -1120.525 400.35 1.0
-783.117 -1022.591 400.35 1.0
-783.606 -1022.23 400.35 1.0
-784.071 -1021.837 400.35 1.0
-912.411 -905.76 400.35 1.0
-912.848 -905.338 400.35 1.0
-913.256 -904.886 400.35 1.0
-1024.979 -772.74 400.35 1.0
-1025.356 -772.262 400.35 1.0
-1025.701 -771.761 400.35 1.0
-1118.813 -625.902 400.35 1.0
-1119.123 -625.378 400.35 1.0
-1119.398 -624.835 400.35 1.0
-1192.239 -467.867 400.35 1.0
-1192.476 -467.307 400.35 1.0
-1192.676 -466.732 400.35 1.0
-1243.945 -301.456 400.35 1.0
-1244.126 -300.785 400.35 1.0
-1244.227 -300.273 400.35 1.0
-1273.01 -129.638 400.35 1.0
-1273.094 -128.998 400.35 1.0
-1273.131 -128.428 400.35 1.0
-1277.052 -11.171 400.35 1.0
-1378.596 -11.171 400.35 1.0
-1379.633 -43.499 400.35 1.0
-1362.342 -222.732 400.35 1.0
-1322.274 -398.281 400.35 1.0
-1260.086 -567.266 400.35 1.0
-1176.8 -726.911 400.35 1.0
-1073.782 -874.595 400.35 1.0
-952.724 -1007.892 400.35 1.0
-815.615 -1124.615 400.35 1.0
-664.705 -1222.847 400.35 1.0
-502.473 -1300.974 400.35 1.0
-331.582 -1357.713 400.35 1.0
-154.838 -1392.134 400.35 1.0
-11.495 -1401.337 400.35 1.0
-11.495 -1347.644 400.35 1.0
-11.495 -1303.546 400.35 1.0
-11.495 -1303.546 420.35 0.0
-11.491 -1294.53 420.35 0.0
-147.609 -1285.418 420.35 1.0
-148.214 -1285.357 420.35 1.0
-148.814 -1285.256 420.35 1.0
-317.605 -1250.947 420.35 1.0
-318.196 -1250.806 420.35 1.0
-318.778 -1250.626 420.35 1.0
-481.489 -1194.126 420.35 1.0
-482.057 -1193.908 420.35 1.0
-482.609 -1193.652 420.35 1.0
-636.338 -1115.969 420.35 1.0
-636.871 -1115.677 420.35 1.0
-637.385 -1115.349 420.35 1.0
-779.388 -1017.869 420.35 1.0
-779.878 -1017.509 420.35 1.0
-780.343 -1017.115 420.35 1.0
-908.086 -901.578 420.35 1.0
-908.523 -901.155 420.35 1.0
-908.932 -900.704 420.35 1.0
-1020.136 -769.171 420.35 1.0
-1020.513 -768.694 420.35 1.0
-1020.857 -768.192 420.35 1.0
-1113.538 -623.011 420.35 1.0
-1113.848 -622.487 420.35 1.0
-1114.122 -621.944 420.35 1.0
-1186.625 -465.705 420.35 1.0
-1186.862 -465.145 420.35 1.0
-1187.062 -464.57 420.35 1.0
-1238.093 -300.061 420.35 1.0
-1238.273 -299.39 420.35 1.0
-1238.375 -298.878 420.35 1.0
-1267.024 -129.036 420.35 1.0
-1267.109 -128.396 420.35 1.0
-1267.146 -127.826 420.35 1.0
-1271.045 -11.185 420.35 1.0
-1373.287 -11.185 420.35 1.0
-1374.317 -43.329 420.35 1.0
-1357.092 -221.883 420.35 1.0
-1317.176 -396.768 420.35 1.0
-1255.223 -565.113 420.35 1.0
-1172.252 -724.154 420.35 1.0
-1069.624 -871.279 420.35 1.0
-949.025 -1004.072 420.35 1.0
-812.434 -1120.353 420.35 1.0
-662.096 -1218.213 420.35 1.0
-500.477 -1296.044 420.35 1.0
-330.233 -1352.569 420.35 1.0
-154.158 -1386.86 420.35 1.0
-11.491 -1396.019 420.35 1.0
-11.491 -1341.954 420.35 1.0
-11.491 -1297.53 420.35 1.0
-11.491 -1297.53 440.35 0.0
-11.487 -1288.514 440.35 0.0
-146.807 -1279.456 440.35 1.0
-147.412 -1279.395 440.35 1.0
-148.013 -1279.293 440.35 1.0
-316.016 -1245.145 440.35 1.0
-316.607 -1245.004 440.35 1.0
-317.188 -1244.824 440.35 1.0
-479.141 -1188.588 440.35 1.0
-479.708 -1188.369 440.35 1.0
-480.261 -1188.113 440.35 1.0
-633.272 -1110.793 440.35 1.0
-633.806 -1110.501 440.35 1.0
-634.319 -1110.173 440.35 1.0
-775.66 -1013.148 440.35 1.0
-776.149 -1012.787 440.35 1.0
-776.614 -1012.394 440.35 1.0
-903.762 -897.396 440.35 1.0
-904.199 -896.973 440.35 1.0
-904.607 -896.522 440.35 1.0
-1015.293 -765.603 440.35 1.0
-1015.669 -765.125 440.35 1.0
-1016.014 -764.623 440.35 1.0
-1108.262 -620.119 440.35 1.0
-1108.572 -619.596 440.35 1.0
-1108.846 -619.053 440.35 1.0
-1181.011 -463.543 440.35 1.0
-1181.248 -462.983 440.35 1.0
-1181.448 -462.408 440.35 1.0
-1232.241 -298.667 440.35 1.0
-1232.421 -297.995 440.35 1.0
-1232.523 -297.484 440.35 1.0
-1261.038 -128.434 440.35 1.0
-1261.123 -127.793 440.35 1.0
-1261.16 -127.223 440.35 1.0
-1265.039 -11.2 440.35 1.0
-1367.977 -11.2 440.35 1.0
-1369.002 -43.158 440.35 1.0
-1351.843 -221.034 440.35 1.0
-1312.078 -395.255 440.35 1.0
-1250.361 -562.961 440.35 1.0
-1167.704 -721.397 440.35 1.0
-1065.466 -867.963 440.35 1.0
-945.325 -1000.252 440.35 1.0
-809.253 -1116.091 440.35 1.0
-659.486 -1213.579 440.35 1.0
-498.482 -1291.115 440.35 1.0
-328.884 -1347.425 440.35 1.0
-153.478 -1381.585 440.35 1.0
-11.487 -1390.702 440.35 1.0
-11.487 -1336.265 440.35 1.0
-11.487 -1291.514 440.35 1.0
-11.487 -1291.514 460.35 0.0
-11.483 -1282.498 460.35 0.0
-146.005 -1273.493 460.35 1.0
-146.61 -1273.432 460.35 1.0
-147.211 -1273.331 460.35 1.0
-314.426 -1239.343 460.35 1.0
-315.017 -1239.202 460.35 1.0
-315.599 -1239.022 460.35 1.0
-476.792 -1183.049 460.35 1.0
-477.36 -1182.831 460.35 1.0
-477.912 -1182.574 460.35 1.0
-630.207 -1105.617 460.35 1.0
-630.74 -1105.324 460.35 1.0
-631.253 -1104.997 460.35 1.0
-771.931 -1008.427 460.35 1.0
-772.421 -1008.066 460.35 1.0
-772.886 -1007.673 460.35 1.0
-899.437 -893.214 460.35 1.0
-899.874 -892.791 460.35 1.0
-900.283 -892.339 460.35 1.0
-1010.449 -762.034 460.35 1.0
-1010.826 -761.557 460.35 1.0
-1011.171 -761.055 460.35 1.0
-1102.986 -617.228 460.35 1.0
-1103.296 -616.705 460.35 1.0
-1103.571 -616.162 460.35 1.0
-1175.397 -461.381 460.35 1.0
-1175.634 -460.821 460.35 1.0
-1175.834 -460.246 460.35 1.0
-1226.389 -297.272 460.35 1.0
-1226.569 -296.601 460.35 1.0
-1226.671 -296.089 460.35 1.0
-1255.052 -127.831 460.35 1.0
-1255.137 -127.191 460.35 1.0
-1255.174 -126.621 460.35 1.0
-1259.032 -11.214 460.35 1.0
-1362.668 -11.214 460.35 1.0
-1363.687 -42.988 460.35 1.0
-1346.593 -220.185 460.35 1.0
-1306.98 -393.742 460.35 1.0
-1245.498 -560.808 460.35 1.0
-1163.157 -718.641 460.35 1.0
-1061.309 -864.648 460.35 1.0
-941.625 -996.432 460.35 1.0
-806.073 -1111.829 460.35 1.0
-656.876 -1208.946 460.35 1.0
-496.486 -1286.186 460.35 1.0
-327.535 -1342.281 460.35 1.0
-152.798 -1376.311 460.35 1.0
-11.483 -1385.384 460.35 1.0
-11.483 -1330.575 460.35 1.0
-11.483 -1285.498 460.35 1.0
-11.483 -1285.498 480.35 0.0
-11.479 -1276.483 480.35 0.0
-145.204 -1267.531 480.35 1.0
-145.808 -1267.47 480.35 1.0
-146.409 -1267.369 480.35 1.0
-312.837 -1233.541 480.35 1.0
-313.428 -1233.4 480.35 1.0
-314.01 -1233.219 480.35 1.0
-474.444 -1177.511 480.35 1.0
-475.011 -1177.292 480.35 1.0
-475.563 -1177.036 480.35 1.0
-627.141 -1100.44 480.35 1.0
-627.674 -1100.148 480.35 1.0
-628.187 -1099.821 480.35 1.0
-768.203 -1003.705 480.35 1.0
-768.693 -1003.345 480.35 1.0
-769.157 -1002.951 480.35 1.0
-895.113 -889.031 480.35 1.0
-895.55 -888.609 480.35 1.0
-895.958 -888.157 480.35 1.0
-1005.606 -758.465 480.35 1.0
-1005.983 -757.988 480.35 1.0
-1006.327 -757.486 480.35 1.0
-1097.71 -614.337 480.35 1.0
-1098.02 -613.814 480.35 1.0
-1098.295 -613.271 480.35 1.0
-1169.783 -459.218 480.35 1.0
-1170.02 -458.658 480.35 1.0
-1170.22 -458.084 480.35 1.0
-1220.537 -295.878 480.35 1.0
-1220.717 -295.206 480.35 1.0
-1220.819 -294.694 480.35 1.0
-1249.066 -127.229 480.35 1.0
-1249.151 -126.589 480.35 1.0
-1249.188 -126.019 480.35 1.0
-1253.026 -11.229 480.35 1.0
-1357.171 -11.229 480.35 1.0
-1358.183 -42.812 480.35 1.0
-1341.157 -219.307 480.35 1.0
-1301.701 -392.175 480.35 1.0
-1240.463 -558.579 480.35 1.0
-1158.448 -715.786 480.35 1.0
-1057.003 -861.215 480.35 1.0
-937.795 -992.476 480.35 1.0
-802.779 -1107.417 480.35 1.0
-654.174 -1204.148 480.35 1.0
-494.42 -1281.082 480.35 1.0
-326.138 -1336.955 480.35 1.0
-152.094 -1370.85 480.35 1.0
-11.479 -1379.878 480.35 1.0
-11.479 -1324.798 480.35 1.0
-11.479 -1279.483 480.35 1.0
-11.479 -1279.483 500.35 0.0
-11.475 -1270.467 500.35 0.0
-144.402 -1261.569 500.35 1.0
-145.007 -1261.508 500.35 1.0
-145.607 -1261.407 500.35 1.0
-311.247 -1227.739 500.35 1.0
-311.839 -1227.598 500.35 1.0
-312.42 -1227.417 500.35 1.0
-472.095 -1171.972 500.35 1.0
-472.663 -1171.754 500.35 1.0
-473.215 -1171.497 500.35 1.0
-624.075 -1095.264 500.35 1.0
-624.608 -1094.972 500.35 1.0
-625.121 -1094.645 500.35 1.0
-764.475 -998.984 500.35 1.0
-764.964 -998.623 500.35 1.0
-765.429 -998.23 500.35 1.0
-890.789 -884.849 500.35 1.0
-891.226 -884.426 500.35 1.0
-891.634 -883.975 500.35 1.0
-1000.763 -754.897 500.35 1.0
-1001.14 -754.42 500.35 1.0
-1001.484 -753.918 500.35 1.0
-1092.435 -611.446 500.35 1.0
-1092.745 -610.923 500.35 1.0
-1093.019 -610.379 500.35 1.0
-1164.169 -457.056 500.35 1.0
-1164.406 -456.496 500.35 1.0
-1164.606 -455.921 500.35 1.0
-1214.685 -294.483 500.35 1.0
-1214.865 -293.811 500.35 1.0
-1214.966 -293.3 500.35 1.0
-1243.081 -126.627 500.35 1.0
-1243.165 -125.987 500.35 1.0
-1243.202 -125.417 500.35 1.0
-1247.019 -11.243 500.35 1.0
-1350.556 -11.243 500.35 1.0
-1351.561 -42.599 500.35 1.0
-1334.617 -218.249 500.35 1.0
-1295.35 -390.29 500.35 1.0
-1234.404 -555.897 500.35 1.0
-1152.783 -712.352 500.35 1.0
-1051.824 -857.084 500.35 1.0
-933.186 -987.717 500.35 1.0
-798.817 -1102.107 500.35 1.0
-650.923 -1198.375 500.35 1.0
-491.933 -1274.941 500.35 1.0
-324.458 -1330.546 500.35 1.0
-151.247 -1364.279 500.35 1.0
-11.475 -1373.253 500.35 1.0
-11.475 -1318.497 500.35 1.0
-11.475 -1273.467 500.35 1.0
-11.475 -1273.467 520.35 0.0
-11.471 -1264.451 520.35 0.0
-143.6 -1255.606 520.35 1.0
-144.205 -1255.546 520.35 1.0
-144.805 -1255.444 520.35 1.0
-309.658 -1221.936 520.35 1.0
-310.249 -1221.795 520.35 1.0
-310.831 -1221.615 520.35 1.0
-469.747 -1166.433 520.35 1.0
-470.314 -1166.215 520.35 1.0
-470.866 -1165.959 520.35 1.0
-621.009 -1090.088 520.35 1.0
-621.542 -1089.796 520.35 1.0
-622.055 -1089.468 520.35 1.0
-760.746 -994.263 520.35 1.0
-761.236 -993.902 520.35 1.0
-761.701 -993.509 520.35 1.0
-886.464 -880.667 520.35 1.0
-886.901 -880.244 520.35 1.0
-887.31 -879.793 520.35 1.0
-995.919 -751.328 520.35 1.0
-996.296 -750.851 520.35 1.0
-996.641 -750.349 520.35 1.0
-1087.159 -608.555 520.35 1.0
-1087.469 -608.031 520.35 1.0
-1087.744 -607.488 520.35 1.0
-1158.555 -454.894 520.35 1.0
-1158.792 -454.334 520.35 1.0
-1158.992 -453.759 520.35 1.0
-1208.832 -293.088 520.35 1.0
-1209.013 -292.417 520.35 1.0
-1209.114 -291.905 520.35 1.0
-1237.095 -126.025 520.35 1.0
-1237.18 -125.385 520.35 1.0
-1237.217 -124.815 520.35 1.0
-1241.013 -11.257 520.35 1.0
-1343.941 -11.258 520.35 1.0
-1344.94 -42.387 520.35 1.0
-1328.076 -217.192 520.35 1.0
-1288.998 -388.405 520.35 1.0
-1228.346 -553.216 520.35 1.0
-1147.117 -708.917 520.35 1.0
-1046.644 -852.953 520.35 1.0
-928.577 -982.958 520.35 1.0
-794.854 -1096.797 520.35 1.0
-647.672 -1192.602 520.35 1.0
-489.447 -1268.799 520.35 1.0
-322.777 -1324.138 520.35 1.0
-150.399 -1357.708 520.35 1.0
-11.471 -1366.628 520.35 1.0
-11.471 -1312.197 520.35 1.0
-11.471 -1267.451 520.35 1.0
-11.471 -1267.451 540.35 0.0
-11.467 -1257.625 540.35 0.0
-142.69 -1248.841 540.35 1.0
-143.295 -1248.78 540.35 1.0
-143.895 -1248.679 540.35 1.0
-307.854 -1215.352 540.35 1.0
-308.446 -1215.211 540.35 1.0
-309.027 -1215.031 540.35 1.0
-467.082 -1160.149 540.35 1.0
-467.649 -1159.93 540.35 1.0
-468.201 -1159.674 540.35 1.0
-617.53 -1084.215 540.35 1.0
-618.063 -1083.922 540.35 1.0
-618.577 -1083.595 540.35 1.0
-756.515 -988.905 540.35 1.0
-757.005 -988.544 540.35 1.0
-757.47 -988.151 540.35 1.0
-881.557 -875.921 540.35 1.0
-881.994 -875.498 540.35 1.0
-882.402 -875.047 540.35 1.0
-990.423 -747.279 540.35 1.0
-990.8 -746.802 540.35 1.0
-991.145 -746.3 540.35 1.0
-1081.172 -605.274 540.35 1.0
-1081.482 -604.751 540.35 1.0
-1081.757 -604.208 540.35 1.0
-1152.184 -452.441 540.35 1.0
-1152.422 -451.881 540.35 1.0
-1152.621 -451.306 540.35 1.0
-1202.192 -291.506 540.35 1.0
-1202.372 -290.834 540.35 1.0
-1202.474 -290.323 540.35 1.0
-1230.302 -125.342 540.35 1.0
-1230.387 -124.701 540.35 1.0
-1230.424 -124.131 540.35 1.0
-1234.197 -11.272 540.35 1.0
-1337.327 -11.272 540.35 1.0
-1338.318 -42.175 540.35 1.0
-1321.536 -216.134 540.35 1.0
-1282.647 -386.52 540.35 1.0
-1222.288 -550.534 540.35 1.0
-1141.451 -705.483 540.35 1.0
-1041.464 -848.822 540.35 1.0
-923.967 -978.199 540.35 1.0
-790.891 -1091.488 540.35 1.0
-644.421 -1186.83 540.35 1.0
-486.961 -1262.658 540.35 1.0
-321.097 -1317.729 540.35 1.0
-149.552 -1351.137 540.35 1.0
-11.467 -1360.003 540.35 1.0
-11.467 -1305.464 540.35 1.0
-11.467 -1260.625 540.35 1.0
-11.467 -1260.625 560.35 0.0
-11.463 -1250.726 560.35 0.0
-141.77 -1242.003 560.35 1.0
-142.375 -1241.942 560.35 1.0
-142.976 -1241.841 560.35 1.0
-306.032 -1208.698 560.35 1.0
-306.623 -1208.557 560.35 1.0
-307.205 -1208.377 560.35 1.0
-464.388 -1153.797 560.35 1.0
-464.956 -1153.578 560.35 1.0
-465.508 -1153.322 560.35 1.0
-614.014 -1078.278 560.35 1.0
-614.547 -1077.986 560.35 1.0
-615.061 -1077.659 560.35 1.0
-752.24 -983.491 560.35 1.0
-752.729 -983.13 560.35 1.0
-753.194 -982.737 560.35 1.0
-876.598 -871.125 560.35 1.0
-877.035 -870.702 560.35 1.0
-877.443 -870.251 560.35 1.0
-984.869 -743.186 560.35 1.0
-985.246 -742.709 560.35 1.0
-985.591 -742.207 560.35 1.0
-1075.122 -601.958 560.35 1.0
-1075.432 -601.435 560.35 1.0
-1075.707 -600.892 560.35 1.0
-1145.746 -449.961 560.35 1.0
-1145.984 -449.401 560.35 1.0
-1146.183 -448.826 560.35 1.0
-1195.481 -289.906 560.35 1.0
-1195.661 -289.235 560.35 1.0
-1195.763 -288.723 560.35 1.0
-1223.438 -124.651 560.35 1.0
-1223.523 -124.011 560.35 1.0
-1223.56 -123.441 560.35 1.0
-1227.309 -11.286 560.35 1.0
-1330.712 -11.286 560.35 1.0
-1331.696 -41.962 560.35 1.0
-1314.996 -215.077 560.35 1.0
-1276.295 -384.635 560.35 1.0
-1216.23 -547.852 560.35 1.0
-1135.786 -702.048 560.35 1.0
-1036.284 -844.691 560.35 1.0
-919.358 -973.439 560.35 1.0
-786.929 -1086.178 560.35 1.0
-641.17 -1181.057 560.35 1.0
-484.475 -1256.517 560.35 1.0
-319.416 -1311.32 560.35 1.0
-148.705 -1344.566 560.35 1.0
-11.463 -1353.378 560.35 1.0
-11.463 -1298.694 560.35 1.0
-11.463 -1253.726 560.35 1.0
-11.463 -1253.726 580.35 0.0
-11.46 -1243.827 580.35 0.0
-140.851 -1235.165 580.35 1.0
-141.456 -1235.105 580.35 1.0
-142.056 -1235.003 580.35 1.0
-304.209 -1202.044 580.35 1.0
-304.8 -1201.903 580.35 1.0
-305.382 -1201.723 580.35 1.0
-461.695 -1147.445 580.35 1.0
-462.262 -1147.227 580.35 1.0
-462.815 -1146.97 580.35 1.0
-610.498 -1072.342 580.35 1.0
-611.031 -1072.05 580.35 1.0
-611.545 -1071.723 580.35 1.0
-747.964 -978.076 580.35 1.0
-748.453 -977.715 580.35 1.0
-748.918 -977.322 580.35 1.0
-871.638 -866.329 580.35 1.0
-872.076 -865.906 580.35 1.0
-872.484 -865.454 580.35 1.0
-979.315 -739.094 580.35 1.0
-979.692 -738.617 580.35 1.0
-980.036 -738.115 580.35 1.0
-1069.072 -598.643 580.35 1.0
-1069.382 -598.12 580.35 1.0
-1069.657 -597.576 580.35 1.0
-1139.308 -447.481 580.35 1.0
-1139.545 -446.921 580.35 1.0
-1139.745 -446.346 580.35 1.0
-1188.769 -288.307 580.35 1.0
-1188.95 -287.636 580.35 1.0
-1189.051 -287.124 580.35 1.0
-1216.574 -123.96 580.35 1.0
-1216.658 -123.32 580.35 1.0
-1216.695 -122.75 580.35 1.0
-1220.421 -11.301 580.35 1.0
-1324.097 -11.301 580.35 1.0
-1325.074 -41.75 580.35 1.0
-1308.455 -214.02 580.35 1.0
-1269.944 -382.75 580.35 1.0
-1210.171 -545.17 580.35 1.0
-1130.12 -698.614 580.35 1.0
-1031.104 -840.561 580.35 1.0
-914.749 -968.68 580.35 1.0
-782.966 -1080.869 580.35 1.0
-637.919 -1175.284 580.35 1.0
-481.988 -1250.376 580.35 1.0
-317.736 -1304.912 580.35 1.0
-147.858 -1337.995 580.35 1.0
-11.46 -1346.753 580.35 1.0
-11.46 -1291.923 580.35 1.0
-11.46 -1246.827 580.35 1.0
-11.46 -1246.827 600.35 0.0
-11.456 -1236.928 600.35 0.0
-139.931 -1228.328 600.35 1.0
-140.536 -1228.267 600.35 1.0
-141.137 -1228.166 600.35 1.0
-302.386 -1195.39 600.35 1.0
-302.978 -1195.249 600.35 1.0
-303.559 -1195.069 600.35 1.0
-459.002 -1141.093 600.35 1.0
-459.569 -1140.875 600.35 1.0
-460.121 -1140.619 600.35 1.0
-606.982 -1066.406 600.35 1.0
-607.516 -1066.114 600.35 1.0
-608.029 -1065.787 600.35 1.0
-743.688 -972.662 600.35 1.0
-744.178 -972.301 600.35 1.0
-744.642 -971.908 600.35 1.0
-866.679 -861.532 600.35 1.0
-867.116 -861.11 600.35 1.0
-867.525 -860.658 600.35 1.0
-973.761 -735.002 600.35 1.0
-974.137 -734.524 600.35 1.0
-974.482 -734.023 600.35 1.0
-1063.022 -595.327 600.35 1.0
-1063.332 -594.804 600.35 1.0
-1063.606 -594.261 600.35 1.0
-1132.87 -445.002 600.35 1.0
-1133.107 -444.442 600.35 1.0
-1133.307 -443.867 600.35 1.0
-1182.058 -286.708 600.35 1.0
-1182.239 -286.036 600.35 1.0
-1182.34 -285.525 600.35 1.0
-1209.709 -123.27 600.35 1.0
-1209.794 -122.63 600.35 1.0
-1209.831 -122.06 600.35 1.0
-1213.533 -11.315 600.35 1.0
-1317.483 -11.315 600.35 1.0
-1318.452 -41.537 600.35 1.0
-1301.915 -212.962 600.35 1.0
-1263.592 -380.865 600.35 1.0
-1204.113 -542.488 600.35 1.0
-1124.455 -695.179 600.35 1.0
-1025.924 -836.43 600.35 1.0
-910.14 -963.921 600.35 1.0
-779.003 -1075.559 600.35 1.0
-634.667 -1169.511 600.35 1.0
-479.502 -1244.235 600.35 1.0
-316.055 -1298.503 600.35 1.0
-147.011 -1331.425 600.35 1.0
-11.456 -1340.128 600.35 1.0
-11.456 -1285.152 600.35 1.0
-11.456 -1239.928 600.35 1.0
-11.456 -1239.928 620.35 0.0
-11.452 -1230.029 620.35 0.0
-139.012 -1221.49 620.35 1.0
-139.616 -1221.429 620.35 1.0
-140.217 -1221.328 620.35 1.0
-300.563 -1188.736 620.35 1.0
-301.155 -1188.595 620.35 1.0
-301.736 -1188.415 620.35 1.0
-456.308 -1134.742 620.35 1.0
-456.876 -1134.523 620.35 1.0
-457.428 -1134.267 620.35 1.0
-603.466 -1060.47 620.35 1.0
-604.0 -1060.178 620.35 1.0
-604.513 -1059.851 620.35 1.0
-739.412 -967.247 620.35 1.0
-739.902 -966.887 620.35 1.0
-740.367 -966.493 620.35 1.0
-861.72 -856.736 620.35 1.0
-862.157 -856.313 620.35 1.0
-862.565 -855.862 620.35 1.0
-968.206 -730.909 620.35 1.0
-968.583 -730.432 620.35 1.0
-968.928 -729.93 620.35 1.0
-1056.972 -592.012 620.35 1.0
-1057.282 -591.488 620.35 1.0
-1057.556 -590.945 620.35 1.0
-1126.432 -442.522 620.35 1.0
-1126.669 -441.962 620.35 1.0
-1126.869 -441.387 620.35 1.0
-1175.347 -285.108 620.35 1.0
-1175.527 -284.437 620.35 1.0
-1175.629 -283.925 620.35 1.0
-1202.845 -122.579 620.35 1.0
-1202.929 -121.939 620.35 1.0
-1202.966 -121.369 620.35 1.0
-1206.645 -11.33 620.35 1.0
-1310.868 -11.33 620.35 1.0
-1311.83 -41.325 620.35 1.0
-1295.375 -211.905 620.35 1.0
-1257.241 -378.98 620.35 1.0
-1198.055 -539.807 620.35 1.0
-1118.789 -691.745 620.35 1.0
-1020.744 -832.299 620.35 1.0
-905.531 -959.161 620.35 1.0
-775.041 -1070.249 620.35 1.0
-631.416 -1163.739 620.35 1.0
-477.016 -1238.094 620.35 1.0
-314.375 -1292.095 620.35 1.0
-146.163 -1324.854 620.35 1.0
-11.452 -1333.503 620.35 1.0
-11.452 -1278.381 620.35 1.0
-11.452 -1233.029 620.35 1.0
-11.452 -1233.029 640.35 0.0
-11.448 -1223.13 640.35 0.0
-138.092 -1214.652 640.35 1.0
-138.697 -1214.592 640.35 1.0
-139.297 -1214.49 640.35 1.0
-298.741 -1182.082 640.35 1.0
-299.332 -1181.941 640.35 1.0
-299.914 -1181.761 640.35 1.0
-453.615 -1128.39 640.35 1.0
-454.182 -1128.172 640.35 1.0
-454.734 -1127.915 640.35 1.0
-599.95 -1054.534 640.35 1.0
-600.484 -1054.242 640.35 1.0
-600.997 -1053.915 640.35 1.0
-735.136 -961.833 640.35 1.0
-735.626 -961.472 640.35 1.0
-736.091 -961.079 640.35 1.0
-856.761 -851.94 640.35 1.0
-857.198 -851.517 640.35 1.0
-857.606 -851.066 640.35 1.0
-962.652 -726.817 640.35 1.0
-963.029 -726.339 640.35 1.0
-963.373 -725.838 640.35 1.0
-1050.921 -588.696 640.35 1.0
-1051.231 -588.173 640.35 1.0
-1051.506 -587.63 640.35 1.0
-1119.994 -440.042 640.35 1.0
-1120.231 -439.482 640.35 1.0
-1120.431 -438.908 640.35 1.0
-1168.636 -283.509 640.35 1.0
-1168.816 -282.837 640.35 1.0
-1168.918 -282.326 640.35 1.0
-1195.98 -121.889 640.35 1.0
-1196.065 -121.249 640.35 1.0
-1196.102 -120.679 640.35 1.0
-1199.757 -11.344 640.35 1.0
-1304.253 -11.344 640.35 1.0
-1305.208 -41.113 640.35 1.0
-1288.834 -210.847 640.35 1.0
-1250.889 -377.095 640.35 1.0
-1191.997 -537.125 640.35 1.0
-1113.123 -688.31 640.35 1.0
-1015.564 -828.168 640.35 1.0
-900.922 -954.402 640.35 1.0
-771.078 -1064.94 640.35 1.0
-628.165 -1157.966 640.35 1.0
-474.53 -1231.953 640.35 1.0
-312.694 -1285.686 640.35 1.0
-145.316 -1318.283 640.35 1.0
-11.448 -1326.878 640.35 1.0
-11.448 -1271.61 640.35 1.0
-11.448 -1226.13 640.35 1.0
-11.448 -1226.13 660.35 0.0
-1192.669 -11.359 660.35 0.0
-1297.639 -11.359 660.35 1.0
-1298.586 -40.9 660.35 1.0
-1282.294 -209.79 660.35 1.0
-1244.538 -375.21 660.35 1.0
-1185.938 -534.443 660.35 1.0
-1107.458 -684.876 660.35 1.0
-1010.384 -824.037 660.35 1.0
-896.313 -949.643 660.35 1.0
-767.116 -1059.63 660.35 1.0
-624.914 -1152.193 660.35 1.0
-472.043 -1225.812 660.35 1.0
-311.014 -1279.277 660.35 1.0
-144.469 -1311.712 660.35 1.0
-11.444 -1320.253 660.35 1.0
-11.444 -1264.732 660.35 1.0
-11.444 -1216.031 660.35 1.0
-137.146 -1207.616 660.35 1.0
-137.751 -1207.555 660.35 1.0
-138.351 -1207.454 660.35 1.0
-296.865 -1175.235 660.35 1.0
-297.456 -1175.094 660.35 1.0
-298.038 -1174.913 660.35 1.0
-450.843 -1121.854 660.35 1.0
-451.41 -1121.635 660.35 1.0
-451.963 -1121.379 660.35 1.0
-596.332 -1048.426 660.35 1.0
-596.865 -1048.133 660.35 1.0
-597.379 -1047.806 660.35 1.0
-730.736 -956.261 660.35 1.0
-731.226 -955.9 660.35 1.0
-731.691 -955.507 660.35 1.0
-851.657 -847.004 660.35 1.0
-852.094 -846.581 660.35 1.0
-852.502 -846.13 660.35 1.0
-956.936 -722.605 660.35 1.0
-957.313 -722.128 660.35 1.0
-957.657 -721.626 660.35 1.0
-1044.695 -585.284 660.35 1.0
-1045.005 -584.761 660.35 1.0
-1045.28 -584.218 660.35 1.0
-1113.368 -437.491 660.35 1.0
-1113.606 -436.931 660.35 1.0
-1113.805 -436.356 660.35 1.0
-1161.729 -281.863 660.35 1.0
-1161.91 -281.192 660.35 1.0
-1162.011 -280.68 660.35 1.0
-1188.916 -121.178 660.35 1.0
-1189.001 -120.538 660.35 1.0
-1189.038 -119.968 660.35 1.0
-1192.568 -14.357 660.35 1.0
-1192.568 -14.357 680.35 0.0
-1184.813 -11.373 680.35 0.0
-1291.024 -11.373 680.35 1.0
-1291.964 -40.688 680.35 1.0
-1275.753 -208.733 680.35 1.0
-1238.186 -373.325 680.35 1.0
-1179.88 -531.761 680.35 1.0
-1101.792 -681.441 680.35 1.0
-1005.205 -819.906 680.35 1.0
-891.704 -944.884 680.35 1.0
-763.153 -1054.321 680.35 1.0
-621.663 -1146.42 680.35 1.0
-469.557 -1219.671 680.35 1.0
-309.333 -1272.869 680.35 1.0
-143.622 -1305.141 680.35 1.0
-11.44 -1313.628 680.35 1.0
-11.44 -1257.445 680.35 1.0
-11.44 -1208.163 680.35 1.0
-136.097 -1199.818 680.35 1.0
-136.702 -1199.757 680.35 1.0
-137.302 -1199.656 680.35 1.0
-294.786 -1167.646 680.35 1.0
-295.378 -1167.505 680.35 1.0
-295.959 -1167.325 680.35 1.0
-447.771 -1114.61 680.35 1.0
-448.339 -1114.391 680.35 1.0
-448.891 -1114.135 680.35 1.0
-592.323 -1041.656 680.35 1.0
-592.856 -1041.364 680.35 1.0
-593.369 -1041.036 680.35 1.0
-725.86 -950.086 680.35 1.0
-726.35 -949.725 680.35 1.0
-726.814 -949.332 680.35 1.0
-846.001 -841.534 680.35 1.0
-846.438 -841.112 680.35 1.0
-846.847 -840.66 680.35 1.0
-950.602 -717.938 680.35 1.0
-950.979 -717.461 680.35 1.0
-951.323 -716.959 680.35 1.0
-1037.795 -581.503 680.35 1.0
-1038.105 -580.979 680.35 1.0
-1038.38 -580.436 680.35 1.0
-1106.026 -434.663 680.35 1.0
-1106.263 -434.103 680.35 1.0
-1106.463 -433.528 680.35 1.0
-1154.076 -280.039 680.35 1.0
-1154.256 -279.368 680.35 1.0
-1154.357 -278.856 680.35 1.0
-1181.087 -120.39 680.35 1.0
-1181.172 -119.75 680.35 1.0
-1181.209 -119.18 680.35 1.0
-1184.713 -14.371 680.35 1.0
-1184.713 -14.371 700.35 0.0
-1176.958 -11.388 700.35 0.0
-1284.119 -11.388 700.35 1.0
-1285.052 -40.466 700.35 1.0
-1268.926 -207.629 700.35 1.0
-1231.556 -371.357 700.35 1.0
-1173.556 -528.962 700.35 1.0
-1095.878 -677.856 700.35 1.0
-999.797 -815.594 700.35 1.0
-886.892 -939.916 700.35 1.0
-759.016 -1048.778 700.35 1.0
-618.269 -1140.394 700.35 1.0
-466.962 -1213.26 700.35 1.0
-307.579 -1266.179 700.35 1.0
-142.737 -1298.282 700.35 1.0
-11.436 -1306.712 700.35 1.0
-11.436 -1250.022 700.35 1.0
-11.436 -1200.295 700.35 1.0
-135.048 -1192.02 700.35 1.0
-135.653 -1191.959 700.35 1.0
-136.254 -1191.858 700.35 1.0
-292.708 -1160.057 700.35 1.0
-293.299 -1159.917 700.35 1.0
-293.88 -1159.736 700.35 1.0
-444.7 -1107.366 700.35 1.0
-445.267 -1107.148 700.35 1.0
-445.819 -1106.891 700.35 1.0
-588.313 -1034.886 700.35 1.0
-588.846 -1034.594 700.35 1.0
-589.359 -1034.266 700.35 1.0
-720.984 -943.911 700.35 1.0
-721.473 -943.55 700.35 1.0
-721.938 -943.157 700.35 1.0
-840.345 -836.064 700.35 1.0
-840.782 -835.642 700.35 1.0
-841.191 -835.19 700.35 1.0
-944.267 -713.271 700.35 1.0
-944.644 -712.794 700.35 1.0
-944.989 -712.292 700.35 1.0
-1030.895 -577.721 700.35 1.0
-1031.205 -577.198 700.35 1.0
-1031.48 -576.655 700.35 1.0
-1098.683 -431.835 700.35 1.0
-1098.921 -431.275 700.35 1.0
-1099.12 -430.7 700.35 1.0
-1146.422 -278.215 700.35 1.0
-1146.602 -277.544 700.35 1.0
-1146.704 -277.032 700.35 1.0
-1173.259 -119.603 700.35 1.0
-1173.343 -118.963 700.35 1.0
-1173.38 -118.393 700.35 1.0
-1176.858 -14.386 700.35 1.0
-1176.858 -14.386 720.35 0.0
-11.432 -1192.427 720.35 0.0
-134.0 -1184.222 720.35 1.0
-134.604 -1184.161 720.35 1.0
-135.205 -1184.06 720.35 1.0
-290.629 -1152.469 720.35 1.0
-291.22 -1152.328 720.35 1.0
-291.802 -1152.148 720.35 1.0
-441.628 -1100.122 720.35 1.0
-442.195 -1099.904 720.35 1.0
-442.748 -1099.647 720.35 1.0
-584.303 -1028.116 720.35 1.0
-584.836 -1027.824 720.35 1.0
-585.349 -1027.496 720.35 1.0
-716.108 -937.736 720.35 1.0
-716.597 -937.375 720.35 1.0
-717.062 -936.982 720.35 1.0
-834.69 -830.595 720.35 1.0
-835.127 -830.172 720.35 1.0
-835.535 -829.72 720.35 1.0
-937.933 -708.604 720.35 1.0
-938.31 -708.126 720.35 1.0
-938.654 -707.625 720.35 1.0
-1023.995 -573.94 720.35 1.0
-1024.305 -573.417 720.35 1.0
-1024.58 -572.874 720.35 1.0
-1091.341 -429.007 720.35 1.0
-1091.578 -428.447 720.35 1.0
-1091.778 -427.872 720.35 1.0
-1138.768 -276.391 720.35 1.0
-1138.948 -275.72 720.35 1.0
-1139.05 -275.208 720.35 1.0
-1165.43 -118.815 720.35 1.0
-1165.515 -118.175 720.35 1.0
-1165.552 -117.605 720.35 1.0
-1169.102 -11.402 720.35 1.0
-1276.22 -11.402 720.35 1.0
-1277.144 -40.213 720.35 1.0
-1261.116 -206.366 720.35 1.0
-1223.971 -369.106 720.35 1.0
-1166.321 -525.759 720.35 1.0
-1089.112 -673.754 720.35 1.0
-993.612 -810.661 720.35 1.0
-881.388 -934.232 720.35 1.0
-754.284 -1042.437 720.35 1.0
-614.386 -1133.501 720.35 1.0
-463.993 -1205.926 720.35 1.0
-305.572 -1258.526 720.35 1.0
-141.725 -1290.435 720.35 1.0
-11.432 -1298.8 720.35 1.0
-11.432 -1242.133 720.35 1.0
-11.432 -1195.427 720.35 1.0
-11.432 -1195.427 740.35 0.0
-11.428 -1184.559 740.35 0.0
-132.951 -1176.424 740.35 1.0
-133.556 -1176.363 740.35 1.0
-134.156 -1176.262 740.35 1.0
-288.55 -1144.88 740.35 1.0
-289.141 -1144.739 740.35 1.0
-289.723 -1144.559 740.35 1.0
-438.557 -1092.878 740.35 1.0
-439.124 -1092.66 740.35 1.0
-439.676 -1092.404 740.35 1.0
-580.293 -1021.347 740.35 1.0
-580.827 -1021.054 740.35 1.0
-581.34 -1020.727 740.35 1.0
-711.231 -931.561 740.35 1.0
-711.721 -931.2 740.35 1.0
-712.186 -930.807 740.35 1.0
-829.034 -825.125 740.35 1.0
-829.471 -824.702 740.35 1.0
-829.879 -824.251 740.35 1.0
-931.598 -703.936 740.35 1.0
-931.975 -703.459 740.35 1.0
-932.32 -702.957 740.35 1.0
-1017.095 -570.159 740.35 1.0
-1017.405 -569.635 740.35 1.0
-1017.68 -569.092 740.35 1.0
-1083.999 -426.179 740.35 1.0
-1084.236 -425.619 740.35 1.0
-1084.436 -425.044 740.35 1.0
-1131.114 -274.567 740.35 1.0
-1131.295 -273.896 740.35 1.0
-1131.396 -273.384 740.35 1.0
-1157.601 -118.028 740.35 1.0
-1157.686 -117.388 740.35 1.0
-1157.723 -116.818 740.35 1.0
-1161.247 -11.416 740.35 1.0
-1268.321 -11.417 740.35 1.0
-1269.236 -39.959 740.35 1.0
-1253.305 -205.103 740.35 1.0
-1216.386 -366.855 740.35 1.0
-1159.087 -522.557 740.35 1.0
-1082.347 -669.653 740.35 1.0
-987.426 -805.729 740.35 1.0
-875.884 -928.549 740.35 1.0
-749.552 -1036.097 740.35 1.0
-610.504 -1126.607 740.35 1.0
-461.024 -1198.593 740.35 1.0
-303.565 -1250.873 740.35 1.0
-140.714 -1282.588 740.35 1.0
-11.428 -1290.888 740.35 1.0
-11.428 -1234.245 740.35 1.0
-11.428 -1187.559 740.35 1.0
-11.428 -1187.559 760.35 0.0
-1153.391 -11.431 760.35 0.0
-1260.422 -11.431 760.35 1.0
-1261.329 -39.706 760.35 1.0
-1245.495 -203.841 760.35 1.0
-1208.802 -364.603 760.35 1.0
-1151.852 -519.354 760.35 1.0
-1075.581 -665.552 760.35 1.0
-981.24 -800.796 760.35 1.0
-870.38 -922.865 760.35 1.0
-744.82 -1029.756 760.35 1.0
-606.622 -1119.713 760.35 1.0
-458.055 -1191.259 760.35 1.0
-301.558 -1243.22 760.35 1.0
-139.702 -1274.741 760.35 1.0
-11.424 -1282.977 760.35 1.0
-11.425 -1226.357 760.35 1.0
-11.425 -1176.691 760.35 1.0
-131.902 -1168.626 760.35 1.0
-132.507 -1168.566 760.35 1.0
-133.108 -1168.464 760.35 1.0
-286.471 -1137.292 760.35 1.0
-287.063 -1137.151 760.35 1.0
-287.644 -1136.97 760.35 1.0
-435.485 -1085.635 760.35 1.0
-436.052 -1085.416 760.35 1.0
-436.605 -1085.16 760.35 1.0
-576.284 -1014.577 760.35 1.0
-576.817 -1014.285 760.35 1.0
-577.33 -1013.957 760.35 1.0
-706.355 -925.386 760.35 1.0
-706.844 -925.026 760.35 1.0
-707.309 -924.632 760.35 1.0
-823.378 -819.655 760.35 1.0
-823.815 -819.232 760.35 1.0
-824.223 -818.781 760.35 1.0
-925.264 -699.269 760.35 1.0
-925.641 -698.792 760.35 1.0
-925.985 -698.29 760.35 1.0
-1010.195 -566.377 760.35 1.0
-1010.505 -565.854 760.35 1.0
-1010.78 -565.311 760.35 1.0
-1076.656 -423.351 760.35 1.0
-1076.894 -422.791 760.35 1.0
-1077.093 -422.216 760.35 1.0
-1123.46 -272.743 760.35 1.0
-1123.641 -272.072 760.35 1.0
-1123.742 -271.56 760.35 1.0
-1149.773 -117.24 760.35 1.0
-1149.858 -116.6 760.35 1.0
-1149.895 -116.03 760.35 1.0
-1153.291 -14.429 760.35 1.0
-1153.291 -14.429 780.35 0.0
-1145.536 -11.445 780.35 0.0
-1252.523 -11.445 780.35 1.0
-1253.421 -39.452 780.35 1.0
-1237.684 -202.578 780.35 1.0
-1201.217 -362.352 780.35 1.0
-1144.617 -516.151 780.35 1.0
-1068.815 -661.45 780.35 1.0
-975.055 -795.863 780.35 1.0
-864.876 -917.182 780.35 1.0
-740.088 -1023.416 780.35 1.0
-602.739 -1112.82 780.35 1.0
-455.086 -1183.926 780.35 1.0
-299.551 -1235.567 780.35 1.0
-138.69 -1266.894 780.35 1.0
-11.421 -1275.065 780.35 1.0
-11.421 -1218.469 780.35 1.0
-11.421 -1168.823 780.35 1.0
-130.854 -1160.828 780.35 1.0
-131.458 -1160.768 780.35 1.0
-132.059 -1160.666 780.35 1.0
-284.393 -1129.703 780.35 1.0
-284.984 -1129.562 780.35 1.0
-285.566 -1129.382 780.35 1.0
-432.413 -1078.391 780.35 1.0
-432.981 -1078.172 780.35 1.0
-433.533 -1077.916 780.35 1.0
-572.274 -1007.807 780.35 1.0
-572.807 -1007.515 780.35 1.0
-573.32 -1007.187 780.35 1.0
-701.479 -919.211 780.35 1.0
-701.968 -918.851 780.35 1.0
-702.433 -918.458 780.35 1.0
-817.722 -814.185 780.35 1.0
-818.159 -813.762 780.35 1.0
-818.568 -813.311 780.35 1.0
-918.93 -694.602 780.35 1.0
-919.307 -694.125 780.35 1.0
-919.651 -693.623 780.35 1.0
-1003.295 -562.596 780.35 1.0
-1003.605 -562.073 780.35 1.0
-1003.88 -561.53 780.35 1.0
-1069.314 -420.524 780.35 1.0
-1069.551 -419.963 780.35 1.0
-1069.751 -419.389 780.35 1.0
-1115.807 -270.919 780.35 1.0
-1115.987 -270.248 780.35 1.0
-1116.088 -269.736 780.35 1.0
-1141.944 -116.453 780.35 1.0
-1142.029 -115.813 780.35 1.0
-1142.066 -115.243 780.35 1.0
-1145.436 -14.444 780.35 1.0
-1145.436 -14.444 800.35 0.0
-11.417 -1160.193 800.35 0.0
-129.703 -1152.275 800.35 1.0
-130.308 -1152.214 800.35 1.0
-130.908 -1152.113 800.35 1.0
-282.112 -1121.379 800.35 1.0
-282.704 -1121.238 800.35 1.0
-283.285 -1121.058 800.35 1.0
-429.044 -1070.445 800.35 1.0
-429.611 -1070.226 800.35 1.0
-430.164 -1069.97 800.35 1.0
-567.876 -1000.381 800.35 1.0
-568.409 -1000.089 800.35 1.0
-568.922 -999.761 800.35 1.0
-696.13 -912.438 800.35 1.0
-696.619 -912.077 800.35 1.0
-697.084 -911.684 800.35 1.0
-811.518 -808.185 800.35 1.0
-811.955 -807.762 800.35 1.0
-812.364 -807.311 800.35 1.0
-911.981 -689.482 800.35 1.0
-912.358 -689.005 800.35 1.0
-912.703 -688.503 800.35 1.0
-995.727 -558.448 800.35 1.0
-996.037 -557.925 800.35 1.0
-996.311 -557.382 800.35 1.0
-1061.26 -417.422 800.35 1.0
-1061.497 -416.862 800.35 1.0
-1061.697 -416.287 800.35 1.0
-1107.411 -268.918 800.35 1.0
-1107.591 -268.247 800.35 1.0
-1107.693 -267.735 800.35 1.0
-1133.357 -115.589 800.35 1.0
-1133.442 -114.949 800.35 1.0
-1133.478 -114.379 800.35 1.0
-1136.919 -11.46 800.35 1.0
-1244.624 -11.46 800.35 1.0
-1245.513 -39.199 800.35 1.0
-1229.874 -201.315 800.35 1.0
-1193.632 -360.101 800.35 1.0
-1137.383 -512.949 800.35 1.0
-1062.05 -657.349 800.35 1.0
-968.869 -790.93 800.35 1.0
-859.372 -911.498 800.35 1.0
-735.356 -1017.075 800.35 1.0
-598.857 -1105.926 800.35 1.0
-452.117 -1176.592 800.35 1.0
-297.544 -1227.914 800.35 1.0
-137.678 -1259.048 800.35 1.0
-11.417 -1267.154 800.35 1.0
-11.417 -1210.174 800.35 1.0
-11.417 -1163.193 800.35 1.0
-11.417 -1163.193 820.35 0.0
-11.413 -1151.304 820.35 0.0
-128.518 -1143.464 820.35 1.0
-129.123 -1143.404 820.35 1.0
-129.724 -1143.302 820.35 1.0
-279.764 -1112.805 820.35 1.0
-280.355 -1112.664 820.35 1.0
-280.937 -1112.484 820.35 1.0
-425.573 -1062.261 820.35 1.0
-426.141 -1062.042 820.35 1.0
-426.693 -1061.786 820.35 1.0
-563.345 -992.732 820.35 1.0
-563.878 -992.44 820.35 1.0
-564.392 -992.113 820.35 1.0
-690.62 -905.461 820.35 1.0
-691.11 -905.101 820.35 1.0
-691.575 -904.708 820.35 1.0
-805.128 -802.005 820.35 1.0
-805.565 -801.582 820.35 1.0
-805.974 -801.131 820.35 1.0
-904.825 -684.209 820.35 1.0
-905.201 -683.732 820.35 1.0
-905.546 -683.23 820.35 1.0
-987.931 -554.176 820.35 1.0
-988.241 -553.653 820.35 1.0
-988.515 -553.11 820.35 1.0
-1052.964 -414.227 820.35 1.0
-1053.202 -413.667 820.35 1.0
-1053.401 -413.092 820.35 1.0
-1098.763 -266.857 820.35 1.0
-1098.944 -266.186 820.35 1.0
-1099.045 -265.674 820.35 1.0
-1124.512 -114.699 820.35 1.0
-1124.597 -114.059 820.35 1.0
-1124.634 -113.489 820.35 1.0
-1128.044 -11.474 820.35 1.0
-1236.725 -11.474 820.35 1.0
-1237.606 -38.945 820.35 1.0
-1222.064 -200.053 820.35 1.0
-1186.047 -357.85 820.35 1.0
-1130.148 -509.746 820.35 1.0
-1055.284 -653.247 820.35 1.0
-962.683 -785.997 820.35 1.0
-853.868 -905.815 820.35 1.0
-730.624 -1010.734 820.35 1.0
-594.974 -1099.032 820.35 1.0
-449.147 -1169.259 820.35 1.0
-295.538 -1220.261 820.35 1.0
-136.667 -1251.201 820.35 1.0
-11.413 -1259.242 820.35 1.0
-11.413 -1201.742 820.35 1.0
-11.413 -1154.304 820.35 1.0
-11.413 -1154.304 840.35 0.0
-11.409 -1142.414 840.35 0.0
-127.333 -1134.654 840.35 1.0
-127.993 -1134.586 840.35 1.0
-128.539 -1134.492 840.35 1.0
-277.523 -1104.209 840.35 1.0
-278.06 -1104.076 840.35 1.0
-278.588 -1103.91 840.35 1.0
-422.103 -1054.076 840.35 1.0
-422.721 -1053.836 840.35 1.0
-423.223 -1053.602 840.35 1.0
-558.815 -985.084 840.35 1.0
-559.348 -984.792 840.35 1.0
-559.861 -984.464 840.35 1.0
-685.111 -898.485 840.35 1.0
-685.601 -898.124 840.35 1.0
-686.066 -897.731 840.35 1.0
-798.738 -795.825 840.35 1.0
-799.175 -795.402 840.35 1.0
-799.584 -794.951 840.35 1.0
-897.668 -678.936 840.35 1.0
-898.045 -678.459 840.35 1.0
-898.389 -677.957 840.35 1.0
-980.135 -549.904 840.35 1.0
-980.445 -549.381 840.35 1.0
-980.72 -548.837 840.35 1.0
-1044.668 -411.032 840.35 1.0
-1044.906 -410.472 840.35 1.0
-1045.106 -409.897 840.35 1.0
-1090.116 -264.797 840.35 1.0
-1090.296 -264.125 840.35 1.0
-1090.398 -263.614 840.35 1.0
-1115.667 -113.809 840.35 1.0
-1115.752 -113.169 840.35 1.0
-1115.789 -112.599 840.35 1.0
-1119.169 -11.489 840.35 1.0
-1228.825 -11.489 840.35 1.0
-1229.698 -38.691 840.35 1.0
-1214.253 -198.79 840.35 1.0
-1178.463 -355.599 840.35 1.0
-1122.913 -506.544 840.35 1.0
-1048.518 -649.146 840.35 1.0
-956.498 -781.064 840.35 1.0
-848.364 -900.132 840.35 1.0
-725.891 -1004.394 840.35 1.0
-591.092 -1092.139 840.35 1.0
-446.178 -1161.925 840.35 1.0
-293.531 -1212.608 840.35 1.0
-135.655 -1243.354 840.35 1.0
-11.409 -1251.331 840.35 1.0
-11.409 -1193.309 840.35 1.0
-11.409 -1145.414 840.35 1.0
-11.409 -1145.414 860.35 0.0
-11.405 -1133.525 860.35 0.0
-126.149 -1125.844 860.35 1.0
-126.808 -1125.775 860.35 1.0
-127.354 -1125.682 860.35 1.0
-275.067 -1095.658 860.35 1.0
-275.711 -1095.502 860.35 1.0
-276.24 -1095.336 860.35 1.0
-418.633 -1045.892 860.35 1.0
-419.251 -1045.652 860.35 1.0
-419.752 -1045.417 860.35 1.0
-554.285 -977.435 860.35 1.0
-554.818 -977.143 860.35 1.0
-555.331 -976.815 860.35 1.0
-679.602 -891.508 860.35 1.0
-680.091 -891.148 860.35 1.0
-680.556 -890.755 860.35 1.0
-792.348 -789.645 860.35 1.0
-792.785 -789.222 860.35 1.0
-793.193 -788.771 860.35 1.0
-890.511 -673.663 860.35 1.0
-890.888 -673.186 860.35 1.0
-891.232 -672.684 860.35 1.0
-972.339 -545.632 860.35 1.0
-972.649 -545.109 860.35 1.0
-972.924 -544.565 860.35 1.0
-1036.373 -407.837 860.35 1.0
-1036.61 -407.277 860.35 1.0
-1036.81 -406.702 860.35 1.0
-1081.468 -262.736 860.35 1.0
-1081.649 -262.064 860.35 1.0
-1081.75 -261.553 860.35 1.0
-1106.822 -112.919 860.35 1.0
-1106.907 -112.279 860.35 1.0
-1106.944 -111.709 860.35 1.0
-1110.294 -11.503 860.35 1.0
-1219.883 -11.503 860.35 1.0
-1220.746 -38.404 860.35 1.0
-1205.412 -197.36 860.35 1.0
-1169.876 -353.051 860.35 1.0
-1114.724 -502.918 860.35 1.0
-1040.859 -644.503 860.35 1.0
-949.495 -775.48 860.35 1.0
-842.133 -893.698 860.35 1.0
-720.534 -997.216 860.35 1.0
-586.697 -1084.335 860.35 1.0
-442.817 -1153.623 860.35 1.0
-291.259 -1203.944 860.35 1.0
-134.51 -1234.471 860.35 1.0
-11.405 -1242.375 860.35 1.0
-11.405 -1184.389 860.35 1.0
-11.405 -1136.525 860.35 1.0
-11.401 -1124.636 880.35 0.0
-124.964 -1117.034 880.35 1.0
-125.623 -1116.965 880.35 1.0
-126.169 -1116.871 880.35 1.0
-272.718 -1087.084 880.35 1.0
-273.363 -1086.928 880.35 1.0
-273.891 -1086.763 880.35 1.0
-415.162 -1037.708 880.35 1.0
-415.73 -1037.49 880.35 1.0
-416.282 -1037.233 880.35 1.0
-549.754 -969.787 880.35 1.0
-550.288 -969.494 880.35 1.0
-550.801 -969.167 880.35 1.0
-674.093 -884.532 880.35 1.0
-674.582 -884.171 880.35 1.0
-675.047 -883.778 880.35 1.0
-785.958 -783.465 880.35 1.0
-786.395 -783.042 880.35 1.0
-786.803 -782.591 880.35 1.0
-883.354 -668.39 880.35 1.0
-883.731 -667.913 880.35 1.0
-884.076 -667.411 880.35 1.0
-964.544 -541.36 880.35 1.0
-964.854 -540.836 880.35 1.0
-965.128 -540.293 880.35 1.0
-1028.077 -404.642 880.35 1.0
-1028.315 -404.082 880.35 1.0
-1028.514 -403.507 880.35 1.0
-1072.821 -260.675 880.35 1.0
-1073.002 -260.004 880.35 1.0
-1073.103 -259.492 880.35 1.0
-1097.977 -112.029 880.35 1.0
-1098.062 -111.389 880.35 1.0
-1098.099 -110.819 880.35 1.0
-1101.419 -11.518 880.35 1.0
-1210.611 -11.518 880.35 1.0
-1211.464 -38.107 880.35 1.0
-1196.244 -195.878 880.35 1.0
-1160.973 -350.408 880.35 1.0
-1106.231 -499.159 880.35 1.0
-1032.917 -639.689 880.35 1.0
-942.234 -769.689 880.35 1.0
-835.672 -887.026 880.35 1.0
-714.98 -989.773 880.35 1.0
-582.139 -1076.243 880.35 1.0
-439.332 -1145.015 880.35 1.0
-288.903 -1194.961 880.35 1.0
-133.322 -1225.26 880.35 1.0
-11.401 -1233.088 880.35 1.0
-11.401 -1175.314 880.35 1.0
-11.401 -1127.636 880.35 1.0
-11.401 -1127.636 900.35 0.0
-11.397 -1115.746 900.35 0.0
-123.779 -1108.223 900.35 1.0
-124.438 -1108.155 900.35 1.0
-124.984 -1108.061 900.35 1.0
-270.37 -1078.51 900.35 1.0
-270.961 -1078.369 900.35 1.0
-271.542 -1078.189 900.35 1.0
-411.692 -1029.524 900.35 1.0
-412.259 -1029.305 900.35 1.0
-412.812 -1029.049 900.35 1.0
-545.224 -962.138 900.35 1.0
-545.757 -961.846 900.35 1.0
-546.27 -961.518 900.35 1.0
-668.583 -877.555 900.35 1.0
-669.073 -877.195 900.35 1.0
-669.538 -876.801 900.35 1.0
-779.568 -777.285 900.35 1.0
-780.005 -776.862 900.35 1.0
-780.413 -776.411 900.35 1.0
-876.198 -663.117 900.35 1.0
-876.574 -662.639 900.35 1.0
-876.919 -662.138 900.35 1.0
-956.748 -537.087 900.35 1.0
-957.058 -536.564 900.35 1.0
-957.332 -536.021 900.35 1.0
-1019.782 -401.447 900.35 1.0
-1020.019 -400.887 900.35 1.0
-1020.219 -400.312 900.35 1.0
-1064.174 -258.614 900.35 1.0
-1064.354 -257.943 900.35 1.0
-1064.456 -257.431 900.35 1.0
-1089.132 -111.14 900.35 1.0
-1089.217 -110.5 900.35 1.0
-1089.254 -109.93 900.35 1.0
-1092.543 -11.532 900.35 1.0
-1201.339 -11.532 900.35 1.0
-1202.181 -37.809 900.35 1.0
-1187.076 -194.396 900.35 1.0
-1152.07 -347.766 900.35 1.0
-1097.739 -495.4 900.35 1.0
-1024.976 -634.874 900.35 1.0
-934.973 -763.899 900.35 1.0
-829.211 -880.355 900.35 1.0
-709.425 -982.33 900.35 1.0
-577.582 -1068.151 900.35 1.0
-435.847 -1136.407 900.35 1.0
-286.547 -1185.977 900.35 1.0
-132.134 -1216.049 900.35 1.0
-11.397 -1223.801 900.35 1.0
-11.397 -1166.239 900.35 1.0
-11.397 -1118.746 900.35 1.0
-11.397 -1118.746 920.35 0.0
-11.393 -1106.276 920.35 0.0
-122.517 -1098.837 920.35 1.0
-123.176 -1098.769 920.35 1.0
-123.722 -1098.675 920.35 1.0
-267.867 -1069.376 920.35 1.0
-268.459 -1069.235 920.35 1.0
-269.04 -1069.055 920.35 1.0
-407.995 -1020.805 920.35 1.0
-408.562 -1020.586 920.35 1.0
-409.114 -1020.33 920.35 1.0
-540.398 -953.989 920.35 1.0
-540.931 -953.697 920.35 1.0
-541.444 -953.37 920.35 1.0
-662.714 -870.123 920.35 1.0
-663.203 -869.762 920.35 1.0
-663.668 -869.369 920.35 1.0
-772.76 -770.701 920.35 1.0
-773.197 -770.278 920.35 1.0
-773.606 -769.827 920.35 1.0
-868.573 -657.499 920.35 1.0
-868.95 -657.022 920.35 1.0
-869.294 -656.52 920.35 1.0
-948.443 -532.536 920.35 1.0
-948.753 -532.013 920.35 1.0
-949.027 -531.47 920.35 1.0
-1010.944 -398.043 920.35 1.0
-1011.181 -397.483 920.35 1.0
-1011.381 -396.908 920.35 1.0
-1054.961 -256.419 920.35 1.0
-1055.141 -255.747 920.35 1.0
-1055.243 -255.236 920.35 1.0
-1079.709 -110.192 920.35 1.0
-1079.794 -109.552 920.35 1.0
-1079.831 -108.982 920.35 1.0
-1083.088 -11.547 920.35 1.0
-1192.066 -11.547 920.35 1.0
-1192.899 -37.511 920.35 1.0
-1177.908 -192.914 920.35 1.0
-1143.167 -345.123 920.35 1.0
-1089.247 -491.641 920.35 1.0
-1017.034 -630.06 920.35 1.0
-927.713 -758.109 920.35 1.0
-822.75 -873.684 920.35 1.0
-703.87 -974.888 920.35 1.0
-573.025 -1060.059 920.35 1.0
-432.362 -1127.798 920.35 1.0
-284.192 -1176.994 920.35 1.0
-130.947 -1206.839 920.35 1.0
-11.393 -1214.514 920.35 1.0
-11.393 -1156.854 920.35 1.0
-11.393 -1109.276 920.35 1.0
-11.393 -1109.276 940.35 0.0
-11.389 -1096.27 940.35 0.0
-121.183 -1088.92 940.35 1.0
-121.842 -1088.852 940.35 1.0
-122.388 -1088.758 940.35 1.0
-265.224 -1059.725 940.35 1.0
-265.868 -1059.57 940.35 1.0
-266.397 -1059.404 940.35 1.0
-404.088 -1011.592 940.35 1.0
-404.707 -1011.352 940.35 1.0
-405.208 -1011.118 940.35 1.0
-535.298 -945.38 940.35 1.0
-535.879 -945.059 940.35 1.0
-536.345 -944.76 940.35 1.0
-656.512 -862.27 940.35 1.0
-657.002 -861.909 940.35 1.0
-657.467 -861.516 940.35 1.0
-765.567 -763.745 940.35 1.0
-766.005 -763.322 940.35 1.0
-766.413 -762.871 940.35 1.0
-860.517 -651.563 940.35 1.0
-860.894 -651.086 940.35 1.0
-861.239 -650.584 940.35 1.0
-939.668 -527.727 940.35 1.0
-939.978 -527.204 940.35 1.0
-940.252 -526.661 940.35 1.0
-1001.606 -394.446 940.35 1.0
-1001.844 -393.886 940.35 1.0
-1002.043 -393.312 940.35 1.0
-1045.227 -254.099 940.35 1.0
-1045.408 -253.428 940.35 1.0
-1045.509 -252.916 940.35 1.0
-1069.753 -109.19 940.35 1.0
-1069.838 -108.55 940.35 1.0
-1069.875 -107.98 940.35 1.0
-1073.098 -11.561 940.35 1.0
-1182.794 -11.561 940.35 1.0
-1183.617 -37.214 940.35 1.0
-1168.74 -191.432 940.35 1.0
-1134.264 -342.481 940.35 1.0
-1080.755 -487.881 940.35 1.0
-1009.092 -625.246 940.35 1.0
-920.452 -752.318 940.35 1.0
-816.289 -867.012 940.35 1.0
-698.316 -967.445 940.35 1.0
-568.467 -1051.967 940.35 1.0
-428.877 -1119.19 940.35 1.0
-281.836 -1168.011 940.35 1.0
-129.759 -1197.628 940.35 1.0
-11.389 -1205.227 940.35 1.0
-11.389 -1147.184 940.35 1.0
-11.389 -1099.27 940.35 1.0
-11.389 -1099.27 960.35 0.0
-11.386 -1086.264 960.35 0.0
-119.849 -1079.003 960.35 1.0
-120.509 -1078.935 960.35 1.0
-121.054 -1078.841 960.35 1.0
-262.58 -1050.075 960.35 1.0
-263.225 -1049.919 960.35 1.0
-263.753 -1049.753 960.35 1.0
-400.182 -1002.38 960.35 1.0
-400.8 -1002.14 960.35 1.0
-401.302 -1001.905 960.35 1.0
-530.199 -936.771 960.35 1.0
-530.78 -936.45 960.35 1.0
-531.245 -936.151 960.35 1.0
-650.311 -854.417 960.35 1.0
-650.844 -854.022 960.35 1.0
-651.266 -853.663 960.35 1.0
-758.456 -756.714 960.35 1.0
-758.85 -756.326 960.35 1.0
-759.22 -755.914 960.35 1.0
-852.461 -645.628 960.35 1.0
-852.871 -645.106 960.35 1.0
-853.183 -644.649 960.35 1.0
-930.893 -522.918 960.35 1.0
-931.203 -522.395 960.35 1.0
-931.477 -521.852 960.35 1.0
-992.269 -390.85 960.35 1.0
-992.506 -390.29 960.35 1.0
-992.706 -389.715 960.35 1.0
-1035.494 -251.78 960.35 1.0
-1035.674 -251.108 960.35 1.0
-1035.776 -250.597 960.35 1.0
-1059.797 -108.188 960.35 1.0
-1059.882 -107.548 960.35 1.0
-1059.919 -106.978 960.35 1.0
-1063.108 -11.575 960.35 1.0
-1173.522 -11.575 960.35 1.0
-1174.334 -36.916 960.35 1.0
-1159.571 -189.949 960.35 1.0
-1125.36 -339.838 960.35 1.0
-1072.263 -484.122 960.35 1.0
-1001.15 -620.431 960.35 1.0
-913.191 -746.528 960.35 1.0
-809.829 -860.341 960.35 1.0
-692.761 -960.002 960.35 1.0
-563.91 -1043.875 960.35 1.0
-425.392 -1110.582 960.35 1.0
-279.48 -1159.027 960.35 1.0
-128.572 -1188.417 960.35 1.0
-11.386 -1195.941 960.35 1.0
-11.386 -1137.514 960.35 1.0
-11.386 -1089.264 960.35 1.0
-11.386 -1089.264 980.35 0.0
-11.382 -1076.258 980.35 0.0
-118.515 -1069.086 980.35 1.0
-119.175 -1069.018 980.35 1.0
-119.721 -1068.924 980.35 1.0
-259.937 -1040.424 980.35 1.0
-260.581 -1040.268 980.35 1.0
-261.11 -1040.103 980.35 1.0
-396.276 -993.168 980.35 1.0
-396.894 -992.928 980.35 1.0
-397.395 -992.693 980.35 1.0
-525.1 -928.161 980.35 1.0
-525.68 -927.841 980.35 1.0
-526.146 -927.541 980.35 1.0
-644.11 -846.564 980.35 1.0
-644.643 -846.169 980.35 1.0
-645.064 -845.81 980.35 1.0
-751.263 -749.758 980.35 1.0
-751.657 -749.37 980.35 1.0
-752.027 -748.958 980.35 1.0
-844.406 -639.692 980.35 1.0
-844.815 -639.17 980.35 1.0
-845.127 -638.713 980.35 1.0
-922.118 -518.11 980.35 1.0
-922.454 -517.538 980.35 1.0
-922.702 -517.043 980.35 1.0
-982.931 -387.254 980.35 1.0
-983.188 -386.642 980.35 1.0
-983.368 -386.119 980.35 1.0
-1025.76 -249.46 980.35 1.0
-1025.94 -248.788 980.35 1.0
-1026.042 -248.277 980.35 1.0
-1049.841 -107.187 980.35 1.0
-1049.927 -106.529 980.35 1.0
-1049.963 -105.977 980.35 1.0
-1053.118 -11.59 980.35 1.0
-1164.25 -11.59 980.35 1.0
-1165.052 -36.618 980.35 1.0
-1150.403 -188.467 980.35 1.0
-1116.457 -337.196 980.35 1.0
-1063.77 -480.363 980.35 1.0
-993.208 -615.617 980.35 1.0
-905.93 -740.737 980.35 1.0
-803.368 -853.67 980.35 1.0
-687.206 -952.559 980.35 1.0
-559.353 -1035.783 980.35 1.0
-421.907 -1101.973 980.35 1.0
-277.125 -1150.044 980.35 1.0
-127.384 -1179.206 980.35 1.0
-11.382 -1186.654 980.35 1.0
-11.382 -1127.844 980.35 1.0
-11.382 -1079.258 980.35 1.0
-11.382 -1079.258 1000.35 0.0
-1043.128 -11.604 1000.35 0.0
-1154.977 -11.604 1000.35 1.0
-1155.77 -36.321 1000.35 1.0
-1141.235 -186.985 1000.35 1.0
-1107.554 -334.554 1000.35 1.0
-1055.278 -476.604 1000.35 1.0
-985.267 -610.803 1000.35 1.0
-898.669 -734.947 1000.35 1.0
-796.907 -846.998 1000.35 1.0
-681.652 -945.116 1000.35 1.0
-554.796 -1027.691 1000.35 1.0
-418.421 -1093.365 1000.35 1.0
-274.769 -1141.061 1000.35 1.0
-126.196 -1169.995 1000.35 1.0
-11.378 -1177.367 1000.35 1.0
-11.378 -1118.174 1000.35 1.0
-11.378 -1066.252 1000.35 1.0
-117.182 -1059.169 1000.35 1.0
-117.841 -1059.101 1000.35 1.0
-118.387 -1059.007 1000.35 1.0
-257.293 -1030.773 1000.35 1.0
-257.938 -1030.618 1000.35 1.0
-258.466 -1030.452 1000.35 1.0
-392.369 -983.956 1000.35 1.0
-392.988 -983.715 1000.35 1.0
-393.489 -983.481 1000.35 1.0
-520.0 -919.552 1000.35 1.0
-520.581 -919.231 1000.35 1.0
-521.047 -918.932 1000.35 1.0
-637.908 -838.711 1000.35 1.0
-638.441 -838.316 1000.35 1.0
-638.863 -837.957 1000.35 1.0
-744.071 -742.801 1000.35 1.0
-744.465 -742.413 1000.35 1.0
-744.835 -742.002 1000.35 1.0
-836.35 -633.757 1000.35 1.0
-836.76 -633.235 1000.35 1.0
-837.071 -632.778 1000.35 1.0
-913.343 -513.301 1000.35 1.0
-913.679 -512.729 1000.35 1.0
-913.927 -512.234 1000.35 1.0
-973.593 -383.657 1000.35 1.0
-973.85 -383.046 1000.35 1.0
-974.03 -382.523 1000.35 1.0
-1016.026 -247.14 1000.35 1.0
-1016.207 -246.469 1000.35 1.0
-1016.308 -245.957 1000.35 1.0
-1039.885 -106.185 1000.35 1.0
-1039.971 -105.527 1000.35 1.0
-1040.007 -104.975 1000.35 1.0
-1043.028 -14.603 1000.35 1.0
