-0.476 -1051.142 0.35 0.0
-115.695 -1043.426 0.35 1.0
-253.685 -1015.379 0.35 1.0
-386.777 -969.165 0.35 1.0
-512.486 -905.638 0.35 1.0
-628.577 -825.947 0.35 1.0
-733.04 -731.469 0.35 1.0
-824.0 -623.881 0.35 1.0
-899.787 -505.159 0.35 1.0
-959.059 -377.431 0.35 1.0
-1000.801 -242.869 0.35 1.0
-1024.222 -104.019 0.35 1.0
-1027.679 -0.711 0.35 1.0
-1160.978 -0.711 0.35 1.0
-1162.127 -36.524 0.35 1.0
-1147.514 -188.0 0.35 1.0
-1113.651 -336.363 0.35 1.0
-1061.094 -479.178 0.35 1.0
-990.705 -614.1 0.35 1.0
-903.641 -738.913 0.35 1.0
-801.331 -851.567 0.35 1.0
-685.456 -950.214 0.35 1.0
-557.917 -1033.232 0.35 1.0
-420.808 -1099.26 0.35 1.0
-276.382 -1147.213 0.35 1.0
-127.01 -1176.303 0.35 1.0
-0.476 -1184.427 0.35 1.0
-0.476 -1113.424 0.35 1.0
-0.476 -1054.142 0.35 1.0
-0.476 -1054.142 20.35 0.0
-1033.138 -11.619 20.35 0.0
-1145.705 -11.619 20.35 1.0
-1146.487 -36.023 20.35 1.0
-1132.067 -185.503 20.35 1.0
-1098.651 -331.911 20.35 1.0
-1046.786 -472.844 20.35 1.0
-977.325 -605.988 20.35 1.0
-891.408 -729.157 20.35 1.0
-790.446 -840.327 20.35 1.0
-676.097 -937.674 20.35 1.0
-550.238 -1019.599 20.35 1.0
-414.936 -1084.757 20.35 1.0
-272.413 -1132.078 20.35 1.0
-125.009 -1160.784 20.35 1.0
-11.374 -1168.08 20.35 1.0
-11.374 -1108.504 20.35 1.0
-11.374 -1056.246 20.35 1.0
-115.848 -1049.252 20.35 1.0
-116.507 -1049.184 20.35 1.0
-117.053 -1049.09 20.35 1.0
-254.649 -1021.123 20.35 1.0
-255.294 -1020.967 20.35 1.0
-255.822 -1020.801 20.35 1.0
-388.463 -974.743 20.35 1.0
-389.081 -974.503 20.35 1.0
-389.583 -974.269 20.35 1.0
-514.999 -910.892 20.35 1.0
-515.482 -910.622 20.35 1.0
-515.947 -910.323 20.35 1.0
-631.707 -830.858 20.35 1.0
-632.24 -830.463 20.35 1.0
-632.661 -830.105 20.35 1.0
-736.878 -735.845 20.35 1.0
-737.272 -735.457 20.35 1.0
-737.642 -735.046 20.35 1.0
-828.294 -627.821 20.35 1.0
-828.704 -627.299 20.35 1.0
-829.016 -626.842 20.35 1.0
-904.568 -508.492 20.35 1.0
-904.904 -507.92 20.35 1.0
-905.152 -507.426 20.35 1.0
-964.256 -380.061 20.35 1.0
-964.513 -379.449 20.35 1.0
-964.693 -378.926 20.35 1.0
-1006.293 -244.821 20.35 1.0
-1006.473 -244.149 20.35 1.0
-1006.575 -243.638 20.35 1.0
-1029.929 -105.184 20.35 1.0
-1030.015 -104.526 20.35 1.0
-1030.051 -103.974 20.35 1.0
-1033.038 -14.617 20.35 1.0
-1033.038 -14.617 40.35 0.0
-1022.428 -11.633 40.35 0.0
-1136.413 -11.633 40.35 1.0
-1137.186 -35.725 40.35 1.0
-1122.88 -184.017 40.35 1.0
-1089.729 -329.263 40.35 1.0
-1038.276 -469.077 40.35 1.0
-969.366 -601.164 40.35 1.0
-884.132 -723.354 40.35 1.0
-783.972 -833.641 40.35 1.0
-670.53 -930.215 40.35 1.0
-545.671 -1011.49 40.35 1.0
-411.444 -1076.13 40.35 1.0
-270.052 -1123.075 40.35 1.0
-123.819 -1151.554 40.35 1.0
-11.37 -1158.774 40.35 1.0
-11.37 -1098.441 40.35 1.0
-11.37 -1045.518 40.35 1.0
-114.418 -1038.62 40.35 1.0
-115.078 -1038.552 40.35 1.0
-115.623 -1038.458 40.35 1.0
-251.815 -1010.776 40.35 1.0
-252.46 -1010.62 40.35 1.0
-252.988 -1010.454 40.35 1.0
-384.275 -964.867 40.35 1.0
-384.893 -964.626 40.35 1.0
-385.395 -964.392 40.35 1.0
-509.532 -901.661 40.35 1.0
-510.014 -901.391 40.35 1.0
-510.48 -901.092 40.35 1.0
-625.058 -822.439 40.35 1.0
-625.591 -822.044 40.35 1.0
-626.013 -821.685 40.35 1.0
-729.166 -728.387 40.35 1.0
-729.56 -727.999 40.35 1.0
-729.93 -727.587 40.35 1.0
-819.657 -621.458 40.35 1.0
-820.067 -620.936 40.35 1.0
-820.379 -620.479 40.35 1.0
-895.16 -503.336 40.35 1.0
-895.496 -502.764 40.35 1.0
-895.744 -502.27 40.35 1.0
-954.244 -376.205 40.35 1.0
-954.502 -375.594 40.35 1.0
-954.681 -375.071 40.35 1.0
-995.857 -242.334 40.35 1.0
-996.037 -241.662 40.35 1.0
-996.139 -241.151 40.35 1.0
-1019.255 -104.11 40.35 1.0
-1019.341 -103.452 40.35 1.0
-1019.376 -102.9 40.35 1.0
-1022.327 -14.632 40.35 1.0
-1022.327 -14.632 60.35 0.0
-1011.199 -11.648 60.35 0.0
-1125.336 -11.648 60.35 1.0
-1126.097 -35.369 60.35 1.0
-1111.927 -182.247 60.35 1.0
-1079.093 -326.106 60.35 1.0
-1028.131 -464.586 60.35 1.0
-959.879 -595.412 60.35 1.0
-875.457 -716.437 60.35 1.0
-776.253 -825.672 60.35 1.0
-663.895 -921.324 60.35 1.0
-540.227 -1001.823 60.35 1.0
-407.28 -1065.846 60.35 1.0
-267.238 -1112.343 60.35 1.0
-122.4 -1140.551 60.35 1.0
-11.366 -1147.679 60.35 1.0
-11.366 -1087.265 60.35 1.0
-11.366 -1034.271 60.35 1.0
-112.919 -1027.473 60.35 1.0
-113.578 -1027.404 60.35 1.0
-114.124 -1027.311 60.35 1.0
-248.843 -999.928 60.35 1.0
-249.488 -999.772 60.35 1.0
-250.016 -999.607 60.35 1.0
-379.884 -954.512 60.35 1.0
-380.502 -954.271 60.35 1.0
-381.004 -954.037 60.35 1.0
-503.8 -891.984 60.35 1.0
-504.282 -891.714 60.35 1.0
-504.748 -891.415 60.35 1.0
-618.088 -813.612 60.35 1.0
-618.62 -813.217 60.35 1.0
-619.042 -812.858 60.35 1.0
-721.081 -720.568 60.35 1.0
-721.475 -720.18 60.35 1.0
-721.845 -719.768 60.35 1.0
-810.602 -614.786 60.35 1.0
-811.012 -614.264 60.35 1.0
-811.324 -613.807 60.35 1.0
-885.296 -497.931 60.35 1.0
-885.633 -497.359 60.35 1.0
-885.881 -496.865 60.35 1.0
-943.748 -372.163 60.35 1.0
-944.006 -371.551 60.35 1.0
-944.185 -371.028 60.35 1.0
-984.916 -239.726 60.35 1.0
-985.096 -239.055 60.35 1.0
-985.198 -238.543 60.35 1.0
-1008.064 -102.984 60.35 1.0
-1008.15 -102.326 60.35 1.0
-1008.185 -101.774 60.35 1.0
-1011.098 -14.646 60.35 1.0
-1011.098 -14.646 80.35 0.0
-999.969 -11.662 80.35 0.0
-1114.259 -11.662 80.35 1.0
-1115.008 -35.013 80.35 1.0
-1100.975 -180.476 80.35 1.0
-1068.456 -322.95 80.35 1.0
-1017.985 -460.095 80.35 1.0
-950.391 -589.661 80.35 1.0
-866.783 -709.519 80.35 1.0
-768.535 -817.702 80.35 1.0
-657.259 -912.432 80.35 1.0
-534.782 -992.156 80.35 1.0
-403.117 -1055.562 80.35 1.0
-264.424 -1101.611 80.35 1.0
-120.981 -1129.547 80.35 1.0
-11.362 -1136.585 80.35 1.0
-11.362 -1076.089 80.35 1.0
-11.362 -1023.024 80.35 1.0
-111.42 -1016.326 80.35 1.0
-112.079 -1016.257 80.35 1.0
-112.625 -1016.164 80.35 1.0
-245.872 -989.08 80.35 1.0
-246.517 -988.924 80.35 1.0
-247.045 -988.759 80.35 1.0
-375.493 -944.156 80.35 1.0
-376.111 -943.916 80.35 1.0
-376.613 -943.682 80.35 1.0
-498.068 -882.307 80.35 1.0
-498.551 -882.037 80.35 1.0
-499.016 -881.737 80.35 1.0
-611.117 -804.785 80.35 1.0
-611.65 -804.39 80.35 1.0
-612.071 -804.031 80.35 1.0
-712.996 -712.749 80.35 1.0
-713.39 -712.361 80.35 1.0
-713.76 -711.949 80.35 1.0
-801.547 -608.114 80.35 1.0
-801.957 -607.592 80.35 1.0
-802.269 -607.135 80.35 1.0
-875.433 -492.526 80.35 1.0
-875.769 -491.954 80.35 1.0
-876.017 -491.459 80.35 1.0
-933.252 -368.121 80.35 1.0
-933.51 -367.509 80.35 1.0
-933.69 -366.986 80.35 1.0
-973.975 -237.119 80.35 1.0
-974.155 -236.447 80.35 1.0
-974.257 -235.936 80.35 1.0
-996.873 -101.858 80.35 1.0
-996.959 -101.2 80.35 1.0
-996.994 -100.648 80.35 1.0
-999.869 -14.66 80.35 1.0
-999.869 -14.66 100.35 0.0
-988.74 -11.677 100.35 0.0
-1103.182 -11.677 100.35 1.0
-1103.919 -34.658 100.35 1.0
-1090.022 -178.705 100.35 1.0
-1057.82 -319.793 100.35 1.0
-1007.84 -455.604 100.35 1.0
-940.903 -583.91 100.35 1.0
-858.109 -702.602 100.35 1.0
-760.816 -809.732 100.35 1.0
-650.623 -903.541 100.35 1.0
-529.338 -982.489 100.35 1.0
-398.953 -1045.278 100.35 1.0
-261.61 -1090.88 100.35 1.0
-119.562 -1118.543 100.35 1.0
-11.358 -1125.49 100.35 1.0
-11.358 -1064.913 100.35 1.0
-11.358 -1011.777 100.35 1.0
-109.921 -1005.178 100.35 1.0
-110.58 -1005.11 100.35 1.0
-111.126 -1005.016 100.35 1.0
-242.9 -978.232 100.35 1.0
-243.545 -978.076 100.35 1.0
-244.073 -977.911 100.35 1.0
-371.102 -933.801 100.35 1.0
-371.72 -933.561 100.35 1.0
-372.222 -933.327 100.35 1.0
-492.336 -872.629 100.35 1.0
-492.819 -872.359 100.35 1.0
-493.284 -872.06 100.35 1.0
-604.146 -795.958 100.35 1.0
-604.679 -795.563 100.35 1.0
-605.101 -795.204 100.35 1.0
-704.912 -704.93 100.35 1.0
-705.306 -704.542 100.35 1.0
-705.676 -704.13 100.35 1.0
-792.492 -601.442 100.35 1.0
-792.902 -600.92 100.35 1.0
-793.214 -600.463 100.35 1.0
-865.569 -487.12 100.35 1.0
-865.906 -486.548 100.35 1.0
-866.154 -486.054 100.35 1.0
-922.756 -364.078 100.35 1.0
-923.014 -363.466 100.35 1.0
-923.194 -362.943 100.35 1.0
-963.034 -234.511 100.35 1.0
-963.214 -233.84 100.35 1.0
-963.315 -233.328 100.35 1.0
-985.682 -100.732 100.35 1.0
-985.768 -100.074 100.35 1.0
-985.803 -99.522 100.35 1.0
-988.64 -14.675 100.35 1.0
-988.64 -14.675 120.35 0.0
-977.511 -11.691 120.35 0.0
-1092.104 -11.691 120.35 1.0
-1092.83 -34.302 120.35 1.0
-1079.07 -176.934 120.35 1.0
-1047.184 -316.636 120.35 1.0
-997.695 -451.113 120.35 1.0
-931.416 -578.158 120.35 1.0
-849.435 -695.684 120.35 1.0
-753.098 -801.762 120.35 1.0
-643.987 -894.649 120.35 1.0
-523.894 -972.821 120.35 1.0
-394.79 -1034.995 120.35 1.0
-258.795 -1080.148 120.35 1.0
-118.144 -1107.54 120.35 1.0
-11.354 -1114.396 120.35 1.0
-11.354 -1053.737 120.35 1.0
-11.354 -1000.529 120.35 1.0
-108.421 -994.031 120.35 1.0
-109.081 -993.963 120.35 1.0
-109.627 -993.869 120.35 1.0
-239.929 -967.384 120.35 1.0
-240.574 -967.229 120.35 1.0
-241.102 -967.063 120.35 1.0
-366.711 -923.446 120.35 1.0
-367.329 -923.206 120.35 1.0
-367.831 -922.972 120.35 1.0
-486.604 -862.952 120.35 1.0
-487.087 -862.682 120.35 1.0
-487.552 -862.383 120.35 1.0
-597.176 -787.131 120.35 1.0
-597.708 -786.736 120.35 1.0
-598.13 -786.377 120.35 1.0
-696.827 -697.11 120.35 1.0
-697.221 -696.722 120.35 1.0
-697.591 -696.311 120.35 1.0
-783.437 -594.771 120.35 1.0
-783.847 -594.249 120.35 1.0
-784.159 -593.791 120.35 1.0
-855.706 -481.715 120.35 1.0
-856.042 -481.143 120.35 1.0
-856.29 -480.649 120.35 1.0
-912.261 -360.036 120.35 1.0
-912.518 -359.424 120.35 1.0
-912.698 -358.901 120.35 1.0
-952.092 -231.904 120.35 1.0
-952.273 -231.233 120.35 1.0
-952.374 -230.721 120.35 1.0
-974.491 -99.607 120.35 1.0
-974.577 -98.949 120.35 1.0
-974.612 -98.397 120.35 1.0
-977.411 -14.689 120.35 1.0
-977.411 -14.689 140.35 0.0
-966.186 -11.706 140.35 0.0
-1081.027 -11.706 140.35 1.0
-1081.74 -33.947 140.35 1.0
-1068.117 -175.164 140.35 1.0
-1036.548 -313.479 140.35 1.0
-987.55 -446.622 140.35 1.0
-921.928 -572.407 140.35 1.0
-840.761 -688.767 140.35 1.0
-745.379 -793.792 140.35 1.0
-637.351 -885.758 140.35 1.0
-518.449 -963.154 140.35 1.0
-390.626 -1024.711 140.35 1.0
-255.981 -1069.416 140.35 1.0
-116.725 -1096.536 140.35 1.0
-11.35 -1103.301 140.35 1.0
-11.35 -1042.51 140.35 1.0
-11.35 -989.186 140.35 1.0
-106.909 -982.789 140.35 1.0
-107.569 -982.721 140.35 1.0
-108.115 -982.627 140.35 1.0
-236.932 -956.444 140.35 1.0
-237.577 -956.288 140.35 1.0
-238.105 -956.122 140.35 1.0
-362.283 -913.003 140.35 1.0
-362.901 -912.763 140.35 1.0
-363.403 -912.528 140.35 1.0
-480.823 -853.192 140.35 1.0
-481.306 -852.922 140.35 1.0
-481.772 -852.623 140.35 1.0
-590.145 -778.228 140.35 1.0
-590.678 -777.833 140.35 1.0
-591.1 -777.475 140.35 1.0
-688.673 -689.224 140.35 1.0
-689.067 -688.836 140.35 1.0
-689.437 -688.425 140.35 1.0
-774.305 -588.042 140.35 1.0
-774.715 -587.52 140.35 1.0
-775.026 -587.063 140.35 1.0
-845.758 -476.263 140.35 1.0
-846.094 -475.692 140.35 1.0
-846.342 -475.197 140.35 1.0
-901.675 -355.959 140.35 1.0
-901.932 -355.347 140.35 1.0
-902.112 -354.824 140.35 1.0
-941.058 -229.274 140.35 1.0
-941.238 -228.603 140.35 1.0
-941.34 -228.091 140.35 1.0
-963.204 -98.471 140.35 1.0
-963.29 -97.813 140.35 1.0
-963.326 -97.261 140.35 1.0
-966.086 -14.704 140.35 1.0
-966.086 -14.704 160.35 0.0
-953.588 -11.72 160.35 0.0
-1069.95 -11.72 160.35 1.0
-1070.651 -33.591 160.35 1.0
-1057.165 -173.393 160.35 1.0
-1025.912 -310.323 160.35 1.0
-977.405 -442.131 160.35 1.0
-912.441 -566.655 160.35 1.0
-832.086 -681.849 160.35 1.0
-737.661 -785.822 160.35 1.0
-630.715 -876.866 160.35 1.0
-513.005 -953.487 160.35 1.0
-386.463 -1014.427 160.35 1.0
-253.167 -1058.684 160.35 1.0
-115.306 -1085.532 160.35 1.0
-11.347 -1092.207 160.35 1.0
-11.347 -1030.604 160.35 1.0
-11.347 -976.567 160.35 1.0
-105.228 -970.282 160.35 1.0
-105.887 -970.214 160.35 1.0
-106.433 -970.12 160.35 1.0
-233.598 -944.273 160.35 1.0
-234.243 -944.117 160.35 1.0
-234.771 -943.952 160.35 1.0
-357.356 -901.385 160.35 1.0
-357.975 -901.145 160.35 1.0
-358.476 -900.91 160.35 1.0
-474.392 -842.334 160.35 1.0
-474.875 -842.064 160.35 1.0
-475.341 -841.765 160.35 1.0
-582.325 -768.325 160.35 1.0
-582.857 -767.93 160.35 1.0
-583.279 -767.571 160.35 1.0
-679.602 -680.452 160.35 1.0
-679.996 -680.064 160.35 1.0
-680.366 -679.652 160.35 1.0
-764.146 -580.556 160.35 1.0
-764.555 -580.034 160.35 1.0
-764.867 -579.577 160.35 1.0
-834.691 -470.199 160.35 1.0
-835.028 -469.627 160.35 1.0
-835.276 -469.132 160.35 1.0
-889.899 -351.423 160.35 1.0
-890.156 -350.811 160.35 1.0
-890.336 -350.288 160.35 1.0
-928.782 -226.349 160.35 1.0
-928.963 -225.678 160.35 1.0
-929.064 -225.166 160.35 1.0
-950.648 -97.208 160.35 1.0
-950.734 -96.55 160.35 1.0
-950.77 -95.998 160.35 1.0
-953.487 -14.718 160.35 1.0
-953.487 -14.718 180.35 0.0
-940.989 -11.734 180.35 0.0
-1058.873 -11.734 180.35 1.0
-1059.562 -33.235 180.35 1.0
-1046.212 -171.622 180.35 1.0
-1015.275 -307.166 180.35 1.0
-967.259 -437.64 180.35 1.0
-902.953 -560.904 180.35 1.0
-823.412 -674.932 180.35 1.0
-729.943 -777.852 180.35 1.0
-624.079 -867.975 180.35 1.0
-507.561 -943.82 180.35 1.0
-382.299 -1004.143 180.35 1.0
-250.353 -1047.952 180.35 1.0
-113.887 -1074.529 180.35 1.0
-11.343 -1081.112 180.35 1.0
-11.343 -1018.697 180.35 1.0
-11.343 -963.948 180.35 1.0
-103.546 -957.776 180.35 1.0
-104.205 -957.707 180.35 1.0
-104.751 -957.614 180.35 1.0
-230.372 -932.079 180.35 1.0
-230.909 -931.946 180.35 1.0
-231.437 -931.781 180.35 1.0
-352.43 -889.767 180.35 1.0
-353.048 -889.527 180.35 1.0
-353.55 -889.292 180.35 1.0
-467.863 -831.527 180.35 1.0
-468.444 -831.207 180.35 1.0
-468.91 -830.907 180.35 1.0
-574.504 -758.421 180.35 1.0
-575.037 -758.026 180.35 1.0
-575.458 -757.667 180.35 1.0
-670.53 -671.679 180.35 1.0
-670.924 -671.291 180.35 1.0
-671.294 -670.879 180.35 1.0
-753.986 -573.071 180.35 1.0
-754.396 -572.549 180.35 1.0
-754.708 -572.092 180.35 1.0
-823.625 -464.134 180.35 1.0
-823.961 -463.562 180.35 1.0
-824.21 -463.068 180.35 1.0
-878.123 -346.888 180.35 1.0
-878.38 -346.276 180.35 1.0
-878.56 -345.753 180.35 1.0
-916.507 -223.424 180.35 1.0
-916.687 -222.752 180.35 1.0
-916.789 -222.241 180.35 1.0
-938.092 -95.945 180.35 1.0
-938.179 -95.287 180.35 1.0
-938.214 -94.735 180.35 1.0
-940.889 -14.733 180.35 1.0
-940.889 -14.733 200.35 0.0
-11.339 -951.329 200.35 0.0
-100.9 -945.333 200.35 1.0
-101.974 -945.261 200.35 1.0
-102.523 -945.201 200.35 1.0
-103.069 -945.107 200.35 1.0
-227.038 -919.908 200.35 1.0
-227.575 -919.775 200.35 1.0
-228.103 -919.61 200.35 1.0
-347.504 -878.149 200.35 1.0
-348.122 -877.909 200.35 1.0
-348.623 -877.674 200.35 1.0
-461.432 -820.67 200.35 1.0
-462.013 -820.349 200.35 1.0
-462.479 -820.05 200.35 1.0
-566.683 -748.517 200.35 1.0
-567.216 -748.122 200.35 1.0
-567.637 -747.764 200.35 1.0
-661.459 -662.906 200.35 1.0
-661.853 -662.518 200.35 1.0
-662.223 -662.106 200.35 1.0
-743.827 -565.585 200.35 1.0
-744.237 -565.063 200.35 1.0
-744.548 -564.606 200.35 1.0
-812.559 -458.07 200.35 1.0
-812.895 -457.498 200.35 1.0
-813.143 -457.003 200.35 1.0
-866.347 -342.352 200.35 1.0
-866.604 -341.741 200.35 1.0
-866.784 -341.217 200.35 1.0
-904.231 -220.498 200.35 1.0
-904.412 -219.827 200.35 1.0
-904.513 -219.315 200.35 1.0
-925.536 -94.682 200.35 1.0
-925.623 -94.024 200.35 1.0
-925.658 -93.472 200.35 1.0
-928.39 -11.749 200.35 1.0
-1047.796 -11.749 200.35 1.0
-1048.473 -32.88 200.35 1.0
-1035.26 -169.852 200.35 1.0
-1004.639 -304.009 200.35 1.0
-957.114 -433.149 200.35 1.0
-893.465 -555.152 200.35 1.0
-814.738 -668.014 200.35 1.0
-722.224 -769.882 200.35 1.0
-617.443 -859.083 200.35 1.0
-502.116 -934.153 200.35 1.0
-378.136 -993.859 200.35 1.0
-247.539 -1037.22 200.35 1.0
-112.469 -1063.525 200.35 1.0
-11.339 -1070.018 200.35 1.0
-11.339 -1006.79 200.35 1.0
-11.339 -954.329 200.35 1.0
-11.339 -954.329 220.35 0.0
-11.335 -938.71 220.35 0.0
-99.318 -932.82 220.35 1.0
-100.292 -932.754 220.35 1.0
-100.841 -932.694 220.35 1.0
-101.387 -932.6 220.35 1.0
-223.704 -907.738 220.35 1.0
-224.241 -907.604 220.35 1.0
-224.769 -907.439 220.35 1.0
-342.577 -866.531 220.35 1.0
-343.195 -866.291 220.35 1.0
-343.697 -866.056 220.35 1.0
-455.001 -809.812 220.35 1.0
-455.582 -809.491 220.35 1.0
-456.048 -809.192 220.35 1.0
-558.862 -738.614 220.35 1.0
-559.395 -738.219 220.35 1.0
-559.817 -737.86 220.35 1.0
-652.388 -654.133 220.35 1.0
-652.782 -653.745 220.35 1.0
-653.152 -653.334 220.35 1.0
-733.668 -558.1 220.35 1.0
-734.077 -557.578 220.35 1.0
-734.389 -557.121 220.35 1.0
-801.492 -452.005 220.35 1.0
-801.829 -451.433 220.35 1.0
-802.077 -450.939 220.35 1.0
-854.571 -337.817 220.35 1.0
-854.828 -337.205 220.35 1.0
-855.008 -336.682 220.35 1.0
-891.956 -217.573 220.35 1.0
-892.136 -216.901 220.35 1.0
-892.238 -216.39 220.35 1.0
-912.98 -93.419 220.35 1.0
-913.067 -92.761 220.35 1.0
-913.102 -92.209 220.35 1.0
-915.792 -11.763 220.35 1.0
-1036.229 -11.763 220.35 1.0
-1036.895 -32.508 220.35 1.0
-1023.823 -168.003 220.35 1.0
-993.533 -300.713 220.35 1.0
-946.521 -428.46 220.35 1.0
-883.559 -549.147 220.35 1.0
-805.681 -660.791 220.35 1.0
-714.165 -761.56 220.35 1.0
-610.514 -849.799 220.35 1.0
-496.431 -924.059 220.35 1.0
-373.789 -983.121 220.35 1.0
-244.6 -1026.014 220.35 1.0
-110.987 -1052.035 220.35 1.0
-11.335 -1058.433 220.35 1.0
-11.335 -994.655 220.35 1.0
-11.335 -941.71 220.35 1.0
-11.335 -941.71 240.35 0.0
-903.193 -11.778 240.35 0.0
-1023.05 -11.778 240.35 1.0
-1023.701 -32.085 240.35 1.0
-1010.793 -165.896 240.35 1.0
-980.879 -296.957 240.35 1.0
-934.451 -423.117 240.35 1.0
-872.271 -542.304 240.35 1.0
-795.36 -652.561 240.35 1.0
-704.982 -752.078 240.35 1.0
-602.619 -839.22 240.35 1.0
-489.954 -912.558 240.35 1.0
-368.835 -970.885 240.35 1.0
-241.252 -1013.246 240.35 1.0
-109.299 -1038.944 240.35 1.0
-11.331 -1045.233 240.35 1.0
-11.331 -981.764 240.35 1.0
-11.331 -926.091 240.35 1.0
-97.687 -920.31 240.35 1.0
-98.61 -920.248 240.35 1.0
-99.159 -920.187 240.35 1.0
-99.705 -920.094 240.35 1.0
-220.37 -895.567 240.35 1.0
-220.907 -895.434 240.35 1.0
-221.435 -895.268 240.35 1.0
-337.651 -854.913 240.35 1.0
-338.269 -854.673 240.35 1.0
-338.77 -854.439 240.35 1.0
-448.57 -798.954 240.35 1.0
-449.151 -798.634 240.35 1.0
-449.617 -798.334 240.35 1.0
-551.041 -728.71 240.35 1.0
-551.574 -728.315 240.35 1.0
-551.996 -727.957 240.35 1.0
-643.317 -645.36 240.35 1.0
-643.711 -644.972 240.35 1.0
-644.081 -644.561 240.35 1.0
-723.508 -550.614 240.35 1.0
-723.918 -550.092 240.35 1.0
-724.23 -549.635 240.35 1.0
-790.426 -445.941 240.35 1.0
-790.762 -445.369 240.35 1.0
-791.01 -444.874 240.35 1.0
-842.795 -333.281 240.35 1.0
-843.052 -332.67 240.35 1.0
-843.232 -332.146 240.35 1.0
-879.68 -214.647 240.35 1.0
-879.861 -213.976 240.35 1.0
-879.962 -213.464 240.35 1.0
-900.425 -92.156 240.35 1.0
-900.511 -91.497 240.35 1.0
-900.546 -90.945 240.35 1.0
-903.093 -14.776 240.35 1.0
-903.093 -14.776 260.35 0.0
-11.327 -911.98 260.35 0.0
-95.911 -906.318 260.35 1.0
-96.821 -906.254 260.35 1.0
-97.324 -906.195 260.35 1.0
-97.824 -906.108 260.35 1.0
-216.642 -881.957 260.35 1.0
-217.179 -881.824 260.35 1.0
-217.707 -881.658 260.35 1.0
-332.142 -841.922 260.35 1.0
-332.76 -841.681 260.35 1.0
-333.261 -841.447 260.35 1.0
-441.379 -786.813 260.35 1.0
-441.96 -786.492 260.35 1.0
-442.425 -786.193 260.35 1.0
-542.296 -717.636 260.35 1.0
-542.829 -717.241 260.35 1.0
-543.25 -716.882 260.35 1.0
-633.174 -635.55 260.35 1.0
-633.568 -635.162 260.35 1.0
-633.938 -634.751 260.35 1.0
-712.147 -542.244 260.35 1.0
-712.557 -541.722 260.35 1.0
-712.869 -541.265 260.35 1.0
-778.051 -439.159 260.35 1.0
-778.387 -438.587 260.35 1.0
-778.635 -438.092 260.35 1.0
-829.626 -328.21 260.35 1.0
-829.883 -327.598 260.35 1.0
-830.063 -327.075 260.35 1.0
-865.953 -211.376 260.35 1.0
-866.134 -210.705 260.35 1.0
-866.235 -210.193 260.35 1.0
-886.384 -90.743 260.35 1.0
-886.471 -90.085 260.35 1.0
-886.506 -89.533 260.35 1.0
-889.105 -11.792 260.35 1.0
-1009.871 -11.792 260.35 1.0
-1010.508 -31.662 260.35 1.0
-997.762 -163.789 260.35 1.0
-968.224 -293.201 260.35 1.0
-922.38 -417.774 260.35 1.0
-860.983 -535.461 260.35 1.0
-785.04 -644.331 260.35 1.0
-695.799 -742.596 260.35 1.0
-594.724 -828.642 260.35 1.0
-483.476 -901.056 260.35 1.0
-363.881 -958.65 260.35 1.0
-237.904 -1000.477 260.35 1.0
-107.611 -1025.852 260.35 1.0
-11.327 -1032.034 260.35 1.0
-11.327 -968.079 260.35 1.0
-11.327 -914.98 260.35 1.0
-11.327 -914.98 280.35 0.0
-11.323 -897.835 280.35 0.0
-94.132 -892.292 280.35 1.0
-94.935 -892.236 280.35 1.0
-95.439 -892.177 280.35 1.0
-95.939 -892.09 280.35 1.0
-212.995 -868.295 280.35 1.0
-213.486 -868.169 280.35 1.0
-213.97 -868.016 280.35 1.0
-326.62 -828.899 280.35 1.0
-327.28 -828.641 280.35 1.0
-327.739 -828.425 280.35 1.0
-434.17 -774.643 280.35 1.0
-434.791 -774.298 280.35 1.0
-435.217 -774.023 280.35 1.0
-533.53 -706.535 280.35 1.0
-534.099 -706.111 280.35 1.0
-534.484 -705.781 280.35 1.0
-623.006 -625.717 280.35 1.0
-623.4 -625.329 280.35 1.0
-623.77 -624.917 280.35 1.0
-700.76 -533.853 280.35 1.0
-701.17 -533.331 280.35 1.0
-701.481 -532.874 280.35 1.0
-765.647 -432.361 280.35 1.0
-765.983 -431.789 280.35 1.0
-766.231 -431.295 280.35 1.0
-816.427 -323.126 280.35 1.0
-816.684 -322.514 280.35 1.0
-816.864 -321.991 280.35 1.0
-852.194 -208.097 280.35 1.0
-852.374 -207.426 280.35 1.0
-852.476 -206.914 280.35 1.0
-872.31 -89.327 280.35 1.0
-872.397 -88.669 280.35 1.0
-872.432 -88.117 280.35 1.0
-874.983 -11.807 280.35 1.0
-996.691 -11.807 280.35 1.0
-997.315 -31.239 280.35 1.0
-984.731 -161.682 280.35 1.0
-955.57 -289.446 280.35 1.0
-910.31 -412.431 280.35 1.0
-849.695 -528.618 280.35 1.0
-774.72 -636.101 280.35 1.0
-686.616 -733.113 280.35 1.0
-586.829 -818.063 280.35 1.0
-476.999 -889.555 280.35 1.0
-358.928 -946.415 280.35 1.0
-234.555 -987.709 280.35 1.0
-105.923 -1012.76 280.35 1.0
-11.323 -1018.834 280.35 1.0
-11.323 -954.376 280.35 1.0
-11.323 -900.835 280.35 1.0
-11.323 -900.835 300.35 0.0
-11.319 -883.691 300.35 0.0
-92.353 -878.266 300.35 1.0
-93.05 -878.217 300.35 1.0
-93.553 -878.158 300.35 1.0
-94.053 -878.071 300.35 1.0
-209.258 -854.652 300.35 1.0
-209.749 -854.527 300.35 1.0
-210.233 -854.374 300.35 1.0
-321.098 -815.877 300.35 1.0
-321.758 -815.618 300.35 1.0
-322.218 -815.402 300.35 1.0
-426.962 -762.472 300.35 1.0
-427.582 -762.128 300.35 1.0
-428.008 -761.853 300.35 1.0
-524.764 -695.434 300.35 1.0
-525.332 -695.01 300.35 1.0
-525.718 -694.68 300.35 1.0
-612.906 -615.821 300.35 1.0
-613.264 -615.462 300.35 1.0
-613.603 -615.084 300.35 1.0
-689.373 -525.463 300.35 1.0
-689.809 -524.904 300.35 1.0
-690.094 -524.484 300.35 1.0
-753.242 -425.563 300.35 1.0
-753.601 -424.951 300.35 1.0
-753.827 -424.497 300.35 1.0
-803.31 -317.857 300.35 1.0
-803.5 -317.387 300.35 1.0
-803.664 -316.907 300.35 1.0
-838.435 -204.818 300.35 1.0
-838.618 -204.132 300.35 1.0
-838.717 -203.635 300.35 1.0
-858.237 -87.911 300.35 1.0
-858.327 -87.207 300.35 1.0
-858.358 -86.701 300.35 1.0
-860.862 -11.821 300.35 1.0
-983.512 -11.821 300.35 1.0
-984.121 -30.816 300.35 1.0
-971.7 -159.576 300.35 1.0
-942.915 -285.69 300.35 1.0
-898.24 -407.087 300.35 1.0
-838.407 -521.776 300.35 1.0
-764.4 -627.871 300.35 1.0
-677.433 -723.631 300.35 1.0
-578.934 -807.484 300.35 1.0
-470.521 -878.053 300.35 1.0
-353.974 -934.179 300.35 1.0
-231.207 -974.941 300.35 1.0
-104.235 -999.669 300.35 1.0
-11.319 -1005.634 300.35 1.0
-11.319 -940.673 300.35 1.0
-11.319 -886.691 300.35 1.0
-11.319 -886.691 320.35 0.0
-11.315 -869.546 320.35 0.0
-90.573 -864.241 320.35 1.0
-91.165 -864.199 320.35 1.0
-91.668 -864.14 320.35 1.0
-92.168 -864.053 320.35 1.0
-205.521 -841.01 320.35 1.0
-206.012 -840.885 320.35 1.0
-206.496 -840.732 320.35 1.0
-315.576 -802.855 320.35 1.0
-316.236 -802.596 320.35 1.0
-316.696 -802.38 320.35 1.0
-419.754 -750.302 320.35 1.0
-420.374 -749.958 320.35 1.0
-420.8 -749.683 320.35 1.0
-515.997 -684.333 320.35 1.0
-516.566 -683.909 320.35 1.0
-516.952 -683.58 320.35 1.0
-602.738 -605.987 320.35 1.0
-603.097 -605.629 320.35 1.0
-603.435 -605.251 320.35 1.0
-677.985 -517.073 320.35 1.0
-678.422 -516.513 320.35 1.0
-678.706 -516.093 320.35 1.0
-740.838 -418.766 320.35 1.0
-741.196 -418.153 320.35 1.0
-741.423 -417.699 320.35 1.0
-790.111 -312.774 320.35 1.0
-790.301 -312.304 320.35 1.0
-790.465 -311.824 320.35 1.0
-824.675 -201.539 320.35 1.0
-824.859 -200.853 320.35 1.0
-824.957 -200.356 320.35 1.0
-844.163 -86.496 320.35 1.0
-844.254 -85.792 320.35 1.0
-844.285 -85.285 320.35 1.0
-846.74 -11.836 320.35 1.0
-970.333 -11.836 320.35 1.0
-970.928 -30.393 320.35 1.0
-958.669 -157.469 320.35 1.0
-930.261 -281.934 320.35 1.0
-886.17 -401.744 320.35 1.0
-827.119 -514.933 320.35 1.0
-754.079 -619.641 320.35 1.0
-668.249 -714.149 320.35 1.0
-571.039 -796.906 320.35 1.0
-464.044 -866.552 320.35 1.0
-349.021 -921.944 320.35 1.0
-227.859 -962.172 320.35 1.0
-102.547 -986.577 320.35 1.0
-11.315 -992.434 320.35 1.0
-11.315 -926.97 320.35 1.0
-11.315 -872.546 320.35 1.0
-11.315 -872.546 340.35 0.0
-832.135 -11.85 340.35 0.0
-957.154 -11.85 340.35 1.0
-957.735 -29.97 340.35 1.0
-945.638 -155.362 340.35 1.0
-917.606 -278.178 340.35 1.0
-874.099 -396.401 340.35 1.0
-815.831 -508.09 340.35 1.0
-743.759 -611.411 340.35 1.0
-659.066 -704.667 340.35 1.0
-563.144 -786.327 340.35 1.0
-457.566 -855.05 340.35 1.0
-344.067 -909.709 340.35 1.0
-224.511 -949.404 340.35 1.0
-100.859 -973.485 340.35 1.0
-11.311 -979.234 340.35 1.0
-11.311 -913.009 340.35 1.0
-11.311 -854.917 340.35 1.0
-88.747 -849.734 340.35 1.0
-89.718 -849.641 340.35 1.0
-90.218 -849.554 340.35 1.0
-201.656 -826.901 340.35 1.0
-202.147 -826.775 340.35 1.0
-202.631 -826.622 340.35 1.0
-309.865 -789.386 340.35 1.0
-310.525 -789.128 340.35 1.0
-310.984 -788.911 340.35 1.0
-412.298 -737.715 340.35 1.0
-412.918 -737.371 340.35 1.0
-413.345 -737.095 340.35 1.0
-506.931 -672.852 340.35 1.0
-507.5 -672.428 340.35 1.0
-507.885 -672.098 340.35 1.0
-592.222 -595.817 340.35 1.0
-592.581 -595.459 340.35 1.0
-592.919 -595.08 340.35 1.0
-666.207 -508.395 340.35 1.0
-666.644 -507.835 340.35 1.0
-666.929 -507.416 340.35 1.0
-728.009 -411.735 340.35 1.0
-728.367 -411.123 340.35 1.0
-728.593 -410.669 340.35 1.0
-776.459 -307.516 340.35 1.0
-776.649 -307.046 340.35 1.0
-776.813 -306.566 340.35 1.0
-810.444 -198.148 340.35 1.0
-810.628 -197.462 340.35 1.0
-810.726 -196.965 340.35 1.0
-829.607 -85.031 340.35 1.0
-829.698 -84.327 340.35 1.0
-829.729 -83.821 340.35 1.0
-832.035 -14.848 340.35 1.0
-832.035 -14.848 360.35 0.0
-816.306 -11.864 360.35 0.0
-943.974 -11.865 360.35 1.0
-944.542 -29.547 360.35 1.0
-932.607 -153.255 360.35 1.0
-904.952 -274.422 360.35 1.0
-862.029 -391.058 360.35 1.0
-804.543 -501.247 360.35 1.0
-733.439 -603.181 360.35 1.0
-649.883 -695.184 360.35 1.0
-555.249 -775.748 360.35 1.0
-451.089 -843.549 360.35 1.0
-339.114 -897.473 360.35 1.0
-221.162 -936.636 360.35 1.0
-99.171 -960.394 360.35 1.0
-11.308 -966.035 360.35 1.0
-11.307 -898.395 360.35 1.0
-11.307 -839.063 360.35 1.0
-86.801 -834.009 360.35 1.0
-87.605 -833.928 360.35 1.0
-88.105 -833.84 360.35 1.0
-197.467 -811.609 360.35 1.0
-197.958 -811.484 360.35 1.0
-198.442 -811.33 360.35 1.0
-303.675 -774.79 360.35 1.0
-304.336 -774.531 360.35 1.0
-304.795 -774.315 360.35 1.0
-404.218 -724.074 360.35 1.0
-404.839 -723.729 360.35 1.0
-405.265 -723.454 360.35 1.0
-497.105 -660.409 360.35 1.0
-497.674 -659.985 360.35 1.0
-498.059 -659.656 360.35 1.0
-580.826 -584.795 360.35 1.0
-581.184 -584.437 360.35 1.0
-581.522 -584.058 360.35 1.0
-653.443 -498.99 360.35 1.0
-653.88 -498.431 360.35 1.0
-654.165 -498.011 360.35 1.0
-714.105 -404.116 360.35 1.0
-714.463 -403.503 360.35 1.0
-714.689 -403.049 360.35 1.0
-761.664 -301.817 360.35 1.0
-761.854 -301.347 360.35 1.0
-762.017 -300.867 360.35 1.0
-795.021 -194.472 360.35 1.0
-795.205 -193.787 360.35 1.0
-795.303 -193.289 360.35 1.0
-813.832 -83.444 360.35 1.0
-813.923 -82.74 360.35 1.0
-813.954 -82.234 360.35 1.0
-816.206 -14.863 360.35 1.0
-816.206 -14.863 380.35 0.0
-11.304 -823.208 380.35 0.0
-84.786 -818.289 380.35 1.0
-85.494 -818.214 380.35 1.0
-85.992 -818.127 380.35 1.0
-193.279 -796.318 380.35 1.0
-193.77 -796.192 380.35 1.0
-194.254 -796.039 380.35 1.0
-297.486 -760.193 380.35 1.0
-298.146 -759.934 380.35 1.0
-298.605 -759.718 380.35 1.0
-396.139 -710.432 380.35 1.0
-396.759 -710.088 380.35 1.0
-397.185 -709.813 380.35 1.0
-487.279 -647.967 380.35 1.0
-487.848 -647.543 380.35 1.0
-488.233 -647.213 380.35 1.0
-569.429 -573.773 380.35 1.0
-569.787 -573.414 380.35 1.0
-570.126 -573.036 380.35 1.0
-640.679 -489.585 380.35 1.0
-641.116 -489.026 380.35 1.0
-641.4 -488.606 380.35 1.0
-700.201 -396.496 380.35 1.0
-700.559 -395.884 380.35 1.0
-700.786 -395.43 380.35 1.0
-746.868 -296.119 380.35 1.0
-747.058 -295.649 380.35 1.0
-747.222 -295.169 380.35 1.0
-779.599 -190.797 380.35 1.0
-779.782 -190.111 380.35 1.0
-779.881 -189.614 380.35 1.0
-798.057 -81.857 380.35 1.0
-798.148 -81.153 380.35 1.0
-798.179 -80.647 380.35 1.0
-800.478 -11.879 380.35 1.0
-929.891 -11.879 380.35 1.0
-930.443 -29.095 380.35 1.0
-918.683 -151.004 380.35 1.0
-891.429 -270.409 380.35 1.0
-849.131 -385.348 380.35 1.0
-792.481 -493.935 380.35 1.0
-722.411 -594.386 380.35 1.0
-640.07 -685.052 380.35 1.0
-546.812 -764.444 380.35 1.0
-444.167 -831.258 380.35 1.0
-333.82 -884.399 380.35 1.0
-217.584 -922.991 380.35 1.0
-97.367 -946.404 380.35 1.0
-11.304 -951.929 380.35 1.0
-11.304 -883.358 380.35 1.0
-11.304 -826.208 380.35 1.0
-11.304 -826.208 400.35 0.0
-11.3 -807.354 400.35 0.0
-82.673 -802.576 400.35 1.0
-83.385 -802.5 400.35 1.0
-83.878 -802.414 400.35 1.0
-189.09 -781.026 400.35 1.0
-189.581 -780.901 400.35 1.0
-190.065 -780.748 400.35 1.0
-291.296 -745.596 400.35 1.0
-291.957 -745.338 400.35 1.0
-292.416 -745.122 400.35 1.0
-388.059 -696.791 400.35 1.0
-388.679 -696.447 400.35 1.0
-389.105 -696.171 400.35 1.0
-477.453 -635.524 400.35 1.0
-478.022 -635.1 400.35 1.0
-478.407 -634.77 400.35 1.0
-558.032 -562.751 400.35 1.0
-558.391 -562.392 400.35 1.0
-558.729 -562.014 400.35 1.0
-627.915 -480.181 400.35 1.0
-628.351 -479.621 400.35 1.0
-628.636 -479.202 400.35 1.0
-686.297 -388.877 400.35 1.0
-686.656 -388.264 400.35 1.0
-686.882 -387.81 400.35 1.0
-732.073 -290.421 400.35 1.0
-732.263 -289.951 400.35 1.0
-732.427 -289.471 400.35 1.0
-764.176 -187.121 400.35 1.0
-764.359 -186.436 400.35 1.0
-764.458 -185.938 400.35 1.0
-782.282 -80.27 400.35 1.0
-782.372 -79.566 400.35 1.0
-782.403 -79.06 400.35 1.0
-784.649 -11.893 400.35 1.0
-914.221 -11.893 400.35 1.0
-914.757 -28.592 400.35 1.0
-903.189 -148.499 400.35 1.0
-876.384 -265.944 400.35 1.0
-834.779 -378.995 400.35 1.0
-779.06 -485.799 400.35 1.0
-710.14 -584.601 400.35 1.0
-629.152 -673.778 400.35 1.0
-537.425 -751.866 400.35 1.0
-436.465 -817.584 400.35 1.0
-327.931 -869.851 400.35 1.0
-213.603 -907.81 400.35 1.0
-95.36 -930.838 400.35 1.0
-11.3 -936.235 400.35 1.0
-11.3 -867.578 400.35 1.0
-11.3 -810.354 400.35 1.0
-11.3 -810.354 420.35 0.0
-11.296 -791.499 420.35 0.0
-80.56 -786.863 420.35 1.0
-81.178 -786.8 420.35 1.0
-81.765 -786.701 420.35 1.0
-184.901 -765.735 420.35 1.0
-185.392 -765.609 420.35 1.0
-185.876 -765.456 420.35 1.0
-285.107 -731.0 420.35 1.0
-285.767 -730.741 420.35 1.0
-286.226 -730.525 420.35 1.0
-379.979 -683.15 420.35 1.0
-380.599 -682.805 420.35 1.0
-381.025 -682.53 420.35 1.0
-467.627 -623.081 420.35 1.0
-468.196 -622.657 420.35 1.0
-468.582 -622.327 420.35 1.0
-546.635 -551.729 420.35 1.0
-546.994 -551.37 420.35 1.0
-547.332 -550.992 420.35 1.0
-615.151 -470.776 420.35 1.0
-615.587 -470.217 420.35 1.0
-615.872 -469.797 420.35 1.0
-672.394 -381.257 420.35 1.0
-672.752 -380.645 420.35 1.0
-672.978 -380.191 420.35 1.0
-717.278 -284.723 420.35 1.0
-717.468 -284.252 420.35 1.0
-717.631 -283.772 420.35 1.0
-748.753 -183.446 420.35 1.0
-748.937 -182.76 420.35 1.0
-749.035 -182.263 420.35 1.0
-766.507 -78.683 420.35 1.0
-766.597 -77.979 420.35 1.0
-766.628 -77.473 420.35 1.0
-768.82 -11.908 420.35 1.0
-898.552 -11.908 420.35 1.0
-899.071 -28.089 420.35 1.0
-887.696 -145.995 420.35 1.0
-861.338 -261.478 420.35 1.0
-820.428 -372.643 420.35 1.0
-765.639 -477.663 420.35 1.0
-697.87 -574.815 420.35 1.0
-618.234 -662.504 420.35 1.0
-528.038 -739.288 420.35 1.0
-428.764 -803.909 420.35 1.0
-322.041 -855.304 420.35 1.0
-209.622 -892.629 420.35 1.0
-93.354 -915.273 420.35 1.0
-11.296 -920.541 420.35 1.0
-11.296 -851.799 420.35 1.0
-11.296 -794.499 420.35 1.0
-11.296 -794.499 440.35 0.0
-11.292 -773.779 440.35 0.0
-78.198 -769.3 440.35 1.0
-78.826 -769.236 440.35 1.0
-79.403 -769.138 440.35 1.0
-180.219 -748.644 440.35 1.0
-180.71 -748.518 440.35 1.0
-181.194 -748.365 440.35 1.0
-278.189 -714.685 440.35 1.0
-278.849 -714.426 440.35 1.0
-279.308 -714.21 440.35 1.0
-370.948 -667.902 440.35 1.0
-371.568 -667.558 440.35 1.0
-371.994 -667.283 440.35 1.0
-456.644 -609.173 440.35 1.0
-457.213 -608.749 440.35 1.0
-457.599 -608.42 440.35 1.0
-533.897 -539.409 440.35 1.0
-534.256 -539.051 440.35 1.0
-534.594 -538.673 440.35 1.0
-600.884 -460.264 440.35 1.0
-601.321 -459.705 440.35 1.0
-601.605 -459.285 440.35 1.0
-656.853 -372.741 440.35 1.0
-657.211 -372.128 440.35 1.0
-657.437 -371.674 440.35 1.0
-700.74 -278.353 440.35 1.0
-700.931 -277.883 440.35 1.0
-701.094 -277.403 440.35 1.0
-731.514 -179.338 440.35 1.0
-731.698 -178.652 440.35 1.0
-731.796 -178.155 440.35 1.0
-748.874 -76.909 440.35 1.0
-748.965 -76.205 440.35 1.0
-748.996 -75.699 440.35 1.0
-751.128 -11.922 440.35 1.0
-882.882 -11.922 440.35 1.0
-883.384 -27.586 440.35 1.0
-872.203 -143.49 440.35 1.0
-846.292 -257.013 440.35 1.0
-806.077 -366.29 440.35 1.0
-752.218 -469.527 440.35 1.0
-685.6 -565.03 440.35 1.0
-607.315 -651.23 440.35 1.0
-518.651 -726.711 440.35 1.0
-421.062 -790.234 440.35 1.0
-316.152 -840.756 440.35 1.0
-205.642 -877.448 440.35 1.0
-91.347 -899.707 440.35 1.0
-11.292 -904.847 440.35 1.0
-11.292 -835.025 440.35 1.0
-11.292 -776.779 440.35 1.0
-11.292 -776.779 460.35 0.0
-733.369 -11.937 460.35 0.0
-867.212 -11.937 460.35 1.0
-867.698 -27.083 460.35 1.0
-856.71 -140.985 460.35 1.0
-831.247 -252.547 460.35 1.0
-791.726 -359.937 460.35 1.0
-738.797 -461.392 460.35 1.0
-673.329 -555.245 460.35 1.0
-596.397 -639.955 460.35 1.0
-509.264 -714.133 460.35 1.0
-413.361 -776.559 460.35 1.0
-310.262 -826.209 460.35 1.0
-201.661 -862.267 460.35 1.0
-89.34 -884.142 460.35 1.0
-11.288 -889.153 460.35 1.0
-11.288 -818.215 460.35 1.0
-11.288 -755.99 460.35 1.0
-75.827 -751.669 460.35 1.0
-76.464 -751.604 460.35 1.0
-77.032 -751.507 460.35 1.0
-175.413 -731.51 460.35 1.0
-175.958 -731.376 460.35 1.0
-176.494 -731.208 460.35 1.0
-271.244 -698.307 460.35 1.0
-271.854 -698.07 460.35 1.0
-272.364 -697.832 460.35 1.0
-361.882 -652.596 460.35 1.0
-362.456 -652.28 460.35 1.0
-362.929 -651.977 460.35 1.0
-445.62 -595.213 460.35 1.0
-446.146 -594.823 460.35 1.0
-446.574 -594.459 460.35 1.0
-521.03 -527.117 460.35 1.0
-521.431 -526.723 460.35 1.0
-521.806 -526.306 460.35 1.0
-586.562 -449.712 460.35 1.0
-586.967 -449.197 460.35 1.0
-587.284 -448.733 460.35 1.0
-641.253 -364.191 460.35 1.0
-641.585 -363.627 460.35 1.0
-641.837 -363.125 460.35 1.0
-684.057 -272.145 460.35 1.0
-684.311 -271.541 460.35 1.0
-684.494 -271.01 460.35 1.0
-714.21 -175.214 460.35 1.0
-714.394 -174.528 460.35 1.0
-714.492 -174.031 460.35 1.0
-731.175 -75.129 460.35 1.0
-731.261 -74.475 460.35 1.0
-731.296 -73.919 460.35 1.0
-733.268 -14.935 460.35 1.0
-733.268 -14.935 480.35 0.0
-715.609 -11.951 480.35 0.0
-851.543 -11.951 480.35 1.0
-852.012 -26.58 480.35 1.0
-841.217 -138.48 480.35 1.0
-816.201 -248.082 480.35 1.0
-777.375 -353.584 480.35 1.0
-725.376 -453.256 480.35 1.0
-661.059 -545.459 480.35 1.0
-585.479 -628.681 480.35 1.0
-499.877 -701.555 480.35 1.0
-405.659 -762.884 480.35 1.0
-304.372 -811.662 480.35 1.0
-197.68 -847.086 480.35 1.0
-87.333 -868.576 480.35 1.0
-11.284 -873.459 480.35 1.0
-11.284 -801.581 480.35 1.0
-11.284 -738.201 480.35 1.0
-73.456 -734.039 480.35 1.0
-74.113 -733.971 480.35 1.0
-74.661 -733.877 480.35 1.0
-170.713 -714.353 480.35 1.0
-171.258 -714.219 480.35 1.0
-171.795 -714.051 480.35 1.0
-264.299 -681.929 480.35 1.0
-264.91 -681.693 480.35 1.0
-265.419 -681.455 480.35 1.0
-352.817 -637.291 480.35 1.0
-353.39 -636.975 480.35 1.0
-353.863 -636.671 480.35 1.0
-434.595 -581.252 480.35 1.0
-435.121 -580.862 480.35 1.0
-435.549 -580.498 480.35 1.0
-508.243 -514.75 480.35 1.0
-508.643 -514.356 480.35 1.0
-509.019 -513.939 480.35 1.0
-572.241 -439.16 480.35 1.0
-572.645 -438.645 480.35 1.0
-572.962 -438.181 480.35 1.0
-625.653 -355.642 480.35 1.0
-625.985 -355.078 480.35 1.0
-626.237 -354.576 480.35 1.0
-667.456 -265.751 480.35 1.0
-667.71 -265.147 480.35 1.0
-667.893 -264.616 480.35 1.0
-696.905 -171.09 480.35 1.0
-697.086 -170.418 480.35 1.0
-697.187 -169.907 480.35 1.0
-713.475 -73.348 480.35 1.0
-713.565 -72.652 480.35 1.0
-713.596 -72.138 480.35 1.0
-715.509 -14.95 480.35 1.0
-715.509 -14.95 500.35 0.0
-697.843 -11.966 500.35 0.0
-835.873 -11.966 500.35 1.0
-836.325 -26.077 500.35 1.0
-825.723 -135.975 500.35 1.0
-801.155 -243.616 500.35 1.0
-763.024 -347.231 500.35 1.0
-711.955 -445.12 500.35 1.0
-648.789 -535.674 500.35 1.0
-574.56 -617.407 500.35 1.0
-490.49 -688.978 500.35 1.0
-397.958 -749.21 500.35 1.0
-298.483 -797.114 500.35 1.0
-193.699 -831.905 500.35 1.0
-85.326 -853.011 500.35 1.0
-11.28 -857.765 500.35 1.0
-11.28 -787.78 500.35 1.0
-11.28 -720.406 500.35 1.0
-71.084 -716.402 500.35 1.0
-71.746 -716.334 500.35 1.0
-72.289 -716.24 500.35 1.0
-166.012 -697.19 500.35 1.0
-166.557 -697.056 500.35 1.0
-167.093 -696.888 500.35 1.0
-257.352 -665.546 500.35 1.0
-257.963 -665.31 500.35 1.0
-258.472 -665.072 500.35 1.0
-343.748 -621.98 500.35 1.0
-344.322 -621.664 500.35 1.0
-344.794 -621.36 500.35 1.0
-423.566 -567.286 500.35 1.0
-424.092 -566.896 500.35 1.0
-424.521 -566.532 500.35 1.0
-495.451 -502.379 500.35 1.0
-495.852 -501.985 500.35 1.0
-496.228 -501.568 500.35 1.0
-557.915 -428.604 500.35 1.0
-558.319 -428.089 500.35 1.0
-558.636 -427.625 500.35 1.0
-610.047 -347.09 500.35 1.0
-610.38 -346.526 500.35 1.0
-610.632 -346.024 500.35 1.0
-650.85 -259.355 500.35 1.0
-651.105 -258.752 500.35 1.0
-651.287 -258.22 500.35 1.0
-679.595 -166.965 500.35 1.0
-679.776 -166.293 500.35 1.0
-679.877 -165.782 500.35 1.0
-695.769 -71.567 500.35 1.0
-695.857 -70.895 500.35 1.0
-695.891 -70.357 500.35 1.0
-697.743 -14.964 500.35 1.0
-697.743 -14.964 520.35 0.0
-11.276 -700.403 520.35 0.0
-68.418 -696.578 520.35 1.0
-69.089 -696.508 520.35 1.0
-69.623 -696.416 520.35 1.0
-160.727 -677.898 520.35 1.0
-161.272 -677.763 520.35 1.0
-161.809 -677.596 520.35 1.0
-249.543 -647.131 520.35 1.0
-250.154 -646.894 520.35 1.0
-250.663 -646.656 520.35 1.0
-333.554 -604.769 520.35 1.0
-334.128 -604.453 520.35 1.0
-334.601 -604.149 520.35 1.0
-411.169 -551.588 520.35 1.0
-411.695 -551.198 520.35 1.0
-412.124 -550.834 520.35 1.0
-481.073 -488.473 520.35 1.0
-481.473 -488.079 520.35 1.0
-481.849 -487.662 520.35 1.0
-541.811 -416.739 520.35 1.0
-542.215 -416.224 520.35 1.0
-542.532 -415.76 520.35 1.0
-592.506 -337.477 520.35 1.0
-592.838 -336.913 520.35 1.0
-593.09 -336.411 520.35 1.0
-632.184 -252.166 520.35 1.0
-632.438 -251.562 520.35 1.0
-632.621 -251.031 520.35 1.0
-660.137 -162.328 520.35 1.0
-660.317 -161.656 520.35 1.0
-660.419 -161.145 520.35 1.0
-675.808 -69.911 520.35 1.0
-675.955 -68.883 520.35 1.0
-675.988 -68.355 520.35 1.0
-677.873 -11.98 520.35 1.0
-819.101 -11.98 520.35 1.0
-819.536 -25.538 520.35 1.0
-809.141 -133.294 520.35 1.0
-785.052 -238.837 520.35 1.0
-747.664 -340.432 520.35 1.0
-697.591 -436.412 520.35 1.0
-635.655 -525.201 520.35 1.0
-562.874 -605.341 520.35 1.0
-480.443 -675.516 520.35 1.0
-389.715 -734.573 520.35 1.0
-292.179 -781.544 520.35 1.0
-189.438 -815.657 520.35 1.0
-83.178 -836.351 520.35 1.0
-11.276 -840.967 520.35 1.0
-11.276 -773.009 520.35 1.0
-11.276 -703.403 520.35 1.0
-11.276 -703.403 540.35 0.0
-657.903 -11.995 540.35 0.0
-800.304 -11.995 540.35 1.0
-800.719 -24.935 540.35 1.0
-790.555 -130.29 540.35 1.0
-767.003 -233.48 540.35 1.0
-730.448 -332.811 540.35 1.0
-681.491 -426.652 540.35 1.0
-620.936 -513.462 540.35 1.0
-549.777 -591.816 540.35 1.0
-469.183 -660.427 540.35 1.0
-380.476 -718.169 540.35 1.0
-285.114 -764.093 540.35 1.0
-184.662 -797.445 540.35 1.0
-80.77 -817.678 540.35 1.0
-11.272 -822.14 540.35 1.0
-11.272 -756.454 540.35 1.0
-11.272 -680.4 540.35 1.0
-65.752 -676.753 540.35 1.0
-66.38 -676.689 540.35 1.0
-66.957 -676.591 540.35 1.0
-155.442 -658.605 540.35 1.0
-155.987 -658.471 540.35 1.0
-156.524 -658.303 540.35 1.0
-241.734 -628.715 540.35 1.0
-242.345 -628.478 540.35 1.0
-242.854 -628.24 540.35 1.0
-323.36 -587.558 540.35 1.0
-323.934 -587.242 540.35 1.0
-324.407 -586.939 540.35 1.0
-398.772 -535.889 540.35 1.0
-399.299 -535.499 540.35 1.0
-399.727 -535.136 540.35 1.0
-466.694 -474.567 540.35 1.0
-467.094 -474.173 540.35 1.0
-467.47 -473.756 540.35 1.0
-525.707 -404.873 540.35 1.0
-526.112 -404.358 540.35 1.0
-526.428 -403.894 540.35 1.0
-574.964 -327.864 540.35 1.0
-575.296 -327.3 540.35 1.0
-575.548 -326.798 540.35 1.0
-613.517 -244.977 540.35 1.0
-613.771 -244.373 540.35 1.0
-613.954 -243.842 540.35 1.0
-640.679 -157.69 540.35 1.0
-640.859 -157.019 540.35 1.0
-640.961 -156.507 540.35 1.0
-655.964 -67.563 540.35 1.0
-656.053 -66.88 540.35 1.0
-656.086 -66.353 540.35 1.0
-657.803 -14.993 540.35 1.0
-657.803 -14.993 560.35 0.0
-637.933 -12.009 560.35 0.0
-781.506 -12.009 560.35 1.0
-781.901 -24.331 560.35 1.0
-771.969 -127.285 560.35 1.0
-748.954 -228.123 560.35 1.0
-713.232 -325.19 560.35 1.0
-665.391 -416.892 560.35 1.0
-606.216 -501.724 560.35 1.0
-536.679 -578.292 560.35 1.0
-457.922 -645.339 560.35 1.0
-371.237 -701.765 560.35 1.0
-278.049 -746.642 560.35 1.0
-179.887 -779.234 560.35 1.0
-78.363 -799.006 560.35 1.0
-11.269 -803.313 560.35 1.0
-11.269 -739.899 560.35 1.0
-11.269 -660.397 560.35 1.0
-63.086 -656.929 560.35 1.0
-63.714 -656.865 560.35 1.0
-64.291 -656.767 560.35 1.0
-150.158 -639.313 560.35 1.0
-150.703 -639.179 560.35 1.0
-151.239 -639.011 560.35 1.0
-233.925 -610.299 560.35 1.0
-234.536 -610.062 560.35 1.0
-235.045 -609.824 560.35 1.0
-313.166 -570.348 560.35 1.0
-313.74 -570.032 560.35 1.0
-314.213 -569.728 560.35 1.0
-386.375 -520.191 560.35 1.0
-386.902 -519.801 560.35 1.0
-387.33 -519.437 560.35 1.0
-452.315 -460.661 560.35 1.0
-452.716 -460.268 560.35 1.0
-453.092 -459.85 560.35 1.0
-509.603 -393.008 560.35 1.0
-510.008 -392.493 560.35 1.0
-510.324 -392.029 560.35 1.0
-557.422 -318.251 560.35 1.0
-557.755 -317.687 560.35 1.0
-558.007 -317.185 560.35 1.0
-594.851 -237.788 560.35 1.0
-595.105 -237.184 560.35 1.0
-595.288 -236.653 560.35 1.0
-621.221 -153.053 560.35 1.0
-621.401 -152.382 560.35 1.0
-621.503 -151.87 560.35 1.0
-636.061 -65.56 560.35 1.0
-636.146 -64.925 560.35 1.0
-636.183 -64.35 560.35 1.0
-637.833 -15.007 560.35 1.0
-637.833 -15.007 580.35 0.0
-11.265 -639.39 580.35 0.0
-60.285 -636.109 580.35 1.0
-60.968 -636.037 580.35 1.0
-61.491 -635.946 580.35 1.0
-144.686 -619.034 580.35 1.0
-145.191 -618.906 580.35 1.0
-145.689 -618.749 580.35 1.0
-225.724 -590.958 580.35 1.0
-226.371 -590.705 580.35 1.0
-226.844 -590.483 580.35 1.0
-302.46 -552.272 580.35 1.0
-303.068 -551.936 580.35 1.0
-303.507 -551.653 580.35 1.0
-373.356 -503.704 580.35 1.0
-373.913 -503.289 580.35 1.0
-374.31 -502.95 580.35 1.0
-437.145 -446.12 580.35 1.0
-437.643 -445.634 580.35 1.0
-437.991 -445.245 580.35 1.0
-492.69 -380.546 580.35 1.0
-493.118 -379.999 580.35 1.0
-493.412 -379.567 580.35 1.0
-539.0 -308.155 580.35 1.0
-539.351 -307.555 580.35 1.0
-539.584 -307.089 580.35 1.0
-575.318 -230.079 580.35 1.0
-575.515 -229.596 580.35 1.0
-575.684 -229.102 580.35 1.0
-600.785 -148.183 580.35 1.0
-600.966 -147.512 580.35 1.0
-601.067 -147.0 580.35 1.0
-615.159 -63.458 580.35 1.0
-615.243 -62.822 580.35 1.0
-615.281 -62.248 580.35 1.0
-616.96 -12.023 580.35 1.0
-762.709 -12.024 580.35 1.0
-763.084 -23.728 580.35 1.0
-753.384 -124.28 580.35 1.0
-730.905 -222.766 580.35 1.0
-696.017 -317.569 580.35 1.0
-649.291 -407.133 580.35 1.0
-591.497 -489.985 580.35 1.0
-523.582 -564.768 580.35 1.0
-446.661 -630.251 580.35 1.0
-361.999 -685.36 580.35 1.0
-270.984 -729.191 580.35 1.0
-175.111 -761.023 580.35 1.0
-75.955 -780.333 580.35 1.0
-11.265 -784.486 580.35 1.0
-11.265 -723.344 580.35 1.0
-11.265 -642.39 580.35 1.0
-11.265 -642.39 600.35 0.0
-594.361 -12.038 600.35 0.0
-595.698 -12.038 600.35 1.0
-743.911 -12.038 600.35 1.0
-744.267 -23.124 600.35 1.0
-734.798 -121.275 600.35 1.0
-712.856 -217.409 600.35 1.0
-678.801 -309.948 600.35 1.0
-633.192 -397.373 600.35 1.0
-576.777 -478.247 600.35 1.0
-510.484 -551.243 600.35 1.0
-435.401 -615.163 600.35 1.0
-352.76 -668.956 600.35 1.0
-263.918 -711.74 600.35 1.0
-170.336 -742.811 600.35 1.0
-73.548 -761.661 600.35 1.0
-11.261 -765.66 600.35 1.0
-11.261 -706.789 600.35 1.0
-11.261 -618.093 600.35 1.0
-11.261 -616.753 600.35 1.0
-57.268 -613.674 600.35 1.0
-57.951 -613.602 600.35 1.0
-58.474 -613.512 600.35 1.0
-138.705 -597.202 600.35 1.0
-139.211 -597.074 600.35 1.0
-139.708 -596.917 600.35 1.0
-216.887 -570.118 600.35 1.0
-217.534 -569.865 600.35 1.0
-218.007 -569.643 600.35 1.0
-290.924 -532.796 600.35 1.0
-291.532 -532.459 600.35 1.0
-291.971 -532.176 600.35 1.0
-359.327 -485.939 600.35 1.0
-359.884 -485.524 600.35 1.0
-360.281 -485.185 600.35 1.0
-420.873 -430.383 600.35 1.0
-421.371 -429.897 600.35 1.0
-421.719 -429.508 600.35 1.0
-474.466 -367.119 600.35 1.0
-474.894 -366.571 600.35 1.0
-475.187 -366.14 600.35 1.0
-519.148 -297.276 600.35 1.0
-519.5 -296.677 600.35 1.0
-519.733 -296.21 600.35 1.0
-554.194 -221.943 600.35 1.0
-554.391 -221.46 600.35 1.0
-554.56 -220.966 600.35 1.0
-578.765 -142.936 600.35 1.0
-578.946 -142.264 600.35 1.0
-579.047 -141.753 600.35 1.0
-592.652 -61.09 600.35 1.0
-592.72 -60.556 600.35 1.0
-592.758 -59.982 600.35 1.0
-594.26 -15.036 600.35 1.0
-594.26 -15.036 620.35 0.0
-571.761 -12.052 620.35 0.0
-573.098 -12.052 620.35 1.0
-725.113 -12.052 620.35 1.0
-725.449 -22.521 620.35 1.0
-716.212 -118.27 620.35 1.0
-694.807 -212.053 620.35 1.0
-661.585 -302.328 620.35 1.0
-617.092 -387.613 620.35 1.0
-562.058 -466.508 620.35 1.0
-497.386 -537.719 620.35 1.0
-424.14 -600.074 620.35 1.0
-343.521 -652.552 620.35 1.0
-256.853 -694.289 620.35 1.0
-165.56 -724.6 620.35 1.0
-71.14 -742.988 620.35 1.0
-11.257 -746.833 620.35 1.0
-11.257 -690.234 620.35 1.0
-11.257 -595.456 620.35 1.0
-11.257 -594.117 620.35 1.0
-54.251 -591.239 620.35 1.0
-54.879 -591.175 620.35 1.0
-55.456 -591.077 620.35 1.0
-132.725 -575.37 620.35 1.0
-133.23 -575.241 620.35 1.0
-133.728 -575.084 620.35 1.0
-208.05 -549.277 620.35 1.0
-208.697 -549.024 620.35 1.0
-209.169 -548.802 620.35 1.0
-279.388 -513.319 620.35 1.0
-279.996 -512.982 620.35 1.0
-280.435 -512.699 620.35 1.0
-345.298 -468.173 620.35 1.0
-345.855 -467.758 620.35 1.0
-346.252 -467.42 620.35 1.0
-404.601 -414.646 620.35 1.0
-405.099 -414.16 620.35 1.0
-405.447 -413.771 620.35 1.0
-456.242 -353.691 620.35 1.0
-456.67 -353.144 620.35 1.0
-456.963 -352.712 620.35 1.0
-499.297 -286.397 620.35 1.0
-499.648 -285.798 620.35 1.0
-499.881 -285.331 620.35 1.0
-533.07 -213.807 620.35 1.0
-533.267 -213.324 620.35 1.0
-533.435 -212.831 620.35 1.0
-556.745 -137.688 620.35 1.0
-556.925 -137.016 620.35 1.0
-557.027 -136.505 620.35 1.0
-570.131 -58.814 620.35 1.0
-570.203 -58.223 620.35 1.0
-570.234 -57.716 620.35 1.0
-571.661 -15.051 620.35 1.0
-571.661 -15.051 640.35 0.0
-11.253 -571.087 640.35 0.0
-51.181 -568.414 640.35 1.0
-51.876 -568.34 640.35 1.0
-52.387 -568.252 640.35 1.0
-126.55 -553.177 640.35 1.0
-127.101 -553.042 640.35 1.0
-127.643 -552.872 640.35 1.0
-199.059 -528.074 640.35 1.0
-199.664 -527.84 640.35 1.0
-200.179 -527.599 640.35 1.0
-267.652 -493.504 640.35 1.0
-268.22 -493.191 640.35 1.0
-268.698 -492.884 640.35 1.0
-331.025 -450.099 640.35 1.0
-331.546 -449.713 640.35 1.0
-331.979 -449.345 640.35 1.0
-388.047 -398.635 640.35 1.0
-388.512 -398.183 640.35 1.0
-388.892 -397.761 640.35 1.0
-437.701 -340.03 640.35 1.0
-438.102 -339.52 640.35 1.0
-438.422 -339.051 640.35 1.0
-479.1 -275.329 640.35 1.0
-479.43 -274.77 640.35 1.0
-479.685 -274.263 640.35 1.0
-511.541 -205.614 640.35 1.0
-511.759 -205.09 640.35 1.0
-511.944 -204.553 640.35 1.0
-534.342 -132.349 640.35 1.0
-534.522 -131.678 640.35 1.0
-534.624 -131.166 640.35 1.0
-547.216 -56.508 640.35 1.0
-547.289 -55.918 640.35 1.0
-547.32 -55.411 640.35 1.0
-548.769 -12.067 640.35 1.0
-550.499 -12.067 640.35 1.0
-706.316 -12.067 640.35 1.0
-706.632 -21.918 640.35 1.0
-697.627 -115.266 640.35 1.0
-676.758 -206.696 640.35 1.0
-644.37 -294.707 640.35 1.0
-600.992 -377.853 640.35 1.0
-547.338 -454.77 640.35 1.0
-484.289 -524.194 640.35 1.0
-412.879 -584.986 640.35 1.0
-334.282 -636.147 640.35 1.0
-249.788 -676.837 640.35 1.0
-160.784 -706.389 640.35 1.0
-68.732 -724.316 640.35 1.0
-11.253 -728.006 640.35 1.0
-11.253 -673.679 640.35 1.0
-11.253 -574.087 640.35 1.0
-11.253 -574.087 660.35 0.0
-522.936 -12.081 660.35 0.0
-527.507 -12.081 660.35 1.0
-684.592 -12.081 660.35 1.0
-684.885 -21.22 660.35 1.0
-676.148 -111.793 660.35 1.0
-655.9 -200.505 660.35 1.0
-624.474 -285.899 660.35 1.0
-582.386 -366.574 660.35 1.0
-530.327 -441.204 660.35 1.0
-469.152 -508.565 660.35 1.0
-399.866 -567.549 660.35 1.0
-323.605 -617.189 660.35 1.0
-241.623 -656.67 660.35 1.0
-155.265 -685.342 660.35 1.0
-65.95 -702.736 660.35 1.0
-11.249 -706.248 660.35 1.0
-11.249 -654.548 660.35 1.0
-11.249 -549.789 660.35 1.0
-11.249 -545.211 660.35 1.0
-47.733 -542.769 660.35 1.0
-48.428 -542.696 660.35 1.0
-48.938 -542.607 660.35 1.0
-118.766 -528.414 660.35 1.0
-119.713 -528.221 660.35 1.0
-120.265 -528.086 660.35 1.0
-120.807 -527.916 660.35 1.0
-188.957 -504.252 660.35 1.0
-189.562 -504.017 660.35 1.0
-190.077 -503.777 660.35 1.0
-254.465 -471.24 660.35 1.0
-255.033 -470.927 660.35 1.0
-255.511 -470.62 660.35 1.0
-314.988 -429.792 660.35 1.0
-315.509 -429.406 660.35 1.0
-315.943 -429.038 660.35 1.0
-369.447 -380.646 660.35 1.0
-369.912 -380.194 660.35 1.0
-370.292 -379.772 660.35 1.0
-416.869 -324.681 660.35 1.0
-417.27 -324.171 660.35 1.0
-417.59 -323.702 660.35 1.0
-456.409 -262.894 660.35 1.0
-456.738 -262.335 660.35 1.0
-456.993 -261.828 660.35 1.0
-487.394 -196.315 660.35 1.0
-487.612 -195.79 660.35 1.0
-487.797 -195.253 660.35 1.0
-509.171 -126.351 660.35 1.0
-509.352 -125.679 660.35 1.0
-509.453 -125.167 660.35 1.0
-521.452 -54.03 660.35 1.0
-521.538 -53.382 660.35 1.0
-521.574 -52.82 660.35 1.0
-522.836 -15.08 660.35 1.0
-522.836 -15.08 680.35 0.0
-497.103 -12.096 680.35 0.0
-501.674 -12.096 680.35 1.0
-661.861 -12.096 680.35 1.0
-662.131 -20.491 680.35 1.0
-653.673 -108.16 680.35 1.0
-634.074 -194.027 680.35 1.0
-603.656 -276.684 680.35 1.0
-562.918 -354.772 680.35 1.0
-512.528 -427.01 680.35 1.0
-453.314 -492.211 680.35 1.0
-386.249 -549.304 680.35 1.0
-312.434 -597.353 680.35 1.0
-233.08 -635.567 680.35 1.0
-149.491 -663.321 680.35 1.0
-63.039 -680.157 680.35 1.0
-11.245 -683.483 680.35 1.0
-11.245 -634.53 680.35 1.0
-11.245 -523.914 680.35 1.0
-11.245 -519.336 680.35 1.0
-44.284 -517.124 680.35 1.0
-44.912 -517.06 680.35 1.0
-45.489 -516.962 680.35 1.0
-112.292 -503.384 680.35 1.0
-113.428 -503.129 680.35 1.0
-113.971 -502.96 680.35 1.0
-178.856 -480.429 680.35 1.0
-179.46 -480.195 680.35 1.0
-179.975 -479.954 680.35 1.0
-241.278 -448.977 680.35 1.0
-241.846 -448.664 680.35 1.0
-242.325 -448.357 680.35 1.0
-298.952 -409.485 680.35 1.0
-299.473 -409.099 680.35 1.0
-299.906 -408.731 680.35 1.0
-350.847 -362.658 680.35 1.0
-351.312 -362.206 680.35 1.0
-351.692 -361.784 680.35 1.0
-396.037 -309.332 680.35 1.0
-396.438 -308.822 680.35 1.0
-396.759 -308.353 680.35 1.0
-433.717 -250.459 680.35 1.0
-434.046 -249.9 680.35 1.0
-434.301 -249.392 680.35 1.0
-463.247 -187.015 680.35 1.0
-463.465 -186.49 680.35 1.0
-463.65 -185.954 680.35 1.0
-484.0 -120.352 680.35 1.0
-484.181 -119.681 680.35 1.0
-484.282 -119.169 680.35 1.0
-495.707 -51.44 680.35 1.0
-495.792 -50.792 680.35 1.0
-495.828 -50.23 680.35 1.0
-497.003 -15.094 680.35 1.0
-497.003 -15.094 700.35 0.0
-11.241 -492.349 700.35 0.0
-40.687 -490.378 700.35 1.0
-41.228 -490.325 700.35 1.0
-41.892 -490.216 700.35 1.0
-105.816 -477.221 700.35 1.0
-106.333 -477.091 700.35 1.0
-106.841 -476.931 700.35 1.0
-168.32 -455.583 700.35 1.0
-168.957 -455.335 700.35 1.0
-169.44 -455.108 700.35 1.0
-227.525 -425.757 700.35 1.0
-228.123 -425.425 700.35 1.0
-228.571 -425.137 700.35 1.0
-282.226 -388.305 700.35 1.0
-282.775 -387.897 700.35 1.0
-283.181 -387.551 700.35 1.0
-331.447 -343.896 700.35 1.0
-331.913 -343.444 700.35 1.0
-332.293 -343.022 700.35 1.0
-374.31 -293.324 700.35 1.0
-374.711 -292.814 700.35 1.0
-375.032 -292.345 700.35 1.0
-410.05 -237.489 700.35 1.0
-410.38 -236.93 700.35 1.0
-410.635 -236.422 700.35 1.0
-438.063 -177.315 700.35 1.0
-438.281 -176.791 700.35 1.0
-438.466 -176.254 700.35 1.0
-457.748 -114.096 700.35 1.0
-457.929 -113.424 700.35 1.0
-458.03 -112.913 700.35 1.0
-468.854 -48.739 700.35 1.0
-468.933 -48.158 700.35 1.0
-468.976 -47.529 700.35 1.0
-470.16 -12.11 700.35 1.0
-475.841 -12.11 700.35 1.0
-639.131 -12.11 700.35 1.0
-639.376 -19.761 700.35 1.0
-631.199 -104.526 700.35 1.0
-612.249 -187.55 700.35 1.0
-582.839 -267.469 700.35 1.0
-543.449 -342.97 700.35 1.0
-494.729 -412.815 700.35 1.0
-437.476 -475.857 700.35 1.0
-372.632 -531.059 700.35 1.0
-301.262 -577.516 700.35 1.0
-224.536 -614.465 700.35 1.0
-143.716 -641.299 700.35 1.0
-60.128 -657.578 700.35 1.0
-11.241 -660.717 700.35 1.0
-11.241 -614.512 700.35 1.0
-11.241 -498.039 700.35 1.0
-11.241 -495.349 700.35 1.0
-11.241 -495.349 720.35 0.0
-616.4 -12.125 720.35 0.0
-616.622 -19.031 720.35 1.0
-608.725 -100.893 720.35 1.0
-590.424 -181.072 720.35 1.0
-562.021 -258.253 720.35 1.0
-523.981 -331.169 720.35 1.0
-476.929 -398.621 720.35 1.0
-421.638 -459.503 720.35 1.0
-359.016 -512.814 720.35 1.0
-290.09 -557.68 720.35 1.0
-215.993 -593.363 720.35 1.0
-137.941 -619.278 720.35 1.0
-57.216 -634.999 720.35 1.0
-11.237 -637.951 720.35 1.0
-11.237 -594.494 720.35 1.0
-11.237 -471.051 720.35 1.0
-11.237 -462.416 720.35 1.0
-36.697 -460.712 720.35 1.0
-37.239 -460.659 720.35 1.0
-37.902 -460.55 720.35 1.0
-97.942 -448.344 720.35 1.0
-98.441 -448.217 720.35 1.0
-98.933 -448.062 720.35 1.0
-156.635 -428.025 720.35 1.0
-157.272 -427.777 720.35 1.0
-157.754 -427.551 720.35 1.0
-212.271 -400.002 720.35 1.0
-212.869 -399.671 720.35 1.0
-213.317 -399.383 720.35 1.0
-263.675 -364.814 720.35 1.0
-264.224 -364.406 720.35 1.0
-264.63 -364.06 720.35 1.0
-309.931 -323.087 720.35 1.0
-310.421 -322.61 720.35 1.0
-310.777 -322.213 720.35 1.0
-350.212 -275.568 720.35 1.0
-350.634 -275.029 720.35 1.0
-350.934 -274.589 720.35 1.0
-383.801 -223.104 720.35 1.0
-384.147 -222.514 720.35 1.0
-384.385 -222.037 720.35 1.0
-410.159 -166.492 720.35 1.0
-410.361 -166.0 720.35 1.0
-410.534 -165.496 720.35 1.0
-428.631 -107.157 720.35 1.0
-428.811 -106.485 720.35 1.0
-428.913 -105.974 720.35 1.0
-439.072 -45.743 720.35 1.0
-439.151 -45.162 720.35 1.0
-439.194 -44.533 720.35 1.0
-440.277 -12.125 720.35 1.0
-448.898 -12.125 720.35 1.0
-613.4 -12.125 720.35 1.0
-613.4 -12.125 740.35 0.0
-593.67 -12.139 740.35 0.0
-593.867 -18.301 740.35 1.0
-586.251 -97.259 740.35 1.0
-568.599 -174.595 740.35 1.0
-541.203 -249.038 740.35 1.0
-504.513 -319.367 740.35 1.0
-459.13 -384.427 740.35 1.0
-405.8 -443.149 740.35 1.0
-345.399 -494.569 740.35 1.0
-278.918 -537.843 740.35 1.0
-207.45 -572.26 740.35 1.0
-132.167 -597.256 740.35 1.0
-54.305 -612.42 740.35 1.0
-11.233 -615.185 740.35 1.0
-11.233 -574.476 740.35 1.0
-11.233 -441.119 740.35 1.0
-11.233 -432.484 740.35 1.0
-32.707 -431.046 740.35 1.0
-33.336 -430.982 740.35 1.0
-33.913 -430.884 740.35 1.0
-89.936 -419.496 740.35 1.0
-90.485 -419.362 740.35 1.0
-91.025 -419.193 740.35 1.0
-144.949 -400.468 740.35 1.0
-145.615 -400.207 740.35 1.0
-146.069 -399.993 740.35 1.0
-197.017 -374.248 740.35 1.0
-197.642 -373.901 740.35 1.0
-198.063 -373.628 740.35 1.0
-245.124 -341.322 740.35 1.0
-245.698 -340.895 740.35 1.0
-246.079 -340.569 740.35 1.0
-288.415 -302.278 740.35 1.0
-288.926 -301.778 740.35 1.0
-289.26 -301.404 740.35 1.0
-326.114 -257.812 740.35 1.0
-326.555 -257.248 740.35 1.0
-326.836 -256.833 740.35 1.0
-357.551 -208.719 740.35 1.0
-357.912 -208.101 740.35 1.0
-358.136 -207.652 740.35 1.0
-382.252 -155.677 740.35 1.0
-382.439 -155.212 740.35 1.0
-382.601 -154.738 740.35 1.0
-399.513 -100.218 740.35 1.0
-399.698 -99.526 740.35 1.0
-399.795 -99.035 740.35 1.0
-409.316 -42.586 740.35 1.0
-409.377 -42.079 740.35 1.0
-409.412 -41.537 740.35 1.0
-410.394 -12.139 740.35 1.0
-419.015 -12.139 740.35 1.0
-590.67 -12.139 740.35 1.0
-590.67 -12.139 760.35 0.0
-568.018 -12.154 760.35 0.0
-568.188 -17.478 760.35 1.0
-560.888 -93.159 760.35 1.0
-543.969 -167.284 760.35 1.0
-517.71 -238.638 760.35 1.0
-482.542 -306.048 760.35 1.0
-439.043 -368.408 760.35 1.0
-387.927 -424.692 760.35 1.0
-330.032 -473.978 760.35 1.0
-266.311 -515.457 760.35 1.0
-197.808 -548.446 760.35 1.0
-125.65 -572.404 760.35 1.0
-51.019 -586.938 760.35 1.0
-11.23 -589.493 760.35 1.0
-11.23 -551.885 760.35 1.0
-11.23 -411.186 760.35 1.0
-11.23 -398.221 760.35 1.0
-28.141 -397.089 760.35 1.0
-28.647 -397.041 760.35 1.0
-29.346 -396.927 760.35 1.0
-80.8 -386.469 760.35 1.0
-81.456 -386.31 760.35 1.0
-81.973 -386.147 760.35 1.0
-131.573 -368.924 760.35 1.0
-132.239 -368.663 760.35 1.0
-132.693 -368.449 760.35 1.0
-179.746 -344.669 760.35 1.0
-180.181 -344.421 760.35 1.0
-180.602 -344.149 760.35 1.0
-223.89 -314.433 760.35 1.0
-224.464 -314.005 760.35 1.0
-224.844 -313.679 760.35 1.0
-263.786 -278.459 760.35 1.0
-264.297 -277.959 760.35 1.0
-264.631 -277.585 760.35 1.0
-298.53 -237.489 760.35 1.0
-298.971 -236.924 760.35 1.0
-299.252 -236.509 760.35 1.0
-327.504 -192.253 760.35 1.0
-327.865 -191.635 760.35 1.0
-328.089 -191.186 760.35 1.0
-350.19 -143.558 760.35 1.0
-350.466 -142.898 760.35 1.0
-350.628 -142.424 760.35 1.0
-366.224 -92.141 760.35 1.0
-366.365 -91.6 760.35 1.0
-366.466 -91.092 760.35 1.0
-375.199 -39.317 760.35 1.0
-375.278 -38.737 760.35 1.0
-375.321 -38.107 760.35 1.0
-376.189 -12.154 760.35 1.0
-389.132 -12.154 760.35 1.0
-565.018 -12.154 760.35 1.0
-565.018 -12.154 780.35 0.0
-540.181 -12.168 780.35 0.0
-540.323 -16.584 780.35 1.0
-533.365 -88.709 780.35 1.0
-517.242 -159.352 780.35 1.0
-492.216 -227.353 780.35 1.0
-458.701 -291.596 780.35 1.0
-417.246 -351.025 780.35 1.0
-368.531 -404.665 780.35 1.0
-313.357 -451.635 780.35 1.0
-252.63 -491.165 780.35 1.0
-187.346 -522.604 780.35 1.0
-118.578 -545.436 780.35 1.0
-47.454 -559.288 780.35 1.0
-11.226 -561.613 780.35 1.0
-11.226 -527.372 780.35 1.0
-11.226 -376.924 780.35 1.0
-11.226 -363.04 780.35 1.0
-23.451 -362.221 780.35 1.0
-24.08 -362.157 780.35 1.0
-24.656 -362.059 780.35 1.0
-71.505 -352.537 780.35 1.0
-72.161 -352.378 780.35 1.0
-72.678 -352.216 780.35 1.0
-117.469 -336.663 780.35 1.0
-118.468 -336.289 780.35 1.0
-118.959 -336.059 780.35 1.0
-161.747 -314.436 780.35 1.0
-162.218 -314.171 780.35 1.0
-162.673 -313.878 780.35 1.0
-202.086 -286.823 780.35 1.0
-202.629 -286.42 780.35 1.0
-203.041 -286.069 780.35 1.0
-238.496 -254.001 780.35 1.0
-238.98 -253.53 780.35 1.0
-239.342 -253.127 780.35 1.0
-270.207 -216.62 780.35 1.0
-270.624 -216.088 780.35 1.0
-270.928 -215.64 780.35 1.0
-296.652 -175.345 780.35 1.0
-296.994 -174.762 780.35 1.0
-297.236 -174.278 780.35 1.0
-317.36 -130.914 780.35 1.0
-317.621 -130.291 780.35 1.0
-317.797 -129.779 780.35 1.0
-332.002 -83.981 780.35 1.0
-332.142 -83.444 780.35 1.0
-332.242 -82.936 780.35 1.0
-340.194 -35.796 780.35 1.0
-340.273 -35.215 780.35 1.0
-340.316 -34.586 780.35 1.0
-341.065 -12.168 780.35 1.0
-354.926 -12.168 780.35 1.0
-537.181 -12.168 780.35 1.0
-537.181 -12.168 800.35 0.0
-512.345 -12.182 800.35 0.0
-512.458 -15.691 800.35 1.0
-505.843 -84.26 800.35 1.0
-490.514 -151.42 800.35 1.0
-466.723 -216.068 800.35 1.0
-434.86 -277.143 800.35 1.0
-395.449 -333.642 800.35 1.0
-349.136 -384.638 800.35 1.0
-296.682 -429.292 800.35 1.0
-238.949 -466.873 800.35 1.0
-176.884 -496.762 800.35 1.0
-111.506 -518.469 800.35 1.0
-43.889 -531.637 800.35 1.0
-11.222 -533.734 800.35 1.0
-11.222 -502.859 800.35 1.0
-11.222 -341.742 800.35 1.0
-11.222 -322.554 800.35 1.0
-18.055 -322.097 800.35 1.0
-18.48 -322.058 800.35 1.0
-19.26 -321.935 800.35 1.0
-60.809 -313.49 800.35 1.0
-61.471 -313.329 800.35 1.0
-61.982 -313.169 800.35 1.0
-102.034 -299.261 800.35 1.0
-102.682 -299.008 800.35 1.0
-103.153 -298.786 800.35 1.0
-140.994 -279.664 800.35 1.0
-141.61 -279.323 800.35 1.0
-142.041 -279.045 800.35 1.0
-176.995 -255.049 800.35 1.0
-177.56 -254.629 800.35 1.0
-177.95 -254.296 800.35 1.0
-209.394 -225.856 800.35 1.0
-209.898 -225.364 800.35 1.0
-210.24 -224.982 800.35 1.0
-237.613 -192.604 800.35 1.0
-238.047 -192.049 800.35 1.0
-238.334 -191.625 800.35 1.0
-261.148 -155.888 800.35 1.0
-261.504 -155.281 800.35 1.0
-261.733 -154.822 800.35 1.0
-279.658 -116.188 800.35 1.0
-279.851 -115.713 800.35 1.0
-280.016 -115.228 800.35 1.0
-292.578 -74.734 800.35 1.0
-292.761 -74.053 800.35 1.0
-292.86 -73.551 800.35 1.0
-299.912 -31.743 800.35 1.0
-300.002 -31.041 800.35 1.0
-300.034 -30.533 800.35 1.0
-300.647 -12.182 800.35 1.0
-319.803 -12.182 800.35 1.0
-509.345 -12.182 800.35 1.0
-509.345 -12.182 820.35 0.0
-484.509 -12.197 820.35 0.0
-484.593 -14.797 820.35 1.0
-478.321 -79.81 820.35 1.0
-463.787 -143.487 820.35 1.0
-441.23 -204.783 820.35 1.0
-411.019 -262.691 820.35 1.0
-373.652 -316.26 820.35 1.0
-329.741 -364.611 820.35 1.0
-280.007 -406.949 820.35 1.0
-225.268 -442.581 820.35 1.0
-166.421 -470.92 820.35 1.0
-104.434 -491.501 820.35 1.0
-40.324 -503.986 820.35 1.0
-11.218 -505.855 820.35 1.0
-11.218 -478.345 820.35 1.0
-11.218 -301.257 820.35 1.0
-11.218 -280.021 820.35 1.0
-12.386 -279.943 820.35 1.0
-13.014 -279.879 820.35 1.0
-13.591 -279.781 820.35 1.0
-49.572 -272.467 820.35 1.0
-50.189 -272.319 820.35 1.0
-50.744 -272.146 820.35 1.0
-85.429 -260.103 820.35 1.0
-86.055 -259.859 820.35 1.0
-86.549 -259.628 820.35 1.0
-118.863 -243.298 820.35 1.0
-119.904 -242.745 820.35 1.0
-120.365 -242.448 820.35 1.0
-150.635 -221.669 820.35 1.0
-151.172 -221.27 820.35 1.0
-151.59 -220.915 820.35 1.0
-178.82 -196.287 820.35 1.0
-179.299 -195.82 820.35 1.0
-179.665 -195.412 820.35 1.0
-203.37 -167.374 820.35 1.0
-203.783 -166.848 820.35 1.0
-204.092 -166.395 820.35 1.0
-223.848 -135.448 820.35 1.0
-224.187 -134.871 820.35 1.0
-224.433 -134.381 820.35 1.0
-239.938 -100.965 820.35 1.0
-240.147 -100.459 820.35 1.0
-240.325 -99.941 820.35 1.0
-251.203 -64.874 820.35 1.0
-251.369 -64.266 820.35 1.0
-251.485 -63.69 820.35 1.0
-257.592 -27.486 820.35 1.0
-257.67 -26.905 820.35 1.0
-257.713 -26.276 820.35 1.0
-258.184 -12.197 820.35 1.0
-279.385 -12.197 820.35 1.0
-481.509 -12.197 820.35 1.0
-481.509 -12.197 840.35 0.0
-454.371 -12.211 840.35 0.0
-454.423 -13.83 840.35 1.0
-448.523 -74.993 840.35 1.0
-434.85 -134.899 840.35 1.0
-413.628 -192.564 840.35 1.0
-385.207 -247.043 840.35 1.0
-350.052 -297.44 840.35 1.0
-308.742 -342.927 840.35 1.0
-261.953 -382.759 840.35 1.0
-210.456 -416.28 840.35 1.0
-155.094 -442.941 840.35 1.0
-96.778 -462.303 840.35 1.0
-36.464 -474.049 840.35 1.0
-11.214 -475.67 840.35 1.0
-11.214 -451.805 840.35 1.0
-11.214 -258.579 840.35 1.0
-11.214 -227.275 840.35 1.0
-35.822 -222.273 840.35 1.0
-36.355 -222.148 840.35 1.0
-36.995 -221.952 840.35 1.0
-65.112 -212.189 840.35 1.0
-65.777 -211.928 840.35 1.0
-66.231 -211.714 840.35 1.0
-92.913 -198.23 840.35 1.0
-93.386 -197.964 840.35 1.0
-93.843 -197.67 840.35 1.0
-118.472 -180.762 840.35 1.0
-118.914 -180.43 840.35 1.0
-119.336 -180.072 840.35 1.0
-141.41 -160.107 840.35 1.0
-141.886 -159.644 840.35 1.0
-142.256 -159.232 840.35 1.0
-161.472 -136.503 840.35 1.0
-161.882 -135.981 840.35 1.0
-162.193 -135.524 840.35 1.0
-178.209 -110.436 840.35 1.0
-178.545 -109.865 840.35 1.0
-178.793 -109.37 840.35 1.0
-191.391 -82.218 840.35 1.0
-191.592 -81.724 840.35 1.0
-191.759 -81.236 840.35 1.0
-200.577 -52.809 840.35 1.0
-200.76 -52.128 840.35 1.0
-200.859 -51.626 840.35 1.0
-205.866 -21.895 840.35 1.0
-205.932 -21.067 840.35 1.0
-206.228 -12.211 840.35 1.0
-236.922 -12.211 840.35 1.0
-451.371 -12.211 840.35 1.0
-451.371 -12.211 860.35 0.0
-419.208 -12.226 860.35 0.0
-419.223 -12.701 860.35 1.0
-413.757 -69.372 860.35 1.0
-401.088 -124.878 860.35 1.0
-381.425 -178.309 860.35 1.0
-355.091 -228.786 860.35 1.0
-322.518 -275.482 860.35 1.0
-284.241 -317.629 860.35 1.0
-240.889 -354.535 860.35 1.0
-193.174 -385.594 860.35 1.0
-141.878 -410.297 860.35 1.0
-87.845 -428.237 860.35 1.0
-31.961 -439.121 860.35 1.0
-11.21 -440.453 860.35 1.0
-11.21 -420.84 860.35 1.0
-11.21 -205.591 860.35 1.0
-11.21 -164.729 860.35 1.0
-19.592 -163.025 860.35 1.0
-20.21 -162.877 860.35 1.0
-20.765 -162.704 860.35 1.0
-41.255 -155.588 860.35 1.0
-41.726 -155.401 860.35 1.0
-42.25 -155.157 860.35 1.0
-61.616 -145.37 860.35 1.0
-62.082 -145.108 860.35 1.0
-62.537 -144.815 860.35 1.0
-80.31 -132.614 860.35 1.0
-80.852 -132.212 860.35 1.0
-81.264 -131.861 860.35 1.0
-97.026 -117.605 860.35 1.0
-97.759 -116.904 860.35 1.0
-98.098 -116.526 860.35 1.0
-112.016 -100.063 860.35 1.0
-112.452 -99.504 860.35 1.0
-112.737 -99.084 860.35 1.0
-124.337 -80.914 860.35 1.0
-124.675 -80.339 860.35 1.0
-124.921 -79.847 860.35 1.0
-134.062 -60.147 860.35 1.0
-134.254 -59.679 860.35 1.0
-134.433 -59.158 860.35 1.0
-140.82 -38.568 860.35 1.0
-140.995 -37.921 860.35 1.0
-141.102 -37.385 860.35 1.0
-144.687 -16.127 860.35 1.0
-144.766 -15.547 860.35 1.0
-144.809 -14.917 860.35 1.0
-144.899 -12.226 860.35 1.0
-184.965 -12.226 860.35 1.0
-416.208 -12.226 860.35 1.0
-416.208 -12.226 880.35 0.0
-383.959 -12.24 880.35 0.0
-378.99 -63.751 880.35 1.0
-367.326 -114.858 880.35 1.0
-349.221 -164.053 880.35 1.0
-324.974 -210.53 880.35 1.0
-294.984 -253.524 880.35 1.0
-259.741 -292.33 880.35 1.0
-219.825 -326.311 880.35 1.0
-175.892 -354.908 880.35 1.0
-128.662 -377.653 880.35 1.0
-78.911 -394.171 880.35 1.0
-27.457 -404.192 880.35 1.0
-11.206 -405.235 880.35 1.0
-11.206 -389.876 880.35 1.0
-11.206 -143.045 880.35 1.0
-11.206 -81.473 880.35 1.0
-20.749 -76.651 880.35 1.0
-21.207 -76.402 880.35 1.0
-21.795 -76.031 880.35 1.0
-30.764 -69.875 880.35 1.0
-31.287 -69.488 880.35 1.0
-31.719 -69.121 880.35 1.0
-39.787 -61.824 880.35 1.0
-40.281 -61.342 880.35 1.0
-40.632 -60.95 880.35 1.0
-47.771 -52.503 880.35 1.0
-48.089 -52.087 880.35 1.0
-48.377 -51.663 880.35 1.0
-54.23 -42.494 880.35 1.0
-54.55 -41.952 880.35 1.0
-54.814 -41.427 880.35 1.0
-59.393 -31.56 880.35 1.0
-59.62 -31.028 880.35 1.0
-59.83 -30.425 880.35 1.0
-63.159 -19.667 880.35 1.0
-63.335 -18.852 880.35 1.0
-64.45 -12.24 880.35 1.0
-123.637 -12.24 880.35 1.0
-380.959 -12.24 880.35 1.0
-380.959 -12.24 900.35 0.0
-348.649 -12.255 900.35 0.0
-344.224 -58.13 900.35 1.0
-333.564 -104.837 900.35 1.0
-317.018 -149.798 900.35 1.0
-294.858 -192.273 900.35 1.0
-267.449 -231.566 900.35 1.0
-235.24 -267.031 900.35 1.0
-198.761 -298.087 900.35 1.0
-158.609 -324.222 900.35 1.0
-115.446 -345.009 900.35 1.0
-69.978 -360.105 900.35 1.0
-22.954 -369.264 900.35 1.0
-11.202 -370.018 900.35 1.0
-11.202 -358.911 900.35 1.0
-11.202 -57.528 900.35 1.0
-11.202 -12.255 900.35 1.0
-42.898 -12.255 900.35 1.0
-345.649 -12.255 900.35 1.0
-345.649 -12.255 920.35 0.0
-11.198 -12.269 920.35 0.0
-302.102 -12.269 920.35 1.0
-298.392 -50.721 920.35 1.0
-289.056 -91.628 920.35 1.0
-274.564 -131.005 920.35 1.0
-255.157 -168.206 920.35 1.0
-231.151 -202.619 920.35 1.0
-202.942 -233.681 920.35 1.0
-170.993 -260.88 920.35 1.0
-135.827 -283.77 920.35 1.0
-98.023 -301.975 920.35 1.0
-58.202 -315.197 920.35 1.0
-17.017 -323.218 920.35 1.0
-11.198 -323.591 920.35 1.0
-11.198 -318.092 920.35 1.0
-11.198 -15.269 920.35 1.0
-11.198 -15.269 940.35 0.0
-11.194 -12.284 940.35 0.0
-254.534 -12.284 940.35 1.0
-251.556 -43.149 940.35 1.0
-243.573 -78.129 940.35 1.0
-231.181 -111.8 940.35 1.0
-214.585 -143.611 940.35 1.0
-194.058 -173.039 940.35 1.0
-169.936 -199.599 940.35 1.0
-142.616 -222.857 940.35 1.0
-112.546 -242.431 940.35 1.0
-80.219 -257.999 940.35 1.0
-46.167 -269.304 940.35 1.0
-11.195 -276.116 940.35 1.0
-11.194 -15.284 940.35 1.0
-11.194 -15.284 960.35 0.0
-11.191 -12.298 960.35 0.0
-204.966 -12.298 960.35 1.0
-202.751 -35.258 960.35 1.0
-196.177 -64.062 960.35 1.0
-185.973 -91.788 960.35 1.0
-172.308 -117.982 960.35 1.0
-155.405 -142.214 960.35 1.0
-135.542 -164.085 960.35 1.0
-113.045 -183.236 960.35 1.0
-88.285 -199.354 960.35 1.0
-61.666 -212.172 960.35 1.0
-33.627 -221.482 960.35 1.0
-11.191 -225.852 960.35 1.0
-11.191 -15.298 960.35 1.0
-11.191 -15.298 980.35 0.0
-11.187 -12.313 980.35 0.0
-133.132 -12.313 980.35 1.0
-132.021 -23.823 980.35 1.0
-127.49 -43.676 980.35 1.0
-120.457 -62.786 980.35 1.0
-111.039 -80.841 980.35 1.0
-99.389 -97.542 980.35 1.0
-85.698 -112.617 980.35 1.0
-70.192 -125.817 980.35 1.0
-53.126 -136.926 980.35 1.0
-34.779 -145.761 980.35 1.0
-15.453 -152.178 980.35 1.0
-11.187 -153.008 980.35 1.0
-11.187 -148.88 980.35 1.0
-11.187 -15.313 980.35 1.0
-11.187 -15.313 1000.35 0.0
-14.451 -15.596 1000.35 0.0
-44.921 -15.596 1000.35 1.0
-44.157 -18.943 1000.35 1.0
-40.971 -27.6 1000.35 1.0
-36.704 -35.779 1000.35 1.0
-31.427 -43.345 1000.35 1.0
-25.225 -50.173 1000.35 1.0
-18.201 -56.154 1000.35 1.0
-14.451 -58.594 1000.35 1.0
-14.451 -18.596 1000.35 1.0
