-1013.411 1.247 0.35 0.0
-1014.581 36.313 0.35 1.0
-1000.672 174.543 0.35 1.0
-968.463 309.689 0.35 1.0
-918.544 439.301 0.35 1.0
-851.758 561.17 0.35 1.0
-769.345 673.018 0.35 1.0
-672.788 772.858 0.35 1.0
-563.725 858.984 0.35 1.0
-444.187 929.784 0.35 1.0
-316.279 984.019 0.35 1.0
-182.321 1020.714 0.35 1.0
-44.63 1039.235 0.35 1.0
0.626 1039.237 0.35 1.0
0.626 1084.452 0.35 1.0
0.626 1198.86 0.35 1.0
-52.014 1198.86 0.35 1.0
-204.493 1179.2 0.35 1.0
-353.206 1140.204 0.35 1.0
-495.711 1082.51 0.35 1.0
-629.669 1007.066 0.35 1.0
-752.879 915.112 0.35 1.0
-863.319 808.157 0.35 1.0
-959.175 687.957 0.35 1.0
-1038.873 556.487 0.35 1.0
-1101.105 415.904 0.35 1.0
-1144.848 268.517 0.35 1.0
-1169.385 116.747 0.35 1.0
-1173.091 1.197 0.35 1.0
-1016.359 1.197 0.35 1.0
-1016.359 1.197 20.35 0.0
-10.276 1059.153 20.35 0.0
-10.276 1094.21 20.35 1.0
-10.276 1195.884 20.35 1.0
-51.823 1195.884 20.35 1.0
-203.923 1176.273 20.35 1.0
-352.266 1137.373 20.35 1.0
-494.417 1079.822 20.35 1.0
-628.042 1004.566 20.35 1.0
-750.945 912.841 20.35 1.0
-861.111 806.152 20.35 1.0
-956.728 686.251 20.35 1.0
-1036.228 555.107 20.35 1.0
-1098.305 414.874 20.35 1.0
-1141.94 267.854 20.35 1.0
-1166.416 116.46 20.35 1.0
-1169.763 12.091 20.35 1.0
-1033.7 12.091 20.35 1.0
-1034.511 36.35 20.35 1.0
-1034.511 36.979 20.35 1.0
-1034.471 37.565 20.35 1.0
-1020.419 177.239 20.35 1.0
-1020.33 177.888 20.35 1.0
-1020.217 178.438 20.35 1.0
-987.674 314.993 20.35 1.0
-987.5 315.625 20.35 1.0
-987.314 316.155 20.35 1.0
-936.861 447.153 20.35 1.0
-936.603 447.756 20.35 1.0
-936.349 448.257 20.35 1.0
-868.885 571.362 20.35 1.0
-868.55 571.925 20.35 1.0
-868.231 572.387 20.35 1.0
-784.961 685.402 20.35 1.0
-784.554 685.915 20.35 1.0
-784.176 686.331 20.35 1.0
-686.586 787.238 20.35 1.0
-686.113 787.693 20.35 1.0
-685.684 788.054 20.35 1.0
-575.515 875.054 20.35 1.0
-574.986 875.441 20.35 1.0
-574.512 875.742 20.35 1.0
-453.73 947.282 20.35 1.0
-453.154 947.595 20.35 1.0
-452.644 947.83 20.35 1.0
-323.404 1002.632 20.35 1.0
-322.792 1002.866 20.35 1.0
-322.256 1003.031 20.35 1.0
-186.769 1040.144 20.35 1.0
-186.226 1040.269 20.35 1.0
-185.673 1040.361 20.35 1.0
-46.546 1059.072 20.35 1.0
-45.963 1059.131 20.35 1.0
-45.333 1059.153 20.35 1.0
-13.276 1059.153 20.35 1.0
-13.276 1059.153 40.35 0.0
-10.279 1076.874 40.35 0.0
-10.279 1113.115 40.35 1.0
-10.279 1211.458 40.35 1.0
-52.823 1211.458 40.35 1.0
-206.906 1191.591 40.35 1.0
-357.184 1152.184 40.35 1.0
-501.188 1093.883 40.35 1.0
-636.555 1017.645 40.35 1.0
-761.062 924.724 40.35 1.0
-872.663 816.644 40.35 1.0
-969.528 695.179 40.35 1.0
-1050.065 562.325 40.35 1.0
-1112.951 420.264 40.35 1.0
-1157.155 271.326 40.35 1.0
-1181.95 117.959 40.35 1.0
-1185.346 12.08 40.35 1.0
-1051.431 12.08 40.35 1.0
-1052.262 36.943 40.35 1.0
-1052.261 37.573 40.35 1.0
-1052.221 38.159 40.35 1.0
-1037.933 180.193 40.35 1.0
-1037.844 180.843 40.35 1.0
-1037.73 181.393 40.35 1.0
-1004.638 320.255 40.35 1.0
-1004.463 320.887 40.35 1.0
-1004.277 321.417 40.35 1.0
-952.971 454.629 40.35 1.0
-952.714 455.232 40.35 1.0
-952.459 455.733 40.35 1.0
-883.856 580.919 40.35 1.0
-883.52 581.482 40.35 1.0
-883.201 581.944 40.35 1.0
-798.524 696.869 40.35 1.0
-798.116 697.382 40.35 1.0
-797.739 697.797 40.35 1.0
-698.499 800.41 40.35 1.0
-698.027 800.865 40.35 1.0
-697.597 801.226 40.35 1.0
-585.566 889.696 40.35 1.0
-585.037 890.084 40.35 1.0
-584.563 890.385 40.35 1.0
-461.74 963.133 40.35 1.0
-461.164 963.447 40.35 1.0
-460.655 963.682 40.35 1.0
-329.23 1019.41 40.35 1.0
-328.618 1019.644 40.35 1.0
-328.082 1019.809 40.35 1.0
-190.306 1057.549 40.35 1.0
-189.764 1057.674 40.35 1.0
-189.21 1057.766 40.35 1.0
-47.733 1076.793 40.35 1.0
-47.149 1076.852 40.35 1.0
-46.519 1076.874 40.35 1.0
-13.279 1076.874 40.35 1.0
-13.279 1076.874 60.35 0.0
-10.282 1094.595 60.35 0.0
-10.282 1132.019 60.35 1.0
-10.282 1227.032 60.35 1.0
-53.823 1227.032 60.35 1.0
-209.889 1206.909 60.35 1.0
-362.101 1166.995 60.35 1.0
-507.959 1107.943 60.35 1.0
-645.069 1030.725 60.35 1.0
-771.178 936.607 60.35 1.0
-884.216 827.136 60.35 1.0
-982.328 704.108 60.35 1.0
-1063.901 569.544 60.35 1.0
-1127.597 425.653 60.35 1.0
-1172.37 274.799 60.35 1.0
-1197.484 119.458 60.35 1.0
-1200.928 12.068 60.35 1.0
-1069.161 12.068 60.35 1.0
-1070.013 37.537 60.35 1.0
-1070.012 38.166 60.35 1.0
-1069.972 38.752 60.35 1.0
-1055.446 183.147 60.35 1.0
-1055.347 183.85 60.35 1.0
-1055.244 184.347 60.35 1.0
-1021.601 325.517 60.35 1.0
-1021.409 326.201 60.35 1.0
-1021.241 326.679 60.35 1.0
-969.082 462.106 60.35 1.0
-968.801 462.758 60.35 1.0
-968.57 463.209 60.35 1.0
-898.826 590.475 60.35 1.0
-898.461 591.084 60.35 1.0
-898.172 591.5 60.35 1.0
-812.087 708.335 60.35 1.0
-811.644 708.89 60.35 1.0
-811.302 709.264 60.35 1.0
-710.27 813.727 60.35 1.0
-709.9 814.073 60.35 1.0
-709.511 814.398 60.35 1.0
-595.618 904.339 60.35 1.0
-595.043 904.757 60.35 1.0
-594.615 905.027 60.35 1.0
-469.75 978.985 60.35 1.0
-469.125 979.323 60.35 1.0
-468.665 979.533 60.35 1.0
-335.056 1036.188 60.35 1.0
-334.444 1036.422 60.35 1.0
-333.907 1036.587 60.35 1.0
-193.844 1074.954 60.35 1.0
-193.302 1075.078 60.35 1.0
-192.748 1075.17 60.35 1.0
-48.919 1094.513 60.35 1.0
-48.335 1094.573 60.35 1.0
-47.706 1094.595 60.35 1.0
-13.282 1094.595 60.35 1.0
-13.282 1094.595 80.35 0.0
-10.285 1112.208 80.35 0.0
-10.285 1150.808 80.35 1.0
-10.285 1242.606 80.35 1.0
-54.823 1242.606 80.35 1.0
-212.873 1222.228 80.35 1.0
-367.019 1181.806 80.35 1.0
-514.731 1122.004 80.35 1.0
-653.583 1043.804 80.35 1.0
-781.294 948.49 80.35 1.0
-895.769 837.628 80.35 1.0
-995.127 713.036 80.35 1.0
-1077.738 576.762 80.35 1.0
-1142.243 431.043 80.35 1.0
-1187.585 278.272 80.35 1.0
-1213.019 120.956 80.35 1.0
-1216.511 12.057 80.35 1.0
-1086.784 12.057 80.35 1.0
-1087.655 38.127 80.35 1.0
-1087.654 38.756 80.35 1.0
-1087.615 39.342 80.35 1.0
-1072.852 186.084 80.35 1.0
-1072.754 186.787 80.35 1.0
-1072.65 187.283 80.35 1.0
-1038.461 330.747 80.35 1.0
-1038.269 331.431 80.35 1.0
-1038.1 331.909 80.35 1.0
-985.094 469.536 80.35 1.0
-984.813 470.188 80.35 1.0
-984.582 470.639 80.35 1.0
-913.705 599.974 80.35 1.0
-913.34 600.582 80.35 1.0
-913.051 600.999 80.35 1.0
-825.567 719.732 80.35 1.0
-825.124 720.287 80.35 1.0
-824.782 720.661 80.35 1.0
-722.111 826.819 80.35 1.0
-721.74 827.165 80.35 1.0
-721.352 827.49 80.35 1.0
-605.608 918.892 80.35 1.0
-605.034 919.31 80.35 1.0
-604.605 919.58 80.35 1.0
-477.712 994.74 80.35 1.0
-477.087 995.078 80.35 1.0
-476.626 995.288 80.35 1.0
-340.847 1052.864 80.35 1.0
-340.182 1053.115 80.35 1.0
-339.698 1053.262 80.35 1.0
-197.26 1092.278 80.35 1.0
-196.764 1092.387 80.35 1.0
-196.264 1092.469 80.35 1.0
-49.972 1112.142 80.35 1.0
-49.447 1112.19 80.35 1.0
-48.885 1112.208 80.35 1.0
-13.285 1112.208 80.35 1.0
-13.285 1112.208 100.35 0.0
-10.288 1129.012 100.35 0.0
-10.288 1168.735 100.35 1.0
-10.288 1258.18 100.35 1.0
-55.823 1258.18 100.35 1.0
-215.856 1237.546 100.35 1.0
-371.937 1196.617 100.35 1.0
-521.502 1136.065 100.35 1.0
-662.096 1056.883 100.35 1.0
-791.411 960.374 100.35 1.0
-907.322 848.12 100.35 1.0
-1007.927 721.965 100.35 1.0
-1091.574 583.981 100.35 1.0
-1156.889 436.433 100.35 1.0
-1202.8 281.744 100.35 1.0
-1228.553 122.455 100.35 1.0
-1232.093 12.046 100.35 1.0
-1103.598 12.046 100.35 1.0
-1104.488 38.689 100.35 1.0
-1104.488 39.319 100.35 1.0
-1104.448 39.905 100.35 1.0
-1089.46 188.885 100.35 1.0
-1089.362 189.588 100.35 1.0
-1089.258 190.084 100.35 1.0
-1054.547 335.737 100.35 1.0
-1054.356 336.421 100.35 1.0
-1054.187 336.899 100.35 1.0
-1000.372 476.626 100.35 1.0
-1000.091 477.278 100.35 1.0
-999.86 477.729 100.35 1.0
-927.901 609.036 100.35 1.0
-927.536 609.645 100.35 1.0
-927.247 610.061 100.35 1.0
-838.429 730.606 100.35 1.0
-837.986 731.161 100.35 1.0
-837.644 731.535 100.35 1.0
-733.409 839.31 100.35 1.0
-733.038 839.657 100.35 1.0
-732.649 839.982 100.35 1.0
-615.14 932.778 100.35 1.0
-614.566 933.196 100.35 1.0
-614.137 933.466 100.35 1.0
-485.308 1009.772 100.35 1.0
-484.683 1010.11 100.35 1.0
-484.222 1010.321 100.35 1.0
-346.371 1068.774 100.35 1.0
-345.707 1069.026 100.35 1.0
-345.223 1069.173 100.35 1.0
-200.614 1108.783 100.35 1.0
-200.119 1108.892 100.35 1.0
-199.619 1108.974 100.35 1.0
-51.097 1128.947 100.35 1.0
-50.572 1128.995 100.35 1.0
-50.01 1129.012 100.35 1.0
-13.288 1129.012 100.35 1.0
-13.288 1129.012 120.35 0.0
-10.29 1145.817 120.35 0.0
-10.29 1186.662 120.35 1.0
-10.291 1272.879 120.35 1.0
-56.766 1272.879 120.35 1.0
-218.671 1252.003 120.35 1.0
-376.578 1210.595 120.35 1.0
-527.893 1149.335 120.35 1.0
-670.131 1069.228 120.35 1.0
-800.958 971.589 120.35 1.0
-918.225 858.022 120.35 1.0
-1020.007 730.391 120.35 1.0
-1104.633 590.793 120.35 1.0
-1170.712 441.52 120.35 1.0
-1217.159 285.022 120.35 1.0
-1243.213 123.869 120.35 1.0
-1246.8 12.035 120.35 1.0
-1120.412 12.035 120.35 1.0
-1121.322 39.252 120.35 1.0
-1121.321 39.882 120.35 1.0
-1121.281 40.468 120.35 1.0
-1106.068 191.686 120.35 1.0
-1105.97 192.389 120.35 1.0
-1105.866 192.886 120.35 1.0
-1070.634 340.727 120.35 1.0
-1070.442 341.411 120.35 1.0
-1070.273 341.889 120.35 1.0
-1015.65 483.715 120.35 1.0
-1015.369 484.367 120.35 1.0
-1015.138 484.818 120.35 1.0
-942.098 618.099 120.35 1.0
-941.733 618.708 120.35 1.0
-941.444 619.124 120.35 1.0
-851.291 741.48 120.35 1.0
-850.848 742.035 120.35 1.0
-850.506 742.409 120.35 1.0
-744.707 851.801 120.35 1.0
-744.336 852.148 120.35 1.0
-743.947 852.473 120.35 1.0
-624.672 946.664 120.35 1.0
-624.098 947.082 120.35 1.0
-623.669 947.352 120.35 1.0
-492.904 1024.804 120.35 1.0
-492.279 1025.142 120.35 1.0
-491.818 1025.353 120.35 1.0
-351.896 1084.685 120.35 1.0
-351.232 1084.937 120.35 1.0
-350.747 1085.084 120.35 1.0
-203.969 1125.288 120.35 1.0
-203.474 1125.397 120.35 1.0
-202.974 1125.479 120.35 1.0
-52.222 1145.752 120.35 1.0
-51.697 1145.8 120.35 1.0
-51.135 1145.817 120.35 1.0
-13.29 1145.817 120.35 1.0
-13.29 1145.817 140.35 0.0
-10.293 1162.159 140.35 0.0
-10.293 1204.094 140.35 1.0
-10.293 1284.857 140.35 1.0
-57.535 1284.857 140.35 1.0
-220.966 1263.785 140.35 1.0
-380.36 1221.987 140.35 1.0
-533.1 1160.149 140.35 1.0
-676.679 1079.287 140.35 1.0
-808.739 980.728 140.35 1.0
-927.111 866.091 140.35 1.0
-1029.852 737.258 140.35 1.0
-1115.274 596.345 140.35 1.0
-1181.976 445.665 140.35 1.0
-1228.861 287.693 140.35 1.0
-1255.161 125.021 140.35 1.0
-1258.784 12.023 140.35 1.0
-1136.761 12.023 140.35 1.0
-1137.69 39.799 140.35 1.0
-1137.689 40.429 140.35 1.0
-1137.649 41.015 140.35 1.0
-1122.218 194.41 140.35 1.0
-1122.119 195.113 140.35 1.0
-1122.015 195.61 140.35 1.0
-1086.276 345.58 140.35 1.0
-1086.085 346.263 140.35 1.0
-1085.916 346.741 140.35 1.0
-1030.506 490.609 140.35 1.0
-1030.225 491.261 140.35 1.0
-1029.994 491.712 140.35 1.0
-955.903 626.912 140.35 1.0
-955.537 627.52 140.35 1.0
-955.248 627.937 140.35 1.0
-863.798 752.054 140.35 1.0
-863.355 752.609 140.35 1.0
-863.013 752.983 140.35 1.0
-755.692 863.948 140.35 1.0
-755.322 864.294 140.35 1.0
-754.933 864.619 140.35 1.0
-633.941 960.166 140.35 1.0
-633.367 960.584 140.35 1.0
-632.938 960.854 140.35 1.0
-500.29 1039.422 140.35 1.0
-499.666 1039.76 140.35 1.0
-499.205 1039.97 140.35 1.0
-357.269 1100.156 140.35 1.0
-356.604 1100.408 140.35 1.0
-356.12 1100.555 140.35 1.0
-207.231 1141.338 140.35 1.0
-206.736 1141.447 140.35 1.0
-206.236 1141.528 140.35 1.0
-53.316 1162.093 140.35 1.0
-52.791 1162.141 140.35 1.0
-52.229 1162.159 140.35 1.0
-13.293 1162.159 140.35 1.0
-13.293 1162.159 160.35 0.0
-10.296 1176.516 160.35 0.0
-10.296 1219.409 160.35 1.0
-10.296 1296.835 160.35 1.0
-58.304 1296.835 160.35 1.0
-223.26 1275.566 160.35 1.0
-384.142 1233.378 160.35 1.0
-538.308 1170.963 160.35 1.0
-683.227 1089.346 160.35 1.0
-816.519 989.868 160.35 1.0
-935.996 874.161 160.35 1.0
-1039.696 744.125 160.35 1.0
-1125.916 601.897 160.35 1.0
-1193.24 449.81 160.35 1.0
-1240.563 290.363 160.35 1.0
-1267.108 126.174 160.35 1.0
-1270.768 12.012 160.35 1.0
-1151.127 12.012 160.35 1.0
-1152.072 40.28 160.35 1.0
-1152.068 40.996 160.35 1.0
-1152.031 41.496 160.35 1.0
-1136.407 196.804 160.35 1.0
-1136.317 197.461 160.35 1.0
-1136.205 198.003 160.35 1.0
-1100.02 349.843 160.35 1.0
-1099.842 350.483 160.35 1.0
-1099.659 351.004 160.35 1.0
-1043.559 496.666 160.35 1.0
-1043.297 497.277 160.35 1.0
-1043.047 497.77 160.35 1.0
-968.032 634.654 160.35 1.0
-967.692 635.225 160.35 1.0
-967.377 635.68 160.35 1.0
-874.787 761.344 160.35 1.0
-874.374 761.864 160.35 1.0
-874.001 762.273 160.35 1.0
-765.41 874.555 160.35 1.0
-765.009 874.936 160.35 1.0
-764.586 875.292 160.35 1.0
-642.085 972.03 160.35 1.0
-641.549 972.422 160.35 1.0
-641.082 972.718 160.35 1.0
-506.78 1052.265 160.35 1.0
-506.197 1052.582 160.35 1.0
-505.695 1052.813 160.35 1.0
-361.989 1113.75 160.35 1.0
-361.368 1113.987 160.35 1.0
-360.84 1114.149 160.35 1.0
-210.098 1155.439 160.35 1.0
-209.602 1155.548 160.35 1.0
-209.102 1155.63 160.35 1.0
-54.277 1176.451 160.35 1.0
-53.752 1176.499 160.35 1.0
-53.19 1176.516 160.35 1.0
-13.296 1176.516 160.35 1.0
-13.296 1176.516 180.35 0.0
-1165.492 12.001 180.35 0.0
-1166.454 40.761 180.35 1.0
-1166.449 41.477 180.35 1.0
-1166.413 41.977 180.35 1.0
-1150.597 199.197 180.35 1.0
-1150.506 199.855 180.35 1.0
-1150.394 200.397 180.35 1.0
-1113.763 354.106 180.35 1.0
-1113.586 354.746 180.35 1.0
-1113.403 355.268 180.35 1.0
-1056.611 502.724 180.35 1.0
-1056.35 503.334 180.35 1.0
-1056.1 503.827 180.35 1.0
-980.161 642.397 180.35 1.0
-979.821 642.968 180.35 1.0
-979.506 643.422 180.35 1.0
-885.775 770.635 180.35 1.0
-885.362 771.155 180.35 1.0
-884.99 771.564 180.35 1.0
-775.062 885.227 180.35 1.0
-774.661 885.608 180.35 1.0
-774.238 885.964 180.35 1.0
-650.229 983.893 180.35 1.0
-649.693 984.285 180.35 1.0
-649.226 984.581 180.35 1.0
-513.27 1065.108 180.35 1.0
-512.687 1065.425 180.35 1.0
-512.185 1065.657 180.35 1.0
-366.709 1127.344 180.35 1.0
-366.088 1127.58 180.35 1.0
-365.56 1127.743 180.35 1.0
-213.053 1169.518 180.35 1.0
-212.514 1169.641 180.35 1.0
-211.968 1169.731 180.35 1.0
-55.238 1190.809 180.35 1.0
-54.713 1190.856 180.35 1.0
-54.151 1190.874 180.35 1.0
-10.299 1190.874 180.35 1.0
-10.299 1234.725 180.35 1.0
-10.299 1308.813 180.35 1.0
-59.073 1308.813 180.35 1.0
-225.555 1287.347 180.35 1.0
-387.924 1244.769 180.35 1.0
-543.516 1181.777 180.35 1.0
-689.775 1099.405 180.35 1.0
-824.3 999.007 180.35 1.0
-944.881 882.23 180.35 1.0
-1049.54 750.992 180.35 1.0
-1136.557 607.448 180.35 1.0
-1204.504 453.956 180.35 1.0
-1252.265 293.034 180.35 1.0
-1279.055 127.327 180.35 1.0
-1282.753 12.001 180.35 1.0
-1168.492 12.001 180.35 1.0
-1168.492 12.001 200.35 0.0
-1179.162 11.989 200.35 0.0
-1180.14 41.219 200.35 1.0
-1180.135 41.935 200.35 1.0
-1180.099 42.434 200.35 1.0
-1164.1 201.475 200.35 1.0
-1164.009 202.133 200.35 1.0
-1163.897 202.674 200.35 1.0
-1126.842 358.163 200.35 1.0
-1126.665 358.803 200.35 1.0
-1126.482 359.325 200.35 1.0
-1069.033 508.488 200.35 1.0
-1068.772 509.098 200.35 1.0
-1068.521 509.591 200.35 1.0
-991.703 649.766 200.35 1.0
-991.363 650.336 200.35 1.0
-991.049 650.791 200.35 1.0
-896.233 779.476 200.35 1.0
-895.82 779.996 200.35 1.0
-895.448 780.405 200.35 1.0
-784.248 895.383 200.35 1.0
-783.847 895.764 200.35 1.0
-783.423 896.12 200.35 1.0
-657.979 995.183 200.35 1.0
-657.443 995.575 200.35 1.0
-656.976 995.871 200.35 1.0
-519.446 1077.33 200.35 1.0
-518.863 1077.647 200.35 1.0
-518.361 1077.879 200.35 1.0
-371.201 1140.28 200.35 1.0
-370.58 1140.517 200.35 1.0
-370.052 1140.679 200.35 1.0
-215.781 1182.937 200.35 1.0
-215.241 1183.06 200.35 1.0
-214.696 1183.151 200.35 1.0
-56.166 1204.47 200.35 1.0
-55.573 1204.523 200.35 1.0
-55.065 1204.537 200.35 1.0
-10.302 1204.537 200.35 1.0
-10.302 1249.3 200.35 1.0
-10.302 1320.791 200.35 1.0
-59.842 1320.791 200.35 1.0
-227.849 1299.129 200.35 1.0
-391.706 1256.16 200.35 1.0
-548.724 1192.591 200.35 1.0
-696.323 1109.465 200.35 1.0
-832.08 1008.146 200.35 1.0
-953.767 890.299 200.35 1.0
-1059.384 757.859 200.35 1.0
-1147.199 613.0 200.35 1.0
-1215.768 458.101 200.35 1.0
-1263.966 295.705 200.35 1.0
-1291.002 128.479 200.35 1.0
-1294.738 11.989 200.35 1.0
-1182.162 11.989 200.35 1.0
-1182.162 11.989 220.35 0.0
-1191.405 11.978 220.35 0.0
-1192.396 41.629 220.35 1.0
-1192.392 42.344 220.35 1.0
-1192.356 42.844 220.35 1.0
-1176.192 203.515 220.35 1.0
-1176.102 204.172 220.35 1.0
-1175.99 204.714 220.35 1.0
-1138.555 361.797 220.35 1.0
-1138.378 362.436 220.35 1.0
-1138.195 362.958 220.35 1.0
-1080.157 513.65 220.35 1.0
-1079.896 514.26 220.35 1.0
-1079.645 514.753 220.35 1.0
-1002.04 656.365 220.35 1.0
-1001.7 656.935 220.35 1.0
-1001.386 657.39 220.35 1.0
-905.598 787.394 220.35 1.0
-905.185 787.914 220.35 1.0
-904.813 788.322 220.35 1.0
-792.474 904.478 220.35 1.0
-792.073 904.86 220.35 1.0
-791.65 905.215 220.35 1.0
-664.919 1005.293 220.35 1.0
-664.383 1005.686 220.35 1.0
-663.916 1005.982 220.35 1.0
-524.977 1088.276 220.35 1.0
-524.394 1088.593 220.35 1.0
-523.892 1088.824 220.35 1.0
-375.224 1151.865 220.35 1.0
-374.603 1152.102 220.35 1.0
-374.075 1152.264 220.35 1.0
-218.224 1194.955 220.35 1.0
-217.684 1195.078 220.35 1.0
-217.139 1195.168 220.35 1.0
-56.985 1216.706 220.35 1.0
-56.392 1216.759 220.35 1.0
-55.885 1216.773 220.35 1.0
-10.305 1216.773 220.35 1.0
-10.305 1262.352 220.35 1.0
-10.305 1332.769 220.35 1.0
-60.611 1332.769 220.35 1.0
-230.143 1310.91 220.35 1.0
-395.488 1267.551 220.35 1.0
-553.931 1203.405 220.35 1.0
-702.871 1119.524 220.35 1.0
-839.861 1017.286 220.35 1.0
-962.652 898.369 220.35 1.0
-1069.229 764.726 220.35 1.0
-1157.84 618.552 220.35 1.0
-1227.032 462.246 220.35 1.0
-1275.668 298.376 220.35 1.0
-1302.949 129.632 220.35 1.0
-1306.722 11.978 220.35 1.0
-1194.405 11.978 220.35 1.0
-10.308 1229.009 240.35 0.0
-10.308 1275.405 240.35 1.0
-10.308 1343.295 240.35 1.0
-61.287 1343.295 240.35 1.0
-232.16 1321.264 240.35 1.0
-398.812 1277.562 240.35 1.0
-558.508 1212.909 240.35 1.0
-708.625 1128.364 240.35 1.0
-846.699 1025.318 240.35 1.0
-970.461 905.461 240.35 1.0
-1077.88 770.761 240.35 1.0
-1167.193 623.431 240.35 1.0
-1236.931 465.889 240.35 1.0
-1285.952 300.723 240.35 1.0
-1313.449 130.644 240.35 1.0
-1317.255 11.967 240.35 1.0
-1203.648 11.967 240.35 1.0
-1204.653 42.038 240.35 1.0
-1204.649 42.754 240.35 1.0
-1204.613 43.254 240.35 1.0
-1188.285 205.555 240.35 1.0
-1188.195 206.212 240.35 1.0
-1188.083 206.754 240.35 1.0
-1150.268 365.43 240.35 1.0
-1150.091 366.07 240.35 1.0
-1149.908 366.592 240.35 1.0
-1091.281 518.812 240.35 1.0
-1091.02 519.423 240.35 1.0
-1090.769 519.915 240.35 1.0
-1012.377 662.963 240.35 1.0
-1012.037 663.534 240.35 1.0
-1011.722 663.988 240.35 1.0
-914.963 795.311 240.35 1.0
-914.55 795.831 240.35 1.0
-914.178 796.24 240.35 1.0
-800.701 913.574 240.35 1.0
-800.299 913.955 240.35 1.0
-799.876 914.31 240.35 1.0
-671.86 1015.404 240.35 1.0
-671.324 1015.796 240.35 1.0
-670.857 1016.092 240.35 1.0
-530.508 1099.221 240.35 1.0
-529.925 1099.538 240.35 1.0
-529.423 1099.769 240.35 1.0
-379.246 1163.45 240.35 1.0
-378.626 1163.687 240.35 1.0
-378.097 1163.849 240.35 1.0
-220.666 1206.973 240.35 1.0
-220.127 1207.096 240.35 1.0
-219.582 1207.186 240.35 1.0
-57.804 1228.943 240.35 1.0
-57.211 1228.995 240.35 1.0
-56.704 1229.009 240.35 1.0
-13.308 1229.009 240.35 1.0
-13.308 1229.009 260.35 0.0
-10.311 1240.968 260.35 0.0
-10.311 1288.161 260.35 1.0
-10.311 1352.314 260.35 1.0
-61.866 1352.314 260.35 1.0
-233.887 1330.135 260.35 1.0
-401.66 1286.139 260.35 1.0
-562.429 1221.051 260.35 1.0
-713.555 1135.939 260.35 1.0
-852.557 1032.199 260.35 1.0
-977.151 911.536 260.35 1.0
-1085.292 775.932 260.35 1.0
-1175.205 627.611 260.35 1.0
-1245.413 469.011 260.35 1.0
-1294.763 302.734 260.35 1.0
-1322.445 131.512 260.35 1.0
-1326.279 11.955 260.35 1.0
-1215.613 11.956 260.35 1.0
-1216.632 42.439 260.35 1.0
-1216.628 43.155 260.35 1.0
-1216.592 43.654 260.35 1.0
-1200.104 207.548 260.35 1.0
-1200.014 208.206 260.35 1.0
-1199.902 208.747 260.35 1.0
-1161.716 368.981 260.35 1.0
-1161.539 369.621 260.35 1.0
-1161.356 370.143 260.35 1.0
-1102.153 523.857 260.35 1.0
-1101.892 524.468 260.35 1.0
-1101.642 524.961 260.35 1.0
-1022.48 669.413 260.35 1.0
-1022.14 669.983 260.35 1.0
-1021.825 670.438 260.35 1.0
-924.116 803.05 260.35 1.0
-923.703 803.57 260.35 1.0
-923.331 803.979 260.35 1.0
-808.741 922.463 260.35 1.0
-808.339 922.844 260.35 1.0
-807.916 923.2 260.35 1.0
-678.643 1025.286 260.35 1.0
-678.107 1025.678 260.35 1.0
-677.64 1025.974 260.35 1.0
-535.914 1109.919 260.35 1.0
-535.331 1110.236 260.35 1.0
-534.829 1110.467 260.35 1.0
-383.178 1174.772 260.35 1.0
-382.557 1175.009 260.35 1.0
-382.029 1175.171 260.35 1.0
-223.054 1218.718 260.35 1.0
-222.514 1218.842 260.35 1.0
-221.969 1218.932 260.35 1.0
-58.67 1240.894 260.35 1.0
-58.108 1240.948 260.35 1.0
-57.504 1240.969 260.35 1.0
-13.311 1240.968 260.35 1.0
-13.311 1240.968 280.35 0.0
-10.314 1251.281 280.35 0.0
-10.314 1299.161 280.35 1.0
-10.314 1361.333 280.35 1.0
-62.445 1361.333 280.35 1.0
-235.615 1339.005 280.35 1.0
-404.508 1294.716 280.35 1.0
-566.351 1229.194 280.35 1.0
-718.486 1143.513 280.35 1.0
-858.415 1039.081 280.35 1.0
-983.841 917.612 280.35 1.0
-1092.705 781.102 280.35 1.0
-1183.218 631.791 280.35 1.0
-1253.894 472.132 280.35 1.0
-1303.574 304.745 280.35 1.0
-1331.44 132.38 280.35 1.0
-1335.302 11.944 280.35 1.0
-1225.931 11.944 280.35 1.0
-1226.962 42.784 280.35 1.0
-1226.958 43.5 280.35 1.0
-1226.921 44.0 280.35 1.0
-1210.295 209.267 280.35 1.0
-1210.214 209.87 280.35 1.0
-1210.093 210.466 280.35 1.0
-1171.587 372.043 280.35 1.0
-1171.427 372.63 280.35 1.0
-1171.227 373.205 280.35 1.0
-1111.529 528.208 280.35 1.0
-1111.268 528.818 280.35 1.0
-1111.017 529.311 280.35 1.0
-1031.191 674.974 280.35 1.0
-1030.851 675.544 280.35 1.0
-1030.537 675.999 280.35 1.0
-932.009 809.723 280.35 1.0
-931.596 810.243 280.35 1.0
-931.224 810.651 280.35 1.0
-815.673 930.128 280.35 1.0
-815.272 930.51 280.35 1.0
-814.849 930.865 280.35 1.0
-684.492 1033.807 280.35 1.0
-683.956 1034.199 280.35 1.0
-683.49 1034.495 280.35 1.0
-540.575 1119.143 280.35 1.0
-539.992 1119.461 280.35 1.0
-539.49 1119.692 280.35 1.0
-386.568 1184.536 280.35 1.0
-385.948 1184.773 280.35 1.0
-385.419 1184.935 280.35 1.0
-225.112 1228.847 280.35 1.0
-224.573 1228.97 280.35 1.0
-224.028 1229.06 280.35 1.0
-59.295 1251.214 280.35 1.0
-58.703 1251.267 280.35 1.0
-58.195 1251.281 280.35 1.0
-13.314 1251.281 280.35 1.0
-13.314 1251.281 300.35 0.0
-1236.249 11.933 300.35 0.0
-1237.292 43.13 300.35 1.0
-1237.287 43.845 300.35 1.0
-1237.251 44.345 300.35 1.0
-1220.487 210.986 300.35 1.0
-1220.406 211.589 300.35 1.0
-1220.285 212.186 300.35 1.0
-1181.459 375.106 300.35 1.0
-1181.298 375.692 300.35 1.0
-1181.098 376.267 300.35 1.0
-1120.904 532.558 300.35 1.0
-1120.666 533.119 300.35 1.0
-1120.392 533.662 300.35 1.0
-1039.903 680.535 300.35 1.0
-1039.593 681.059 300.35 1.0
-1039.249 681.56 300.35 1.0
-939.901 816.396 300.35 1.0
-939.524 816.873 300.35 1.0
-939.116 817.324 300.35 1.0
-822.684 937.715 300.35 1.0
-822.246 938.138 300.35 1.0
-821.782 938.53 300.35 1.0
-690.342 1042.328 300.35 1.0
-689.851 1042.689 300.35 1.0
-689.339 1043.016 300.35 1.0
-545.237 1128.368 300.35 1.0
-544.703 1128.66 300.35 1.0
-544.151 1128.916 300.35 1.0
-389.959 1194.3 300.35 1.0
-389.338 1194.536 300.35 1.0
-388.81 1194.698 300.35 1.0
-227.171 1238.975 300.35 1.0
-226.631 1239.099 300.35 1.0
-226.086 1239.189 300.35 1.0
-59.997 1261.525 300.35 1.0
-59.47 1261.574 300.35 1.0
-58.885 1261.593 300.35 1.0
-10.317 1261.593 300.35 1.0
-10.317 1310.161 300.35 1.0
-10.317 1370.352 300.35 1.0
-63.024 1370.352 300.35 1.0
-237.343 1347.876 300.35 1.0
-407.356 1303.293 300.35 1.0
-570.272 1237.336 300.35 1.0
-723.416 1151.087 300.35 1.0
-864.273 1045.962 300.35 1.0
-990.531 923.688 300.35 1.0
-1100.117 786.272 300.35 1.0
-1191.23 635.971 300.35 1.0
-1262.375 475.253 300.35 1.0
-1312.385 306.756 300.35 1.0
-1340.436 133.248 300.35 1.0
-1344.326 11.933 300.35 1.0
-1239.249 11.933 300.35 1.0
-1239.249 11.933 320.35 0.0
-10.32 1271.906 320.35 0.0
-10.32 1321.161 320.35 1.0
-10.32 1379.371 320.35 1.0
-63.603 1379.371 320.35 1.0
-239.07 1356.747 320.35 1.0
-410.203 1311.87 320.35 1.0
-574.193 1245.478 320.35 1.0
-728.346 1158.661 320.35 1.0
-870.132 1052.844 320.35 1.0
-997.222 929.764 320.35 1.0
-1107.529 791.443 320.35 1.0
-1199.243 640.152 320.35 1.0
-1270.857 478.374 320.35 1.0
-1321.195 308.767 320.35 1.0
-1349.432 134.116 320.35 1.0
-1353.35 11.922 320.35 1.0
-1246.566 11.922 320.35 1.0
-1247.621 43.475 320.35 1.0
-1247.617 44.191 320.35 1.0
-1247.581 44.69 320.35 1.0
-1230.678 212.705 320.35 1.0
-1230.597 213.309 320.35 1.0
-1230.476 213.905 320.35 1.0
-1191.33 378.168 320.35 1.0
-1191.169 378.755 320.35 1.0
-1190.97 379.329 320.35 1.0
-1130.279 536.909 320.35 1.0
-1130.042 537.469 320.35 1.0
-1129.767 538.012 320.35 1.0
-1048.615 686.097 320.35 1.0
-1048.305 686.62 320.35 1.0
-1047.96 687.122 320.35 1.0
-947.794 823.068 320.35 1.0
-947.417 823.546 320.35 1.0
-947.009 823.997 320.35 1.0
-829.617 945.38 320.35 1.0
-829.179 945.803 320.35 1.0
-828.715 946.196 320.35 1.0
-696.191 1050.849 320.35 1.0
-695.701 1051.21 320.35 1.0
-695.188 1051.537 320.35 1.0
-549.898 1137.592 320.35 1.0
-549.364 1137.885 320.35 1.0
-548.813 1138.141 320.35 1.0
-393.349 1204.063 320.35 1.0
-392.781 1204.282 320.35 1.0
-392.2 1204.462 320.35 1.0
-229.241 1249.101 320.35 1.0
-228.744 1249.216 320.35 1.0
-228.145 1249.317 320.35 1.0
-60.672 1271.839 320.35 1.0
-60.08 1271.892 320.35 1.0
-59.575 1271.906 320.35 1.0
-13.32 1271.906 320.35 1.0
-13.32 1271.906 340.35 0.0
-10.323 1280.925 340.35 0.0
-10.323 1330.781 340.35 1.0
-10.323 1388.39 340.35 1.0
-64.182 1388.39 340.35 1.0
-240.798 1365.618 340.35 1.0
-413.051 1320.447 340.35 1.0
-578.114 1253.621 340.35 1.0
-733.276 1166.235 340.35 1.0
-875.99 1059.725 340.35 1.0
-1003.912 935.84 340.35 1.0
-1114.941 796.613 340.35 1.0
-1207.255 644.332 340.35 1.0
-1279.338 481.495 340.35 1.0
-1330.006 310.778 340.35 1.0
-1358.427 134.983 340.35 1.0
-1362.374 11.91 340.35 1.0
-1255.59 11.91 340.35 1.0
-1256.656 43.777 340.35 1.0
-1256.652 44.493 340.35 1.0
-1256.615 44.993 340.35 1.0
-1239.592 214.209 340.35 1.0
-1239.511 214.812 340.35 1.0
-1239.39 215.408 340.35 1.0
-1199.964 380.846 340.35 1.0
-1199.803 381.433 340.35 1.0
-1199.604 382.007 340.35 1.0
-1138.479 540.714 340.35 1.0
-1138.241 541.274 340.35 1.0
-1137.967 541.817 340.35 1.0
-1056.234 690.961 340.35 1.0
-1055.924 691.484 340.35 1.0
-1055.58 691.986 340.35 1.0
-954.697 828.905 340.35 1.0
-954.32 829.382 340.35 1.0
-953.912 829.833 340.35 1.0
-835.68 952.084 340.35 1.0
-835.243 952.507 340.35 1.0
-834.778 952.9 340.35 1.0
-701.307 1058.301 340.35 1.0
-700.817 1058.662 340.35 1.0
-700.304 1058.99 340.35 1.0
-553.975 1145.66 340.35 1.0
-553.441 1145.953 340.35 1.0
-552.89 1146.209 340.35 1.0
-396.314 1212.603 340.35 1.0
-395.746 1212.821 340.35 1.0
-395.165 1213.002 340.35 1.0
-231.041 1257.959 340.35 1.0
-230.545 1258.075 340.35 1.0
-229.946 1258.176 340.35 1.0
-61.281 1280.858 340.35 1.0
-60.72 1280.909 340.35 1.0
-60.179 1280.925 340.35 1.0
-13.323 1280.925 340.35 1.0
-13.323 1280.925 360.35 0.0
-10.326 1289.498 360.35 0.0
-10.326 1339.924 360.35 1.0
-10.326 1397.039 360.35 1.0
-64.738 1397.039 360.35 1.0
-242.455 1374.125 360.35 1.0
-415.782 1328.673 360.35 1.0
-581.875 1261.43 360.35 1.0
-738.004 1173.499 360.35 1.0
-881.608 1066.325 360.35 1.0
-1010.328 941.667 360.35 1.0
-1122.05 801.572 360.35 1.0
-1214.939 648.341 360.35 1.0
-1287.472 484.489 360.35 1.0
-1338.456 312.707 360.35 1.0
-1367.054 135.816 360.35 1.0
-1371.028 11.899 360.35 1.0
-1264.168 11.899 360.35 1.0
-1265.243 44.064 360.35 1.0
-1265.239 44.78 360.35 1.0
-1265.202 45.28 360.35 1.0
-1248.064 215.638 360.35 1.0
-1247.983 216.241 360.35 1.0
-1247.862 216.837 360.35 1.0
-1208.17 383.391 360.35 1.0
-1208.009 383.978 360.35 1.0
-1207.81 384.553 360.35 1.0
-1146.272 544.331 360.35 1.0
-1146.035 544.891 360.35 1.0
-1145.76 545.434 360.35 1.0
-1063.476 695.584 360.35 1.0
-1063.166 696.108 360.35 1.0
-1062.822 696.609 360.35 1.0
-961.258 834.452 360.35 1.0
-960.881 834.929 360.35 1.0
-960.473 835.381 360.35 1.0
-841.443 958.456 360.35 1.0
-841.006 958.88 360.35 1.0
-840.541 959.272 360.35 1.0
-706.169 1065.385 360.35 1.0
-705.679 1065.746 360.35 1.0
-705.167 1066.073 360.35 1.0
-557.85 1153.329 360.35 1.0
-557.316 1153.621 360.35 1.0
-556.765 1153.877 360.35 1.0
-399.133 1220.719 360.35 1.0
-398.564 1220.938 360.35 1.0
-397.984 1221.118 360.35 1.0
-232.753 1266.379 360.35 1.0
-232.256 1266.494 360.35 1.0
-231.657 1266.595 360.35 1.0
-61.842 1289.432 360.35 1.0
-61.344 1289.479 360.35 1.0
-60.753 1289.498 360.35 1.0
-13.326 1289.498 360.35 1.0
-13.326 1289.498 380.35 0.0
-10.329 1298.07 380.35 0.0
-10.329 1349.068 380.35 1.0
-10.329 1403.485 380.35 1.0
-65.151 1403.485 380.35 1.0
-243.689 1380.465 380.35 1.0
-417.818 1334.803 380.35 1.0
-584.677 1267.249 380.35 1.0
-741.528 1178.912 380.35 1.0
-885.795 1071.243 380.35 1.0
-1015.109 946.009 380.35 1.0
-1127.347 805.267 380.35 1.0
-1220.666 651.328 380.35 1.0
-1293.534 486.72 380.35 1.0
-1344.753 314.144 380.35 1.0
-1373.484 136.436 380.35 1.0
-1377.478 11.888 380.35 1.0
-1272.745 11.888 380.35 1.0
-1273.83 44.351 380.35 1.0
-1273.826 45.067 380.35 1.0
-1273.789 45.567 380.35 1.0
-1256.536 217.067 380.35 1.0
-1256.455 217.67 380.35 1.0
-1256.334 218.266 380.35 1.0
-1216.376 385.937 380.35 1.0
-1216.215 386.524 380.35 1.0
-1216.016 387.099 380.35 1.0
-1154.066 547.947 380.35 1.0
-1153.828 548.508 380.35 1.0
-1153.554 549.05 380.35 1.0
-1070.718 700.207 380.35 1.0
-1070.408 700.731 380.35 1.0
-1070.064 701.232 380.35 1.0
-967.82 839.999 380.35 1.0
-967.442 840.477 380.35 1.0
-967.034 840.928 380.35 1.0
-847.207 964.828 380.35 1.0
-846.769 965.252 380.35 1.0
-846.305 965.644 380.35 1.0
-711.032 1072.468 380.35 1.0
-710.542 1072.829 380.35 1.0
-710.029 1073.156 380.35 1.0
-561.725 1160.997 380.35 1.0
-561.191 1161.29 380.35 1.0
-560.64 1161.546 380.35 1.0
-401.951 1228.835 380.35 1.0
-401.383 1229.054 380.35 1.0
-400.802 1229.234 380.35 1.0
-234.464 1274.798 380.35 1.0
-233.968 1274.914 380.35 1.0
-233.368 1275.015 380.35 1.0
-62.491 1297.996 380.35 1.0
-61.934 1298.05 380.35 1.0
-61.327 1298.07 380.35 1.0
-13.329 1298.07 380.35 1.0
-13.329 1298.07 400.35 0.0
-1281.109 11.876 400.35 0.0
-1282.204 44.631 400.35 1.0
-1282.2 45.347 400.35 1.0
-1282.164 45.847 400.35 1.0
-1264.799 218.461 400.35 1.0
-1264.718 219.064 400.35 1.0
-1264.596 219.66 400.35 1.0
-1224.379 388.42 400.35 1.0
-1224.218 389.006 400.35 1.0
-1224.019 389.581 400.35 1.0
-1161.667 551.474 400.35 1.0
-1161.429 552.035 400.35 1.0
-1161.155 552.578 400.35 1.0
-1077.781 704.716 400.35 1.0
-1077.47 705.239 400.35 1.0
-1077.126 705.741 400.35 1.0
-974.218 845.409 400.35 1.0
-973.841 845.886 400.35 1.0
-973.433 846.337 400.35 1.0
-852.827 971.043 400.35 1.0
-852.39 971.466 400.35 1.0
-851.925 971.859 400.35 1.0
-715.774 1079.376 400.35 1.0
-715.284 1079.737 400.35 1.0
-714.771 1080.065 400.35 1.0
-565.504 1168.476 400.35 1.0
-564.97 1168.768 400.35 1.0
-564.419 1169.024 400.35 1.0
-404.699 1236.751 400.35 1.0
-404.131 1236.97 400.35 1.0
-403.551 1237.15 400.35 1.0
-236.133 1283.01 400.35 1.0
-235.637 1283.125 400.35 1.0
-235.037 1283.226 400.35 1.0
-62.984 1306.364 400.35 1.0
-62.404 1306.416 400.35 1.0
-61.886 1306.431 400.35 1.0
-10.332 1306.431 400.35 1.0
-10.332 1357.985 400.35 1.0
-10.332 1409.931 400.35 1.0
-65.565 1409.931 400.35 1.0
-244.924 1386.805 400.35 1.0
-419.853 1340.933 400.35 1.0
-587.48 1273.069 400.35 1.0
-745.052 1184.326 400.35 1.0
-889.982 1076.161 400.35 1.0
-1019.891 950.352 400.35 1.0
-1132.645 808.963 400.35 1.0
-1226.393 654.316 400.35 1.0
-1299.596 488.95 400.35 1.0
-1351.05 315.582 400.35 1.0
-1379.913 137.056 400.35 1.0
-1383.927 11.876 400.35 1.0
-1284.109 11.876 400.35 1.0
-1284.109 11.876 420.35 0.0
-1288.089 11.865 420.35 0.0
-1289.192 44.865 420.35 1.0
-1289.188 45.581 420.35 1.0
-1289.151 46.08 420.35 1.0
-1271.693 219.624 420.35 1.0
-1271.612 220.227 420.35 1.0
-1271.491 220.823 420.35 1.0
-1231.057 390.491 420.35 1.0
-1230.896 391.078 420.35 1.0
-1230.696 391.653 420.35 1.0
-1168.009 554.417 420.35 1.0
-1167.771 554.978 420.35 1.0
-1167.497 555.521 420.35 1.0
-1083.674 708.478 420.35 1.0
-1083.364 709.001 420.35 1.0
-1083.019 709.503 420.35 1.0
-979.557 849.923 420.35 1.0
-979.18 850.4 420.35 1.0
-978.772 850.851 420.35 1.0
-857.517 976.228 420.35 1.0
-857.079 976.651 420.35 1.0
-856.615 977.044 420.35 1.0
-719.731 1085.14 420.35 1.0
-719.241 1085.502 420.35 1.0
-718.728 1085.829 420.35 1.0
-568.657 1174.716 420.35 1.0
-568.123 1175.008 420.35 1.0
-567.572 1175.264 420.35 1.0
-406.993 1243.356 420.35 1.0
-406.425 1243.575 420.35 1.0
-405.844 1243.755 420.35 1.0
-237.526 1289.861 420.35 1.0
-237.029 1289.977 420.35 1.0
-236.43 1290.078 420.35 1.0
-63.451 1313.34 420.35 1.0
-62.868 1313.392 420.35 1.0
-62.353 1313.407 420.35 1.0
-10.335 1313.407 420.35 1.0
-10.335 1364.892 420.35 1.0
-10.335 1416.377 420.35 1.0
-65.979 1416.377 420.35 1.0
-246.159 1393.145 420.35 1.0
-421.888 1347.064 420.35 1.0
-590.282 1278.888 420.35 1.0
-748.576 1189.739 420.35 1.0
-894.17 1081.08 420.35 1.0
-1024.673 954.694 420.35 1.0
-1137.943 812.658 420.35 1.0
-1232.12 657.304 420.35 1.0
-1305.657 491.181 420.35 1.0
-1357.348 317.019 420.35 1.0
-1386.343 137.676 420.35 1.0
-1390.377 11.865 420.35 1.0
-1291.089 11.865 420.35 1.0
-1291.089 11.865 440.35 0.0
-1295.068 11.854 440.35 0.0
-1296.18 45.098 440.35 1.0
-1296.175 45.814 440.35 1.0
-1296.139 46.314 440.35 1.0
-1278.587 220.787 440.35 1.0
-1278.506 221.39 440.35 1.0
-1278.385 221.986 440.35 1.0
-1237.734 392.562 440.35 1.0
-1237.573 393.149 440.35 1.0
-1237.374 393.724 440.35 1.0
-1174.351 557.36 440.35 1.0
-1174.113 557.921 440.35 1.0
-1173.839 558.464 440.35 1.0
-1089.567 712.24 440.35 1.0
-1089.257 712.763 440.35 1.0
-1088.913 713.265 440.35 1.0
-984.897 854.437 440.35 1.0
-984.519 854.914 440.35 1.0
-984.111 855.365 440.35 1.0
-862.207 981.414 440.35 1.0
-861.769 981.837 440.35 1.0
-861.305 982.229 440.35 1.0
-723.688 1090.905 440.35 1.0
-723.198 1091.266 440.35 1.0
-722.685 1091.593 440.35 1.0
-571.811 1180.956 440.35 1.0
-571.277 1181.248 440.35 1.0
-570.725 1181.504 440.35 1.0
-409.286 1249.96 440.35 1.0
-408.718 1250.179 440.35 1.0
-408.137 1250.359 440.35 1.0
-238.918 1296.713 440.35 1.0
-238.422 1296.828 440.35 1.0
-237.823 1296.929 440.35 1.0
-63.917 1320.316 440.35 1.0
-63.332 1320.368 440.35 1.0
-62.82 1320.383 440.35 1.0
-10.338 1320.383 440.35 1.0
-10.338 1371.603 440.35 1.0
-10.338 1422.823 440.35 1.0
-66.393 1422.823 440.35 1.0
-247.394 1399.486 440.35 1.0
-423.924 1353.194 440.35 1.0
-593.085 1284.708 440.35 1.0
-752.099 1195.153 440.35 1.0
-898.357 1085.998 440.35 1.0
-1029.454 959.037 440.35 1.0
-1143.241 816.354 440.35 1.0
-1237.847 660.291 440.35 1.0
-1311.719 493.412 440.35 1.0
-1363.645 318.456 440.35 1.0
-1392.772 138.297 440.35 1.0
-1396.827 11.854 440.35 1.0
-1298.068 11.854 440.35 1.0
-1298.068 11.854 460.35 0.0
-1302.048 11.843 460.35 0.0
-1303.167 45.332 460.35 1.0
-1303.163 46.048 460.35 1.0
-1303.127 46.548 460.35 1.0
-1285.481 221.95 460.35 1.0
-1285.4 222.553 460.35 1.0
-1285.279 223.149 460.35 1.0
-1244.412 394.634 460.35 1.0
-1244.251 395.221 460.35 1.0
-1244.052 395.795 460.35 1.0
-1180.693 560.303 460.35 1.0
-1180.455 560.864 460.35 1.0
-1180.181 561.407 460.35 1.0
-1095.46 716.002 460.35 1.0
-1095.15 716.525 460.35 1.0
-1094.806 717.027 460.35 1.0
-990.236 858.951 460.35 1.0
-989.859 859.428 460.35 1.0
-989.451 859.879 460.35 1.0
-866.897 986.599 460.35 1.0
-866.459 987.022 460.35 1.0
-865.995 987.415 460.35 1.0
-727.645 1096.669 460.35 1.0
-727.154 1097.03 460.35 1.0
-726.642 1097.357 460.35 1.0
-574.964 1187.196 460.35 1.0
-574.43 1187.489 460.35 1.0
-573.879 1187.744 460.35 1.0
-411.58 1256.565 460.35 1.0
-411.011 1256.784 460.35 1.0
-410.431 1256.964 460.35 1.0
-240.311 1303.564 460.35 1.0
-239.815 1303.68 460.35 1.0
-239.215 1303.781 460.35 1.0
-64.384 1327.293 460.35 1.0
-63.796 1327.345 460.35 1.0
-63.287 1327.359 460.35 1.0
-10.341 1327.359 460.35 1.0
-10.341 1378.314 460.35 1.0
-10.341 1429.269 460.35 1.0
-66.807 1429.269 460.35 1.0
-248.628 1405.826 460.35 1.0
-425.959 1359.324 460.35 1.0
-595.888 1290.528 460.35 1.0
-755.623 1200.566 460.35 1.0
-902.544 1090.917 460.35 1.0
-1034.236 963.38 460.35 1.0
-1148.538 820.049 460.35 1.0
-1243.573 663.279 460.35 1.0
-1317.781 495.643 460.35 1.0
-1369.942 319.894 460.35 1.0
-1399.201 138.917 460.35 1.0
-1403.276 11.843 460.35 1.0
-1305.048 11.843 460.35 1.0
-1305.048 11.843 480.35 0.0
-1308.541 11.831 480.35 0.0
-1309.668 45.549 480.35 1.0
-1309.664 46.265 480.35 1.0
-1309.627 46.765 480.35 1.0
-1291.895 223.031 480.35 1.0
-1291.814 223.635 480.35 1.0
-1291.693 224.231 480.35 1.0
-1250.624 396.561 480.35 1.0
-1250.464 397.148 480.35 1.0
-1250.264 397.723 480.35 1.0
-1186.593 563.041 480.35 1.0
-1186.355 563.602 480.35 1.0
-1186.081 564.145 480.35 1.0
-1100.943 719.502 480.35 1.0
-1100.633 720.025 480.35 1.0
-1100.288 720.527 480.35 1.0
-995.203 863.15 480.35 1.0
-994.826 863.628 480.35 1.0
-994.418 864.079 480.35 1.0
-871.26 991.423 480.35 1.0
-870.822 991.846 480.35 1.0
-870.358 992.239 480.35 1.0
-731.326 1102.031 480.35 1.0
-730.836 1102.392 480.35 1.0
-730.323 1102.72 480.35 1.0
-577.898 1193.001 480.35 1.0
-577.364 1193.294 480.35 1.0
-576.812 1193.55 480.35 1.0
-413.713 1262.71 480.35 1.0
-413.145 1262.929 480.35 1.0
-412.564 1263.109 480.35 1.0
-241.607 1309.938 480.35 1.0
-241.11 1310.054 480.35 1.0
-240.511 1310.155 480.35 1.0
-64.818 1333.783 480.35 1.0
-64.229 1333.835 480.35 1.0
-63.722 1333.849 480.35 1.0
-10.344 1333.849 480.35 1.0
-10.344 1384.782 480.35 1.0
-10.344 1435.715 480.35 1.0
-67.221 1435.715 480.35 1.0
-249.863 1412.166 480.35 1.0
-427.995 1365.454 480.35 1.0
-598.69 1296.347 480.35 1.0
-759.147 1205.98 480.35 1.0
-906.731 1095.835 480.35 1.0
-1039.018 967.722 480.35 1.0
-1153.836 823.745 480.35 1.0
-1249.3 666.267 480.35 1.0
-1323.843 497.874 480.35 1.0
-1376.24 321.331 480.35 1.0
-1405.631 139.537 480.35 1.0
-1409.726 11.831 480.35 1.0
-1311.541 11.831 480.35 1.0
-1311.541 11.831 500.35 0.0
-10.347 1339.338 500.35 0.0
-10.347 1390.453 500.35 1.0
-10.347 1441.568 500.35 1.0
-67.597 1441.568 500.35 1.0
-250.984 1417.923 500.35 1.0
-429.843 1371.021 500.35 1.0
-601.235 1301.632 500.35 1.0
-762.347 1210.895 500.35 1.0
-910.533 1100.301 500.35 1.0
-1043.36 971.666 500.35 1.0
-1158.647 827.1 500.35 1.0
-1254.501 668.98 500.35 1.0
-1329.347 499.899 500.35 1.0
-1381.958 322.636 500.35 1.0
-1411.469 140.1 500.35 1.0
-1415.583 11.82 500.35 1.0
-1314.033 11.82 500.35 1.0
-1315.167 45.733 500.35 1.0
-1315.166 46.363 500.35 1.0
-1315.126 46.949 500.35 1.0
-1297.32 223.947 500.35 1.0
-1297.239 224.55 500.35 1.0
-1297.118 225.146 500.35 1.0
-1255.879 398.191 500.35 1.0
-1255.718 398.778 500.35 1.0
-1255.519 399.353 500.35 1.0
-1191.583 565.357 500.35 1.0
-1191.346 565.918 500.35 1.0
-1191.071 566.46 500.35 1.0
-1105.58 722.462 500.35 1.0
-1105.27 722.986 500.35 1.0
-1104.926 723.487 500.35 1.0
-999.404 866.702 500.35 1.0
-999.027 867.18 500.35 1.0
-998.619 867.631 500.35 1.0
-874.95 995.503 500.35 1.0
-874.513 995.926 500.35 1.0
-874.048 996.319 500.35 1.0
-734.439 1106.567 500.35 1.0
-733.949 1106.928 500.35 1.0
-733.437 1107.255 500.35 1.0
-580.379 1197.912 500.35 1.0
-579.845 1198.204 500.35 1.0
-579.293 1198.46 500.35 1.0
-415.518 1267.907 500.35 1.0
-414.95 1268.126 500.35 1.0
-414.369 1268.306 500.35 1.0
-242.702 1315.33 500.35 1.0
-242.206 1315.445 500.35 1.0
-241.607 1315.546 500.35 1.0
-65.185 1339.272 500.35 1.0
-64.596 1339.324 500.35 1.0
-64.089 1339.338 500.35 1.0
-13.347 1339.338 500.35 1.0
-13.347 1339.338 520.35 0.0
-10.35 1344.827 520.35 0.0
-10.35 1395.26 520.35 1.0
-10.35 1445.692 520.35 1.0
-67.861 1445.692 520.35 1.0
-251.774 1421.98 520.35 1.0
-431.145 1374.943 520.35 1.0
-603.028 1305.355 520.35 1.0
-764.601 1214.359 520.35 1.0
-913.212 1103.448 520.35 1.0
-1046.419 974.444 520.35 1.0
-1162.036 829.465 520.35 1.0
-1258.164 670.891 520.35 1.0
-1333.226 501.326 520.35 1.0
-1385.987 323.556 520.35 1.0
-1415.582 140.497 520.35 1.0
-1419.709 11.809 520.35 1.0
-1319.525 11.809 520.35 1.0
-1320.665 45.917 520.35 1.0
-1320.665 46.547 520.35 1.0
-1320.625 47.133 520.35 1.0
-1302.745 224.862 520.35 1.0
-1302.664 225.465 520.35 1.0
-1302.543 226.061 520.35 1.0
-1261.134 399.821 520.35 1.0
-1260.973 400.408 520.35 1.0
-1260.773 400.983 520.35 1.0
-1196.574 567.673 520.35 1.0
-1196.336 568.233 520.35 1.0
-1196.062 568.776 520.35 1.0
-1110.217 725.422 520.35 1.0
-1109.907 725.946 520.35 1.0
-1109.563 726.448 520.35 1.0
-1003.606 870.254 520.35 1.0
-1003.228 870.732 520.35 1.0
-1002.82 871.183 520.35 1.0
-878.641 999.583 520.35 1.0
-878.203 1000.007 520.35 1.0
-877.739 1000.399 520.35 1.0
-737.553 1111.103 520.35 1.0
-737.063 1111.464 520.35 1.0
-736.55 1111.791 520.35 1.0
-582.86 1202.822 520.35 1.0
-582.326 1203.115 520.35 1.0
-581.775 1203.37 520.35 1.0
-417.323 1273.104 520.35 1.0
-416.754 1273.323 520.35 1.0
-416.174 1273.503 520.35 1.0
-243.798 1320.721 520.35 1.0
-243.302 1320.837 520.35 1.0
-242.703 1320.938 520.35 1.0
-65.552 1344.761 520.35 1.0
-64.958 1344.814 520.35 1.0
-64.457 1344.827 520.35 1.0
-13.35 1344.827 520.35 1.0
-13.35 1344.827 540.35 0.0
-10.353 1350.317 540.35 0.0
-10.353 1400.067 540.35 1.0
-10.353 1449.816 540.35 1.0
-68.126 1449.816 540.35 1.0
-252.564 1426.036 540.35 1.0
-432.447 1378.865 540.35 1.0
-604.821 1309.078 540.35 1.0
-766.856 1217.822 540.35 1.0
-915.891 1106.595 540.35 1.0
-1049.478 977.222 540.35 1.0
-1165.426 831.829 540.35 1.0
-1261.828 672.802 540.35 1.0
-1337.104 502.754 540.35 1.0
-1390.016 324.475 540.35 1.0
-1419.696 140.894 540.35 1.0
-1423.836 11.797 540.35 1.0
-1325.017 11.797 540.35 1.0
-1326.164 46.101 540.35 1.0
-1326.163 46.73 540.35 1.0
-1326.123 47.316 540.35 1.0
-1308.17 225.777 540.35 1.0
-1308.089 226.38 540.35 1.0
-1307.968 226.976 540.35 1.0
-1266.388 401.451 540.35 1.0
-1266.228 402.038 540.35 1.0
-1266.028 402.613 540.35 1.0
-1201.564 569.989 540.35 1.0
-1201.327 570.549 540.35 1.0
-1201.052 571.092 540.35 1.0
-1114.855 728.383 540.35 1.0
-1114.544 728.906 540.35 1.0
-1114.2 729.408 540.35 1.0
-1007.807 873.806 540.35 1.0
-1007.43 874.284 540.35 1.0
-1007.022 874.735 540.35 1.0
-882.331 1003.664 540.35 1.0
-881.894 1004.087 540.35 1.0
-881.429 1004.48 540.35 1.0
-740.667 1115.639 540.35 1.0
-740.177 1116.0 540.35 1.0
-739.664 1116.327 540.35 1.0
-585.342 1207.732 540.35 1.0
-584.808 1208.025 540.35 1.0
-584.256 1208.281 540.35 1.0
-419.127 1278.301 540.35 1.0
-418.559 1278.52 540.35 1.0
-417.978 1278.7 540.35 1.0
-244.894 1326.113 540.35 1.0
-244.398 1326.228 540.35 1.0
-243.798 1326.329 540.35 1.0
-65.988 1350.242 540.35 1.0
-65.44 1350.296 540.35 1.0
-64.841 1350.317 540.35 1.0
-13.353 1350.317 540.35 1.0
-13.353 1350.317 560.35 0.0
-10.356 1355.323 560.35 0.0
-10.356 1404.632 560.35 1.0
-10.356 1453.94 560.35 1.0
-68.391 1453.94 560.35 1.0
-253.354 1430.092 560.35 1.0
-433.749 1382.787 560.35 1.0
-606.614 1312.802 560.35 1.0
-769.11 1221.286 560.35 1.0
-918.569 1109.741 560.35 1.0
-1052.537 980.0 560.35 1.0
-1168.815 834.193 560.35 1.0
-1265.492 674.714 560.35 1.0
-1340.982 504.181 560.35 1.0
-1394.045 325.395 560.35 1.0
-1423.809 141.291 560.35 1.0
-1427.962 11.786 560.35 1.0
-1330.026 11.786 560.35 1.0
-1331.179 46.269 560.35 1.0
-1331.178 46.898 560.35 1.0
-1331.138 47.484 560.35 1.0
-1313.118 226.611 560.35 1.0
-1313.037 227.214 560.35 1.0
-1312.916 227.811 560.35 1.0
-1271.181 402.938 560.35 1.0
-1271.02 403.524 560.35 1.0
-1270.821 404.099 560.35 1.0
-1206.116 572.101 560.35 1.0
-1205.878 572.661 560.35 1.0
-1205.604 573.204 560.35 1.0
-1119.084 731.083 560.35 1.0
-1118.774 731.606 560.35 1.0
-1118.43 732.108 560.35 1.0
-1011.639 877.046 560.35 1.0
-1011.261 877.523 560.35 1.0
-1010.853 877.974 560.35 1.0
-885.697 1007.385 560.35 1.0
-885.259 1007.808 560.35 1.0
-884.795 1008.201 560.35 1.0
-743.507 1119.775 560.35 1.0
-743.016 1120.137 560.35 1.0
-742.504 1120.464 560.35 1.0
-587.605 1212.211 560.35 1.0
-587.071 1212.503 560.35 1.0
-586.519 1212.759 560.35 1.0
-420.773 1283.041 560.35 1.0
-420.205 1283.26 560.35 1.0
-419.624 1283.44 560.35 1.0
-245.894 1331.03 560.35 1.0
-245.397 1331.145 560.35 1.0
-244.798 1331.246 560.35 1.0
-66.323 1355.248 560.35 1.0
-65.772 1355.303 560.35 1.0
-65.17 1355.323 560.35 1.0
-13.356 1355.323 560.35 1.0
-13.356 1355.323 580.35 0.0
-10.359 1359.409 580.35 0.0
-10.359 1408.736 580.35 1.0
-10.359 1458.064 580.35 1.0
-68.656 1458.064 580.35 1.0
-254.144 1434.148 580.35 1.0
-435.051 1386.709 580.35 1.0
-608.407 1316.525 580.35 1.0
-771.365 1224.749 580.35 1.0
-921.248 1112.888 580.35 1.0
-1055.597 982.779 580.35 1.0
-1172.204 836.557 580.35 1.0
-1269.156 676.625 580.35 1.0
-1344.86 505.608 580.35 1.0
-1398.073 326.314 580.35 1.0
-1427.923 141.688 580.35 1.0
-1432.089 11.775 580.35 1.0
-1334.113 11.775 580.35 1.0
-1335.271 46.405 580.35 1.0
-1335.27 47.035 580.35 1.0
-1335.23 47.621 580.35 1.0
-1317.155 227.292 580.35 1.0
-1317.074 227.895 580.35 1.0
-1316.953 228.492 580.35 1.0
-1275.091 404.151 580.35 1.0
-1274.931 404.738 580.35 1.0
-1274.731 405.312 580.35 1.0
-1209.83 573.824 580.35 1.0
-1209.592 574.385 580.35 1.0
-1209.318 574.928 580.35 1.0
-1122.535 733.286 580.35 1.0
-1122.225 733.81 580.35 1.0
-1121.881 734.311 580.35 1.0
-1014.765 879.689 580.35 1.0
-1014.388 880.167 580.35 1.0
-1013.98 880.618 580.35 1.0
-888.443 1010.422 580.35 1.0
-888.006 1010.845 580.35 1.0
-887.541 1011.238 580.35 1.0
-745.824 1123.151 580.35 1.0
-745.334 1123.512 580.35 1.0
-744.821 1123.839 580.35 1.0
-589.451 1215.865 580.35 1.0
-588.917 1216.158 580.35 1.0
-588.366 1216.414 580.35 1.0
-422.116 1286.909 580.35 1.0
-421.548 1287.128 580.35 1.0
-420.967 1287.308 580.35 1.0
-246.709 1335.042 580.35 1.0
-246.213 1335.158 580.35 1.0
-245.613 1335.259 580.35 1.0
-66.597 1359.334 580.35 1.0
-66.045 1359.388 580.35 1.0
-65.441 1359.408 580.35 1.0
-13.359 1359.409 580.35 1.0
-13.359 1359.409 600.35 0.0
-10.362 1363.494 600.35 0.0
-10.362 1412.841 600.35 1.0
-10.362 1462.188 600.35 1.0
-68.92 1462.188 600.35 1.0
-254.934 1438.205 600.35 1.0
-436.354 1390.631 600.35 1.0
-610.2 1320.248 600.35 1.0
-773.619 1228.212 600.35 1.0
-923.927 1116.035 600.35 1.0
-1058.656 985.557 600.35 1.0
-1175.594 838.922 600.35 1.0
-1272.82 678.537 600.35 1.0
-1348.738 507.035 600.35 1.0
-1402.102 327.234 600.35 1.0
-1432.036 142.084 600.35 1.0
-1436.215 11.764 600.35 1.0
-1338.201 11.764 600.35 1.0
-1339.363 46.542 600.35 1.0
-1339.362 47.172 600.35 1.0
-1339.323 47.758 600.35 1.0
-1321.193 227.973 600.35 1.0
-1321.112 228.576 600.35 1.0
-1320.99 229.173 600.35 1.0
-1279.002 405.364 600.35 1.0
-1278.841 405.951 600.35 1.0
-1278.642 406.525 600.35 1.0
-1213.544 575.548 600.35 1.0
-1213.306 576.108 600.35 1.0
-1213.032 576.651 600.35 1.0
-1125.986 735.489 600.35 1.0
-1125.676 736.013 600.35 1.0
-1125.332 736.514 600.35 1.0
-1017.892 882.333 600.35 1.0
-1017.515 882.81 600.35 1.0
-1017.107 883.261 600.35 1.0
-891.19 1013.458 600.35 1.0
-890.752 1013.882 600.35 1.0
-890.288 1014.274 600.35 1.0
-748.141 1126.527 600.35 1.0
-747.651 1126.888 600.35 1.0
-747.138 1127.215 600.35 1.0
-591.298 1219.519 600.35 1.0
-590.764 1219.812 600.35 1.0
-590.212 1220.068 600.35 1.0
-423.459 1290.777 600.35 1.0
-422.891 1290.996 600.35 1.0
-422.31 1291.176 600.35 1.0
-247.525 1339.054 600.35 1.0
-247.028 1339.17 600.35 1.0
-246.429 1339.271 600.35 1.0
-66.87 1363.419 600.35 1.0
-66.317 1363.473 600.35 1.0
-65.713 1363.494 600.35 1.0
-13.362 1363.494 600.35 1.0
-13.362 1363.494 620.35 0.0
-10.365 1367.579 620.35 0.0
-10.365 1416.946 620.35 1.0
-10.365 1466.312 620.35 1.0
-69.185 1466.312 620.35 1.0
-255.724 1442.261 620.35 1.0
-437.656 1394.553 620.35 1.0
-611.993 1323.971 620.35 1.0
-775.873 1231.676 620.35 1.0
-926.606 1119.181 620.35 1.0
-1061.715 988.335 620.35 1.0
-1178.983 841.286 620.35 1.0
-1276.484 680.448 620.35 1.0
-1352.617 508.463 620.35 1.0
-1406.131 328.153 620.35 1.0
-1436.149 142.481 620.35 1.0
-1440.342 11.752 620.35 1.0
-1342.288 11.752 620.35 1.0
-1343.455 46.679 620.35 1.0
-1343.455 47.309 620.35 1.0
-1343.415 47.895 620.35 1.0
-1325.23 228.654 620.35 1.0
-1325.149 229.257 620.35 1.0
-1325.028 229.854 620.35 1.0
-1282.913 406.577 620.35 1.0
-1282.752 407.164 620.35 1.0
-1282.552 407.738 620.35 1.0
-1217.258 577.271 620.35 1.0
-1217.02 577.832 620.35 1.0
-1216.746 578.375 620.35 1.0
-1129.437 737.692 620.35 1.0
-1129.127 738.216 620.35 1.0
-1128.783 738.717 620.35 1.0
-1021.019 884.976 620.35 1.0
-1020.642 885.454 620.35 1.0
-1020.234 885.905 620.35 1.0
-893.936 1016.495 620.35 1.0
-893.499 1016.918 620.35 1.0
-893.034 1017.311 620.35 1.0
-750.458 1129.902 620.35 1.0
-749.968 1130.263 620.35 1.0
-749.456 1130.591 620.35 1.0
-593.144 1223.174 620.35 1.0
-592.61 1223.466 620.35 1.0
-592.059 1223.722 620.35 1.0
-424.802 1294.645 620.35 1.0
-424.234 1294.864 620.35 1.0
-423.654 1295.044 620.35 1.0
-248.34 1343.067 620.35 1.0
-247.844 1343.182 620.35 1.0
-247.244 1343.283 620.35 1.0
-67.144 1367.504 620.35 1.0
-66.59 1367.559 620.35 1.0
-65.985 1367.579 620.35 1.0
-13.365 1367.579 620.35 1.0
-13.365 1367.579 640.35 0.0
-10.368 1371.384 640.35 0.0
-10.368 1420.91 640.35 1.0
-10.368 1470.436 640.35 1.0
-69.45 1470.436 640.35 1.0
-256.514 1446.317 640.35 1.0
-438.958 1398.475 640.35 1.0
-613.786 1327.694 640.35 1.0
-778.128 1235.139 640.35 1.0
-929.285 1122.328 640.35 1.0
-1064.774 991.113 640.35 1.0
-1182.372 843.65 640.35 1.0
-1280.147 682.36 640.35 1.0
-1356.495 509.89 640.35 1.0
-1410.16 329.073 640.35 1.0
-1440.263 142.878 640.35 1.0
-1444.468 11.741 640.35 1.0
-1346.094 11.741 640.35 1.0
-1347.266 46.807 640.35 1.0
-1347.265 47.436 640.35 1.0
-1347.226 48.022 640.35 1.0
-1328.99 229.289 640.35 1.0
-1328.909 229.892 640.35 1.0
-1328.788 230.488 640.35 1.0
-1286.554 407.707 640.35 1.0
-1286.394 408.293 640.35 1.0
-1286.194 408.868 640.35 1.0
-1220.717 578.876 640.35 1.0
-1220.479 579.437 640.35 1.0
-1220.205 579.98 640.35 1.0
-1132.651 739.744 640.35 1.0
-1132.341 740.267 640.35 1.0
-1131.997 740.769 640.35 1.0
-1023.931 887.438 640.35 1.0
-1023.553 887.916 640.35 1.0
-1023.145 888.367 640.35 1.0
-896.494 1019.323 640.35 1.0
-896.056 1019.746 640.35 1.0
-895.592 1020.139 640.35 1.0
-752.616 1133.046 640.35 1.0
-752.126 1133.407 640.35 1.0
-751.613 1133.734 640.35 1.0
-594.864 1226.577 640.35 1.0
-594.33 1226.87 640.35 1.0
-593.779 1227.125 640.35 1.0
-426.053 1298.247 640.35 1.0
-425.485 1298.466 640.35 1.0
-424.904 1298.646 640.35 1.0
-249.1 1346.803 640.35 1.0
-248.603 1346.919 640.35 1.0
-248.004 1347.02 640.35 1.0
-67.399 1371.309 640.35 1.0
-66.845 1371.363 640.35 1.0
-66.24 1371.384 640.35 1.0
-13.368 1371.384 640.35 1.0
-13.368 1371.384 660.35 0.0
-10.371 1374.124 660.35 0.0
-10.371 1423.355 660.35 1.0
-10.371 1472.586 660.35 1.0
-69.588 1472.586 660.35 1.0
-256.926 1448.432 660.35 1.0
-439.637 1400.519 660.35 1.0
-614.721 1329.635 660.35 1.0
-779.303 1236.944 660.35 1.0
-930.681 1123.968 660.35 1.0
-1066.369 992.562 660.35 1.0
-1184.139 844.883 660.35 1.0
-1282.057 683.356 660.35 1.0
-1358.516 510.634 660.35 1.0
-1412.26 329.552 660.35 1.0
-1442.407 143.085 660.35 1.0
-1446.619 11.73 660.35 1.0
-1348.835 11.73 660.35 1.0
-1350.011 46.898 660.35 1.0
-1350.01 47.528 660.35 1.0
-1349.97 48.114 660.35 1.0
-1331.698 229.745 660.35 1.0
-1331.605 230.415 660.35 1.0
-1331.496 230.945 660.35 1.0
-1289.177 408.52 660.35 1.0
-1289.017 409.107 660.35 1.0
-1288.817 409.682 660.35 1.0
-1223.208 580.032 660.35 1.0
-1222.97 580.593 660.35 1.0
-1222.696 581.136 660.35 1.0
-1134.966 741.222 660.35 1.0
-1134.656 741.745 660.35 1.0
-1134.312 742.247 660.35 1.0
-1026.028 889.211 660.35 1.0
-1025.651 889.689 660.35 1.0
-1025.243 890.14 660.35 1.0
-898.336 1021.36 660.35 1.0
-897.899 1021.783 660.35 1.0
-897.434 1022.176 660.35 1.0
-754.17 1135.31 660.35 1.0
-753.68 1135.671 660.35 1.0
-753.168 1135.998 660.35 1.0
-596.103 1229.028 660.35 1.0
-595.569 1229.321 660.35 1.0
-595.017 1229.577 660.35 1.0
-426.954 1300.842 660.35 1.0
-426.386 1301.06 660.35 1.0
-425.805 1301.24 660.35 1.0
-249.647 1349.495 660.35 1.0
-249.15 1349.61 660.35 1.0
-248.551 1349.711 660.35 1.0
-67.582 1374.049 660.35 1.0
-67.026 1374.103 660.35 1.0
-66.419 1374.124 660.35 1.0
-13.371 1374.124 660.35 1.0
-13.371 1374.124 680.35 0.0
-10.374 1376.864 680.35 0.0
-10.374 1425.699 680.35 1.0
-10.374 1474.534 680.35 1.0
-69.713 1474.534 680.35 1.0
-257.299 1450.347 680.35 1.0
-440.252 1402.371 680.35 1.0
-615.567 1331.394 680.35 1.0
-780.368 1238.58 680.35 1.0
-931.946 1125.454 680.35 1.0
-1067.814 993.874 680.35 1.0
-1185.74 845.999 680.35 1.0
-1283.788 684.259 680.35 1.0
-1360.348 511.308 680.35 1.0
-1414.163 329.987 680.35 1.0
-1444.349 143.272 680.35 1.0
-1448.568 11.718 680.35 1.0
-1351.577 11.718 680.35 1.0
-1352.756 46.99 680.35 1.0
-1352.755 47.619 680.35 1.0
-1352.715 48.205 680.35 1.0
-1334.406 230.202 680.35 1.0
-1334.313 230.872 680.35 1.0
-1334.204 231.401 680.35 1.0
-1291.8 409.334 680.35 1.0
-1291.619 409.985 680.35 1.0
-1291.44 410.495 680.35 1.0
-1225.699 581.189 680.35 1.0
-1225.432 581.81 680.35 1.0
-1225.187 582.292 680.35 1.0
-1137.281 742.699 680.35 1.0
-1136.934 743.28 680.35 1.0
-1136.627 743.724 680.35 1.0
-1028.125 890.984 680.35 1.0
-1027.704 891.513 680.35 1.0
-1027.34 891.913 680.35 1.0
-900.084 1023.493 680.35 1.0
-899.691 1023.865 680.35 1.0
-899.277 1024.212 680.35 1.0
-755.725 1137.574 680.35 1.0
-755.234 1137.935 680.35 1.0
-754.722 1138.263 680.35 1.0
-597.341 1231.479 680.35 1.0
-596.807 1231.772 680.35 1.0
-596.256 1232.028 680.35 1.0
-427.855 1303.436 680.35 1.0
-427.287 1303.655 680.35 1.0
-426.706 1303.835 680.35 1.0
-250.194 1352.186 680.35 1.0
-249.697 1352.301 680.35 1.0
-249.098 1352.402 680.35 1.0
-67.765 1376.789 680.35 1.0
-67.209 1376.844 680.35 1.0
-66.601 1376.864 680.35 1.0
-13.374 1376.864 680.35 1.0
-13.374 1376.864 700.35 0.0
-10.377 1379.604 700.35 0.0
-10.377 1428.043 700.35 1.0
-10.377 1476.481 700.35 1.0
-69.838 1476.481 700.35 1.0
-257.672 1452.263 700.35 1.0
-440.867 1404.223 700.35 1.0
-616.414 1333.152 700.35 1.0
-781.432 1240.216 700.35 1.0
-933.211 1126.94 700.35 1.0
-1069.258 995.186 700.35 1.0
-1187.34 847.116 700.35 1.0
-1285.518 685.161 700.35 1.0
-1362.179 511.982 700.35 1.0
-1416.066 330.421 700.35 1.0
-1446.292 143.46 700.35 1.0
-1450.517 11.707 700.35 1.0
-1354.318 11.707 700.35 1.0
-1355.501 47.082 700.35 1.0
-1355.5 47.711 700.35 1.0
-1355.46 48.297 700.35 1.0
-1337.114 230.659 700.35 1.0
-1337.021 231.329 700.35 1.0
-1336.912 231.858 700.35 1.0
-1294.423 410.148 700.35 1.0
-1294.242 410.799 700.35 1.0
-1294.063 411.309 700.35 1.0
-1228.19 582.345 700.35 1.0
-1227.924 582.966 700.35 1.0
-1227.678 583.448 700.35 1.0
-1139.596 744.177 700.35 1.0
-1139.249 744.758 700.35 1.0
-1138.941 745.202 700.35 1.0
-1030.222 892.757 700.35 1.0
-1029.801 893.286 700.35 1.0
-1029.437 893.686 700.35 1.0
-901.926 1025.53 700.35 1.0
-901.533 1025.902 700.35 1.0
-901.119 1026.249 700.35 1.0
-757.279 1139.838 700.35 1.0
-756.733 1140.238 700.35 1.0
-756.276 1140.527 700.35 1.0
-598.58 1233.93 700.35 1.0
-597.985 1234.253 700.35 1.0
-597.494 1234.479 700.35 1.0
-428.756 1306.03 700.35 1.0
-428.187 1306.249 700.35 1.0
-427.607 1306.429 700.35 1.0
-250.741 1354.877 700.35 1.0
-250.244 1354.993 700.35 1.0
-249.645 1355.094 700.35 1.0
-67.949 1379.529 700.35 1.0
-67.392 1379.584 700.35 1.0
-66.785 1379.604 700.35 1.0
-13.377 1379.604 700.35 1.0
-13.377 1379.604 720.35 0.0
-10.38 1382.344 720.35 0.0
-10.38 1430.387 720.35 1.0
-10.38 1478.429 720.35 1.0
-69.963 1478.429 720.35 1.0
-258.045 1454.179 720.35 1.0
-441.482 1406.076 720.35 1.0
-617.261 1334.91 720.35 1.0
-782.497 1241.851 720.35 1.0
-934.476 1128.426 720.35 1.0
-1070.703 996.498 720.35 1.0
-1188.941 848.232 720.35 1.0
-1287.248 686.064 720.35 1.0
-1364.011 512.656 720.35 1.0
-1417.968 330.855 720.35 1.0
-1448.235 143.647 720.35 1.0
-1452.466 11.696 720.35 1.0
-1357.059 11.696 720.35 1.0
-1358.245 47.174 720.35 1.0
-1358.245 47.803 720.35 1.0
-1358.205 48.389 720.35 1.0
-1339.822 231.116 720.35 1.0
-1339.729 231.785 720.35 1.0
-1339.62 232.315 720.35 1.0
-1297.046 410.961 720.35 1.0
-1296.865 411.613 720.35 1.0
-1296.686 412.123 720.35 1.0
-1230.681 583.501 720.35 1.0
-1230.415 584.122 720.35 1.0
-1230.169 584.604 720.35 1.0
-1141.911 745.655 720.35 1.0
-1141.564 746.235 720.35 1.0
-1141.256 746.68 720.35 1.0
-1032.32 894.53 720.35 1.0
-1031.899 895.059 720.35 1.0
-1031.534 895.459 720.35 1.0
-903.768 1027.567 720.35 1.0
-903.375 1027.939 720.35 1.0
-902.961 1028.286 720.35 1.0
-758.833 1142.103 720.35 1.0
-758.287 1142.502 720.35 1.0
-757.83 1142.791 720.35 1.0
-599.818 1236.381 720.35 1.0
-599.224 1236.704 720.35 1.0
-598.733 1236.93 720.35 1.0
-429.657 1308.625 720.35 1.0
-429.024 1308.865 720.35 1.0
-428.508 1309.023 720.35 1.0
-251.253 1357.578 720.35 1.0
-250.725 1357.697 720.35 1.0
-250.192 1357.785 720.35 1.0
-68.132 1382.27 720.35 1.0
-67.576 1382.324 720.35 1.0
-66.968 1382.344 720.35 1.0
-13.38 1382.344 720.35 1.0
-13.38 1382.344 740.35 0.0
-10.383 1383.839 740.35 0.0
-10.383 1432.108 740.35 1.0
-10.383 1480.377 740.35 1.0
-70.088 1480.377 740.35 1.0
-258.418 1456.094 740.35 1.0
-442.097 1407.928 740.35 1.0
-618.108 1336.669 740.35 1.0
-783.562 1243.487 740.35 1.0
-935.741 1129.913 740.35 1.0
-1072.148 997.81 740.35 1.0
-1190.542 849.349 740.35 1.0
-1288.979 686.967 740.35 1.0
-1365.843 513.33 740.35 1.0
-1419.871 331.289 740.35 1.0
-1450.177 143.835 740.35 1.0
-1454.415 11.685 740.35 1.0
-1358.555 11.685 740.35 1.0
-1359.743 47.224 740.35 1.0
-1359.742 47.853 740.35 1.0
-1359.702 48.439 740.35 1.0
-1341.299 231.365 740.35 1.0
-1341.207 232.035 740.35 1.0
-1341.097 232.564 740.35 1.0
-1298.477 411.405 740.35 1.0
-1298.296 412.056 740.35 1.0
-1298.117 412.567 740.35 1.0
-1232.04 584.131 740.35 1.0
-1231.774 584.753 740.35 1.0
-1231.528 585.234 740.35 1.0
-1143.173 746.461 740.35 1.0
-1142.827 747.041 740.35 1.0
-1142.519 747.486 740.35 1.0
-1033.463 895.497 740.35 1.0
-1033.042 896.027 740.35 1.0
-1032.678 896.426 740.35 1.0
-904.773 1028.678 740.35 1.0
-904.38 1029.05 740.35 1.0
-903.966 1029.397 740.35 1.0
-759.681 1143.338 740.35 1.0
-759.135 1143.737 740.35 1.0
-758.678 1144.026 740.35 1.0
-600.494 1237.718 740.35 1.0
-599.9 1238.041 740.35 1.0
-599.409 1238.267 740.35 1.0
-430.148 1310.04 740.35 1.0
-429.516 1310.28 740.35 1.0
-428.999 1310.439 740.35 1.0
-251.586 1359.036 740.35 1.0
-251.09 1359.152 740.35 1.0
-250.49 1359.253 740.35 1.0
-68.232 1383.764 740.35 1.0
-67.676 1383.819 740.35 1.0
-67.068 1383.839 740.35 1.0
-13.383 1383.839 740.35 1.0
-13.383 1383.839 760.35 0.0
-1359.987 11.673 760.35 0.0
-1361.177 47.272 760.35 1.0
-1361.177 47.901 760.35 1.0
-1361.137 48.487 760.35 1.0
-1342.715 231.604 760.35 1.0
-1342.622 232.273 760.35 1.0
-1342.513 232.803 760.35 1.0
-1299.848 411.83 760.35 1.0
-1299.667 412.482 760.35 1.0
-1299.488 412.992 760.35 1.0
-1233.342 584.735 760.35 1.0
-1233.076 585.357 760.35 1.0
-1232.83 585.839 760.35 1.0
-1144.384 747.233 760.35 1.0
-1144.037 747.814 760.35 1.0
-1143.729 748.258 760.35 1.0
-1034.56 896.424 760.35 1.0
-1034.139 896.953 760.35 1.0
-1033.775 897.353 760.35 1.0
-905.736 1029.743 760.35 1.0
-905.343 1030.114 760.35 1.0
-904.929 1030.462 760.35 1.0
-760.493 1144.521 760.35 1.0
-759.947 1144.92 760.35 1.0
-759.491 1145.21 760.35 1.0
-601.142 1239.0 760.35 1.0
-600.547 1239.323 760.35 1.0
-600.056 1239.548 760.35 1.0
-430.619 1311.396 760.35 1.0
-430.051 1311.615 760.35 1.0
-429.47 1311.795 760.35 1.0
-251.872 1360.443 760.35 1.0
-251.376 1360.559 760.35 1.0
-250.776 1360.66 760.35 1.0
-68.328 1385.197 760.35 1.0
-67.772 1385.251 760.35 1.0
-67.164 1385.271 760.35 1.0
-10.386 1385.271 760.35 1.0
-10.386 1433.798 760.35 1.0
-10.386 1482.324 760.35 1.0
-70.213 1482.324 760.35 1.0
-258.791 1458.01 760.35 1.0
-442.712 1409.78 760.35 1.0
-618.955 1338.427 760.35 1.0
-784.626 1245.123 760.35 1.0
-937.007 1131.399 760.35 1.0
-1073.593 999.122 760.35 1.0
-1192.142 850.465 760.35 1.0
-1290.709 687.869 760.35 1.0
-1367.674 514.004 760.35 1.0
-1421.774 331.724 760.35 1.0
-1452.12 144.022 760.35 1.0
-1456.364 11.673 760.35 1.0
-1362.987 11.673 760.35 1.0
-1362.987 11.673 780.35 0.0
-10.389 1386.704 780.35 0.0
-10.389 1435.488 780.35 1.0
-10.389 1484.272 780.35 1.0
-70.338 1484.272 780.35 1.0
-259.164 1459.926 780.35 1.0
-443.327 1411.632 780.35 1.0
-619.801 1340.186 780.35 1.0
-785.691 1246.758 780.35 1.0
-938.272 1132.885 780.35 1.0
-1075.037 1000.434 780.35 1.0
-1193.743 851.582 780.35 1.0
-1292.439 688.772 780.35 1.0
-1369.506 514.678 780.35 1.0
-1423.677 332.158 780.35 1.0
-1454.063 144.209 780.35 1.0
-1458.313 11.662 780.35 1.0
-1361.42 11.662 780.35 1.0
-1362.612 47.32 780.35 1.0
-1362.612 47.949 780.35 1.0
-1362.572 48.535 780.35 1.0
-1344.131 231.842 780.35 1.0
-1344.038 232.512 780.35 1.0
-1343.928 233.042 780.35 1.0
-1301.219 412.256 780.35 1.0
-1301.038 412.907 780.35 1.0
-1300.859 413.417 780.35 1.0
-1234.644 585.34 780.35 1.0
-1234.378 585.961 780.35 1.0
-1234.133 586.443 780.35 1.0
-1145.594 748.006 780.35 1.0
-1145.247 748.586 780.35 1.0
-1144.939 749.031 780.35 1.0
-1035.656 897.351 780.35 1.0
-1035.235 897.88 780.35 1.0
-1034.871 898.28 780.35 1.0
-906.699 1030.807 780.35 1.0
-906.306 1031.179 780.35 1.0
-905.892 1031.527 780.35 1.0
-761.306 1145.705 780.35 1.0
-760.816 1146.066 780.35 1.0
-760.303 1146.393 780.35 1.0
-601.789 1240.281 780.35 1.0
-601.255 1240.574 780.35 1.0
-600.704 1240.83 780.35 1.0
-431.09 1312.752 780.35 1.0
-430.522 1312.971 780.35 1.0
-429.941 1313.151 780.35 1.0
-252.158 1361.85 780.35 1.0
-251.662 1361.966 780.35 1.0
-251.062 1362.067 780.35 1.0
-68.424 1386.629 780.35 1.0
-67.867 1386.684 780.35 1.0
-67.26 1386.704 780.35 1.0
-13.389 1386.704 780.35 1.0
-13.389 1386.704 800.35 0.0
-10.392 1388.136 800.35 0.0
-10.392 1437.054 800.35 1.0
-10.392 1485.972 800.35 1.0
-70.447 1485.972 800.35 1.0
-259.49 1461.598 800.35 1.0
-443.864 1413.25 800.35 1.0
-620.541 1341.721 800.35 1.0
-786.621 1248.187 800.35 1.0
-939.376 1134.182 800.35 1.0
-1076.299 1001.58 800.35 1.0
-1195.141 852.557 800.35 1.0
-1293.95 689.56 800.35 1.0
-1371.105 515.266 800.35 1.0
-1425.338 332.537 800.35 1.0
-1455.759 144.373 800.35 1.0
-1460.015 11.651 800.35 1.0
-1362.853 11.651 800.35 1.0
-1364.047 47.368 800.35 1.0
-1364.046 47.997 800.35 1.0
-1364.006 48.583 800.35 1.0
-1345.546 232.081 800.35 1.0
-1345.454 232.751 800.35 1.0
-1345.344 233.28 800.35 1.0
-1302.591 412.681 800.35 1.0
-1302.41 413.333 800.35 1.0
-1302.23 413.843 800.35 1.0
-1235.947 585.944 800.35 1.0
-1235.681 586.566 800.35 1.0
-1235.435 587.047 800.35 1.0
-1146.804 748.778 800.35 1.0
-1146.457 749.359 800.35 1.0
-1146.149 749.803 800.35 1.0
-1036.752 898.278 800.35 1.0
-1036.331 898.807 800.35 1.0
-1035.967 899.207 800.35 1.0
-907.757 1031.776 800.35 1.0
-907.319 1032.199 800.35 1.0
-906.855 1032.591 800.35 1.0
-762.119 1146.888 800.35 1.0
-761.628 1147.25 800.35 1.0
-761.116 1147.577 800.35 1.0
-602.437 1241.563 800.35 1.0
-601.903 1241.855 800.35 1.0
-601.351 1242.111 800.35 1.0
-431.561 1314.108 800.35 1.0
-430.993 1314.327 800.35 1.0
-430.412 1314.507 800.35 1.0
-252.444 1363.257 800.35 1.0
-251.948 1363.373 800.35 1.0
-251.348 1363.474 800.35 1.0
-68.52 1388.062 800.35 1.0
-67.963 1388.116 800.35 1.0
-67.356 1388.136 800.35 1.0
-13.392 1388.136 800.35 1.0
-13.392 1388.136 820.35 0.0
-10.395 1388.779 820.35 0.0
-10.395 1437.313 820.35 1.0
-10.395 1485.846 820.35 1.0
-70.439 1485.846 820.35 1.0
-259.466 1461.474 820.35 1.0
-443.824 1413.129 820.35 1.0
-620.486 1341.607 820.35 1.0
-786.551 1248.08 820.35 1.0
-939.294 1134.086 820.35 1.0
-1076.205 1001.495 820.35 1.0
-1195.037 852.484 820.35 1.0
-1293.838 689.502 820.35 1.0
-1370.986 515.223 820.35 1.0
-1425.214 332.509 820.35 1.0
-1455.633 144.361 820.35 1.0
-1459.889 11.639 820.35 1.0
-1363.496 11.639 820.35 1.0
-1364.691 47.389 820.35 1.0
-1364.69 48.018 820.35 1.0
-1364.65 48.605 820.35 1.0
-1346.182 232.188 820.35 1.0
-1346.089 232.858 820.35 1.0
-1345.979 233.388 820.35 1.0
-1303.206 412.872 820.35 1.0
-1303.025 413.523 820.35 1.0
-1302.846 414.034 820.35 1.0
-1236.531 586.215 820.35 1.0
-1236.265 586.837 820.35 1.0
-1236.019 587.318 820.35 1.0
-1147.347 749.125 820.35 1.0
-1147.0 749.706 820.35 1.0
-1146.692 750.15 820.35 1.0
-1037.244 898.694 820.35 1.0
-1036.823 899.223 820.35 1.0
-1036.459 899.623 820.35 1.0
-908.094 1032.35 820.35 1.0
-907.701 1032.722 820.35 1.0
-907.287 1033.069 820.35 1.0
-762.483 1147.42 820.35 1.0
-761.937 1147.819 820.35 1.0
-761.481 1148.108 820.35 1.0
-602.727 1242.138 820.35 1.0
-602.133 1242.461 820.35 1.0
-601.642 1242.686 820.35 1.0
-431.772 1314.717 820.35 1.0
-431.204 1314.936 820.35 1.0
-430.623 1315.116 820.35 1.0
-252.573 1363.889 820.35 1.0
-252.076 1364.004 820.35 1.0
-251.477 1364.105 820.35 1.0
-68.563 1388.704 820.35 1.0
-68.006 1388.759 820.35 1.0
-67.399 1388.779 820.35 1.0
-13.395 1388.779 820.35 1.0
-13.395 1388.779 840.35 0.0
-10.398 1388.922 840.35 0.0
-10.398 1437.249 840.35 1.0
-10.398 1485.577 840.35 1.0
-70.422 1485.577 840.35 1.0
-259.414 1461.209 840.35 1.0
-443.739 1412.874 840.35 1.0
-620.369 1341.364 840.35 1.0
-786.404 1247.854 840.35 1.0
-939.119 1133.88 840.35 1.0
-1076.006 1001.313 840.35 1.0
-1194.816 852.33 840.35 1.0
-1293.599 689.377 840.35 1.0
-1370.733 515.13 840.35 1.0
-1424.952 332.449 840.35 1.0
-1455.364 144.335 840.35 1.0
-1459.62 11.628 840.35 1.0
-1363.638 11.628 840.35 1.0
-1364.834 47.394 840.35 1.0
-1364.833 48.023 840.35 1.0
-1364.793 48.609 840.35 1.0
-1346.322 232.212 840.35 1.0
-1346.23 232.882 840.35 1.0
-1346.12 233.411 840.35 1.0
-1303.342 412.914 840.35 1.0
-1303.161 413.566 840.35 1.0
-1302.982 414.076 840.35 1.0
-1236.661 586.275 840.35 1.0
-1236.394 586.897 840.35 1.0
-1236.149 587.379 840.35 1.0
-1147.467 749.202 840.35 1.0
-1147.12 749.782 840.35 1.0
-1146.813 750.227 840.35 1.0
-1037.353 898.786 840.35 1.0
-1036.932 899.315 840.35 1.0
-1036.568 899.715 840.35 1.0
-908.19 1032.456 840.35 1.0
-907.797 1032.828 840.35 1.0
-907.383 1033.175 840.35 1.0
-762.564 1147.537 840.35 1.0
-762.018 1147.936 840.35 1.0
-761.561 1148.226 840.35 1.0
-602.792 1242.265 840.35 1.0
-602.197 1242.588 840.35 1.0
-601.706 1242.813 840.35 1.0
-431.819 1314.852 840.35 1.0
-431.187 1315.093 840.35 1.0
-430.67 1315.251 840.35 1.0
-252.601 1364.028 840.35 1.0
-252.104 1364.144 840.35 1.0
-251.505 1364.245 840.35 1.0
-68.573 1388.847 840.35 1.0
-68.016 1388.901 840.35 1.0
-67.408 1388.922 840.35 1.0
-13.398 1388.922 840.35 1.0
-13.398 1388.922 860.35 0.0
-10.401 1389.064 860.35 0.0
-10.401 1437.186 860.35 1.0
-10.401 1485.308 860.35 1.0
-70.405 1485.308 860.35 1.0
-259.363 1460.944 860.35 1.0
-443.654 1412.618 860.35 1.0
-620.252 1341.121 860.35 1.0
-786.257 1247.628 860.35 1.0
-938.944 1133.675 860.35 1.0
-1075.806 1001.132 860.35 1.0
-1194.595 852.176 860.35 1.0
-1293.36 689.252 860.35 1.0
-1370.48 515.037 860.35 1.0
-1424.689 332.389 860.35 1.0
-1455.096 144.309 860.35 1.0
-1459.351 11.617 860.35 1.0
-1363.78 11.617 860.35 1.0
-1364.976 47.399 860.35 1.0
-1364.975 48.028 860.35 1.0
-1364.935 48.614 860.35 1.0
-1346.463 232.236 860.35 1.0
-1346.37 232.906 860.35 1.0
-1346.261 233.435 860.35 1.0
-1303.479 412.957 860.35 1.0
-1303.298 413.608 860.35 1.0
-1303.118 414.118 860.35 1.0
-1236.79 586.335 860.35 1.0
-1236.524 586.957 860.35 1.0
-1236.278 587.439 860.35 1.0
-1147.587 749.279 860.35 1.0
-1147.24 749.859 860.35 1.0
-1146.933 750.304 860.35 1.0
-1037.462 898.878 860.35 1.0
-1037.041 899.407 860.35 1.0
-1036.677 899.807 860.35 1.0
-908.286 1032.562 860.35 1.0
-907.892 1032.933 860.35 1.0
-907.478 1033.281 860.35 1.0
-762.645 1147.655 860.35 1.0
-762.099 1148.054 860.35 1.0
-761.642 1148.343 860.35 1.0
-602.856 1242.392 860.35 1.0
-602.261 1242.715 860.35 1.0
-601.77 1242.941 860.35 1.0
-431.866 1314.987 860.35 1.0
-431.234 1315.227 860.35 1.0
-430.717 1315.385 860.35 1.0
-252.594 1364.177 860.35 1.0
-252.067 1364.297 860.35 1.0
-251.533 1364.385 860.35 1.0
-68.582 1388.989 860.35 1.0
-68.025 1389.044 860.35 1.0
-67.418 1389.064 860.35 1.0
-13.401 1389.064 860.35 1.0
-13.401 1389.064 880.35 0.0
-10.404 1389.206 880.35 0.0
-10.404 1437.123 880.35 1.0
-10.404 1485.039 880.35 1.0
-70.387 1485.039 880.35 1.0
-259.311 1460.68 880.35 1.0
-443.569 1412.362 880.35 1.0
-620.135 1340.878 880.35 1.0
-786.11 1247.403 880.35 1.0
-938.77 1133.47 880.35 1.0
-1075.607 1000.951 880.35 1.0
-1194.374 852.022 880.35 1.0
-1293.121 689.128 880.35 1.0
-1370.227 514.943 880.35 1.0
-1424.426 332.329 880.35 1.0
-1454.828 144.283 880.35 1.0
-1459.083 11.605 880.35 1.0
-1363.922 11.605 880.35 1.0
-1365.119 47.403 880.35 1.0
-1365.118 48.033 880.35 1.0
-1365.078 48.619 880.35 1.0
-1346.604 232.26 880.35 1.0
-1346.511 232.929 880.35 1.0
-1346.401 233.459 880.35 1.0
-1303.615 412.999 880.35 1.0
-1303.434 413.65 880.35 1.0
-1303.254 414.16 880.35 1.0
-1236.919 586.395 880.35 1.0
-1236.653 587.017 880.35 1.0
-1236.408 587.499 880.35 1.0
-1147.707 749.355 880.35 1.0
-1147.361 749.936 880.35 1.0
-1147.053 750.38 880.35 1.0
-1037.571 898.97 880.35 1.0
-1037.15 899.5 880.35 1.0
-1036.786 899.899 880.35 1.0
-908.381 1032.667 880.35 1.0
-907.988 1033.039 880.35 1.0
-907.574 1033.387 880.35 1.0
-762.725 1147.772 880.35 1.0
-762.179 1148.172 880.35 1.0
-761.723 1148.461 880.35 1.0
-602.92 1242.52 880.35 1.0
-602.326 1242.842 880.35 1.0
-601.835 1243.068 880.35 1.0
-431.913 1315.121 880.35 1.0
-431.28 1315.362 880.35 1.0
-430.764 1315.52 880.35 1.0
-252.623 1364.317 880.35 1.0
-252.095 1364.437 880.35 1.0
-251.562 1364.524 880.35 1.0
-68.592 1389.131 880.35 1.0
-68.035 1389.186 880.35 1.0
-67.428 1389.206 880.35 1.0
-13.404 1389.206 880.35 1.0
-13.404 1389.206 900.35 0.0
-10.407 1389.063 900.35 0.0
-10.407 1436.916 900.35 1.0
-10.407 1484.77 900.35 1.0
-70.37 1484.77 900.35 1.0
-259.26 1460.415 900.35 1.0
-443.484 1412.106 900.35 1.0
-620.018 1340.635 900.35 1.0
-785.963 1247.177 900.35 1.0
-938.595 1133.265 900.35 1.0
-1075.407 1000.77 900.35 1.0
-1194.152 851.868 900.35 1.0
-1292.882 689.003 900.35 1.0
-1369.974 514.85 900.35 1.0
-1424.163 332.269 900.35 1.0
-1454.56 144.257 900.35 1.0
-1458.814 11.594 900.35 1.0
-1363.778 11.594 900.35 1.0
-1364.975 47.399 900.35 1.0
-1364.974 48.028 900.35 1.0
-1364.934 48.614 900.35 1.0
-1346.462 232.236 900.35 1.0
-1346.369 232.905 900.35 1.0
-1346.26 233.435 900.35 1.0
-1303.478 412.956 900.35 1.0
-1303.296 413.608 900.35 1.0
-1303.117 414.118 900.35 1.0
-1236.789 586.335 900.35 1.0
-1236.523 586.956 900.35 1.0
-1236.277 587.438 900.35 1.0
-1147.586 749.278 900.35 1.0
-1147.239 749.859 900.35 1.0
-1146.932 750.303 900.35 1.0
-1037.462 898.878 900.35 1.0
-1037.04 899.407 900.35 1.0
-1036.676 899.806 900.35 1.0
-908.285 1032.561 900.35 1.0
-907.892 1032.933 900.35 1.0
-907.478 1033.28 900.35 1.0
-762.644 1147.654 900.35 1.0
-762.098 1148.053 900.35 1.0
-761.641 1148.342 900.35 1.0
-602.855 1242.391 900.35 1.0
-602.261 1242.714 900.35 1.0
-601.77 1242.94 900.35 1.0
-431.865 1314.986 900.35 1.0
-431.233 1315.226 900.35 1.0
-430.717 1315.385 900.35 1.0
-252.594 1364.176 900.35 1.0
-252.066 1364.296 900.35 1.0
-251.533 1364.384 900.35 1.0
-68.497 1388.999 900.35 1.0
-67.958 1389.047 900.35 1.0
-67.418 1389.063 900.35 1.0
-13.407 1389.063 900.35 1.0
-13.407 1389.063 920.35 0.0
-10.41 1387.954 920.35 0.0
-10.41 1436.228 920.35 1.0
-10.41 1484.501 920.35 1.0
-70.353 1484.501 920.35 1.0
-259.208 1460.151 920.35 1.0
-443.399 1411.85 920.35 1.0
-619.901 1340.392 920.35 1.0
-785.816 1246.951 920.35 1.0
-938.42 1133.059 920.35 1.0
-1075.207 1000.589 920.35 1.0
-1193.931 851.713 920.35 1.0
-1292.643 688.878 920.35 1.0
-1369.721 514.757 920.35 1.0
-1423.901 332.209 920.35 1.0
-1454.291 144.231 920.35 1.0
-1458.545 11.583 920.35 1.0
-1362.668 11.583 920.35 1.0
-1363.865 47.361 920.35 1.0
-1363.864 47.991 920.35 1.0
-1363.824 48.577 920.35 1.0
-1345.366 232.051 920.35 1.0
-1345.274 232.721 920.35 1.0
-1345.164 233.25 920.35 1.0
-1302.416 412.627 920.35 1.0
-1302.235 413.278 920.35 1.0
-1302.056 413.789 920.35 1.0
-1235.781 585.867 920.35 1.0
-1235.515 586.489 920.35 1.0
-1235.269 586.97 920.35 1.0
-1146.65 748.68 920.35 1.0
-1146.303 749.261 920.35 1.0
-1145.995 749.705 920.35 1.0
-1036.613 898.16 920.35 1.0
-1036.192 898.689 920.35 1.0
-1035.828 899.089 920.35 1.0
-907.54 1031.737 920.35 1.0
-907.146 1032.109 920.35 1.0
-906.732 1032.456 920.35 1.0
-762.015 1146.738 920.35 1.0
-761.469 1147.137 920.35 1.0
-761.013 1147.426 920.35 1.0
-602.354 1241.4 920.35 1.0
-601.76 1241.723 920.35 1.0
-601.269 1241.948 920.35 1.0
-431.501 1313.936 920.35 1.0
-430.869 1314.177 920.35 1.0
-430.352 1314.335 920.35 1.0
-252.408 1363.078 920.35 1.0
-251.911 1363.194 920.35 1.0
-251.312 1363.295 920.35 1.0
-68.508 1387.88 920.35 1.0
-67.951 1387.934 920.35 1.0
-67.344 1387.954 920.35 1.0
-13.41 1387.954 920.35 1.0
-13.41 1387.954 940.35 0.0
-10.413 1386.846 940.35 0.0
-10.413 1435.539 940.35 1.0
-10.413 1484.232 940.35 1.0
-70.336 1484.232 940.35 1.0
-259.157 1459.886 940.35 1.0
-443.314 1411.594 940.35 1.0
-619.784 1340.15 940.35 1.0
-785.669 1246.725 940.35 1.0
-938.246 1132.854 940.35 1.0
-1075.008 1000.407 940.35 1.0
-1193.71 851.559 940.35 1.0
-1292.404 688.754 940.35 1.0
-1369.468 514.664 940.35 1.0
-1423.638 332.149 940.35 1.0
-1454.023 144.206 940.35 1.0
-1458.276 11.572 940.35 1.0
-1361.559 11.572 940.35 1.0
-1362.754 47.324 940.35 1.0
-1362.753 47.954 940.35 1.0
-1362.714 48.54 940.35 1.0
-1344.271 231.866 940.35 1.0
-1344.178 232.536 940.35 1.0
-1344.069 233.065 940.35 1.0
-1301.355 412.298 940.35 1.0
-1301.174 412.949 940.35 1.0
-1300.995 413.459 940.35 1.0
-1234.773 585.4 940.35 1.0
-1234.507 586.021 940.35 1.0
-1234.261 586.503 940.35 1.0
-1145.713 748.082 940.35 1.0
-1145.367 748.663 940.35 1.0
-1145.059 749.107 940.35 1.0
-1035.765 897.443 940.35 1.0
-1035.344 897.972 940.35 1.0
-1034.979 898.372 940.35 1.0
-906.794 1030.913 940.35 1.0
-906.401 1031.285 940.35 1.0
-905.987 1031.632 940.35 1.0
-761.386 1145.822 940.35 1.0
-760.84 1146.221 940.35 1.0
-760.384 1146.51 940.35 1.0
-601.853 1240.408 940.35 1.0
-601.319 1240.701 940.35 1.0
-600.768 1240.957 940.35 1.0
-431.137 1312.886 940.35 1.0
-430.568 1313.105 940.35 1.0
-429.988 1313.285 940.35 1.0
-252.186 1361.99 940.35 1.0
-251.69 1362.105 940.35 1.0
-251.091 1362.206 940.35 1.0
-68.434 1386.771 940.35 1.0
-67.877 1386.825 940.35 1.0
-67.269 1386.846 940.35 1.0
-13.413 1386.846 940.35 1.0
-13.413 1386.846 960.35 0.0
-10.416 1385.737 960.35 0.0
-10.416 1434.85 960.35 1.0
-10.416 1483.963 960.35 1.0
-70.318 1483.963 960.35 1.0
-259.105 1459.622 960.35 1.0
-443.229 1411.339 960.35 1.0
-619.667 1339.907 960.35 1.0
-785.522 1246.499 960.35 1.0
-938.071 1132.649 960.35 1.0
-1074.808 1000.226 960.35 1.0
-1193.489 851.405 960.35 1.0
-1292.165 688.629 960.35 1.0
-1369.215 514.571 960.35 1.0
-1423.375 332.089 960.35 1.0
-1453.755 144.18 960.35 1.0
-1458.008 11.56 960.35 1.0
-1360.449 11.56 960.35 1.0
-1361.644 47.287 960.35 1.0
-1361.643 47.917 960.35 1.0
-1361.603 48.503 960.35 1.0
-1343.175 231.681 960.35 1.0
-1343.083 232.351 960.35 1.0
-1342.973 232.881 960.35 1.0
-1300.294 411.969 960.35 1.0
-1300.113 412.62 960.35 1.0
-1299.934 413.13 960.35 1.0
-1233.766 584.932 960.35 1.0
-1233.499 585.553 960.35 1.0
-1233.254 586.035 960.35 1.0
-1144.777 747.484 960.35 1.0
-1144.467 748.008 960.35 1.0
-1144.123 748.51 960.35 1.0
-1034.916 896.726 960.35 1.0
-1034.539 897.203 960.35 1.0
-1034.131 897.654 960.35 1.0
-906.144 1029.992 960.35 1.0
-905.706 1030.415 960.35 1.0
-905.242 1030.808 960.35 1.0
-760.758 1144.906 960.35 1.0
-760.268 1145.267 960.35 1.0
-759.755 1145.594 960.35 1.0
-601.352 1239.416 960.35 1.0
-600.818 1239.709 960.35 1.0
-600.267 1239.965 960.35 1.0
-430.772 1311.837 960.35 1.0
-430.204 1312.056 960.35 1.0
-429.623 1312.236 960.35 1.0
-251.965 1360.901 960.35 1.0
-251.469 1361.016 960.35 1.0
-250.869 1361.117 960.35 1.0
-68.359 1385.662 960.35 1.0
-67.803 1385.717 960.35 1.0
-67.195 1385.737 960.35 1.0
-13.416 1385.737 960.35 1.0
-13.416 1385.737 980.35 0.0
-10.419 1384.629 980.35 0.0
-10.419 1433.242 980.35 1.0
-10.419 1481.856 980.35 1.0
-70.183 1481.856 980.35 1.0
-258.701 1457.549 980.35 1.0
-442.564 1409.335 980.35 1.0
-618.751 1338.004 980.35 1.0
-784.37 1244.729 980.35 1.0
-936.702 1131.041 980.35 1.0
-1073.245 998.807 980.35 1.0
-1191.757 850.197 980.35 1.0
-1290.293 687.652 980.35 1.0
-1367.234 513.842 980.35 1.0
-1421.316 331.619 980.35 1.0
-1451.653 143.977 980.35 1.0
-1455.9 11.549 980.35 1.0
-1359.34 11.549 980.35 1.0
-1360.533 47.25 980.35 1.0
-1360.533 47.879 980.35 1.0
-1360.493 48.466 980.35 1.0
-1342.08 231.496 980.35 1.0
-1341.987 232.166 980.35 1.0
-1341.877 232.696 980.35 1.0
-1299.233 411.64 980.35 1.0
-1299.052 412.291 980.35 1.0
-1298.873 412.801 980.35 1.0
-1232.758 584.464 980.35 1.0
-1232.491 585.086 980.35 1.0
-1232.246 585.567 980.35 1.0
-1143.841 746.887 980.35 1.0
-1143.494 747.467 980.35 1.0
-1143.186 747.912 980.35 1.0
-1034.068 896.008 980.35 1.0
-1033.647 896.538 980.35 1.0
-1033.283 896.937 980.35 1.0
-905.304 1029.265 980.35 1.0
-904.911 1029.637 980.35 1.0
-904.496 1029.984 980.35 1.0
-760.129 1143.99 980.35 1.0
-759.583 1144.389 980.35 1.0
-759.126 1144.678 980.35 1.0
-600.851 1238.425 980.35 1.0
-600.317 1238.717 980.35 1.0
-599.766 1238.973 980.35 1.0
-430.408 1310.787 980.35 1.0
-429.839 1311.006 980.35 1.0
-429.259 1311.186 980.35 1.0
-251.744 1359.812 980.35 1.0
-251.247 1359.927 980.35 1.0
-250.648 1360.029 980.35 1.0
-68.285 1384.554 980.35 1.0
-67.729 1384.608 980.35 1.0
-67.121 1384.629 980.35 1.0
-13.419 1384.629 980.35 1.0
-13.419 1384.629 1000.35 0.0
-10.422 1382.589 1000.35 0.0
-10.422 1431.111 1000.35 1.0
-10.422 1479.633 1000.35 1.0
-70.04 1479.633 1000.35 1.0
-258.276 1455.363 1000.35 1.0
-441.862 1407.221 1000.35 1.0
-617.785 1335.998 1000.35 1.0
-783.155 1242.863 1000.35 1.0
-935.258 1129.345 1000.35 1.0
-1071.597 997.309 1000.35 1.0
-1189.931 848.923 1000.35 1.0
-1288.318 686.622 1000.35 1.0
-1365.144 513.073 1000.35 1.0
-1419.145 331.124 1000.35 1.0
-1449.436 143.763 1000.35 1.0
-1453.676 11.538 1000.35 1.0
-1357.299 11.538 1000.35 1.0
-1358.491 47.182 1000.35 1.0
-1358.49 47.811 1000.35 1.0
-1358.45 48.397 1000.35 1.0
-1340.064 231.157 1000.35 1.0
-1339.972 231.826 1000.35 1.0
-1339.862 232.356 1000.35 1.0
-1297.281 411.034 1000.35 1.0
-1297.1 411.685 1000.35 1.0
-1296.921 412.196 1000.35 1.0
-1230.904 583.604 1000.35 1.0
-1230.637 584.225 1000.35 1.0
-1230.392 584.707 1000.35 1.0
-1142.118 745.787 1000.35 1.0
-1141.771 746.367 1000.35 1.0
-1141.463 746.812 1000.35 1.0
-1032.507 894.689 1000.35 1.0
-1032.086 895.218 1000.35 1.0
-1031.722 895.618 1000.35 1.0
-903.933 1027.749 1000.35 1.0
-903.54 1028.121 1000.35 1.0
-903.126 1028.468 1000.35 1.0
-758.972 1142.305 1000.35 1.0
-758.426 1142.704 1000.35 1.0
-757.97 1142.993 1000.35 1.0
-599.929 1236.601 1000.35 1.0
-599.335 1236.924 1000.35 1.0
-598.844 1237.149 1000.35 1.0
-429.737 1308.857 1000.35 1.0
-429.169 1309.075 1000.35 1.0
-428.588 1309.256 1000.35 1.0
-251.337 1357.809 1000.35 1.0
-250.84 1357.925 1000.35 1.0
-250.241 1358.026 1000.35 1.0
-68.149 1382.515 1000.35 1.0
-67.592 1382.569 1000.35 1.0
-66.985 1382.589 1000.35 1.0
-13.422 1382.589 1000.35 1.0
