0.477 1489.442 0.35 0.0
-70.67 1489.442 0.35 1.0
-260.155 1465.01 0.35 1.0
-444.959 1416.549 0.35 1.0
-622.049 1344.853 0.35 1.0
-788.517 1251.1 0.35 1.0
-941.63 1136.829 0.35 1.0
-1078.872 1003.917 0.35 1.0
-1197.992 854.546 0.35 1.0
-1297.032 691.168 0.35 1.0
-1374.367 516.467 0.35 1.0
-1428.727 333.311 0.35 1.0
-1459.219 144.707 0.35 1.0
-1463.839 0.632 0.35 1.0
-1344.914 0.632 0.35 1.0
-1346.475 47.409 0.35 1.0
-1328.127 229.777 0.35 1.0
-1285.634 408.075 0.35 1.0
-1219.77 579.085 0.35 1.0
-1131.666 739.856 0.35 1.0
-1022.939 887.418 0.35 1.0
-895.542 1019.146 0.35 1.0
-751.665 1132.765 0.35 1.0
-593.959 1226.171 0.35 1.0
-425.21 1297.725 0.35 1.0
-248.467 1346.14 0.35 1.0
-66.811 1370.573 0.35 1.0
0.477 1370.576 0.35 1.0
0.477 1430.009 0.35 1.0
0.477 1486.442 0.35 1.0
0.477 1486.442 20.35 0.0
-1355.031 11.526 20.35 0.0
-1356.22 47.106 20.35 1.0
-1356.219 47.735 20.35 1.0
-1356.179 48.321 20.35 1.0
-1337.824 230.779 20.35 1.0
-1337.731 231.448 20.35 1.0
-1337.622 231.978 20.35 1.0
-1295.111 410.361 20.35 1.0
-1294.93 411.012 20.35 1.0
-1294.751 411.522 20.35 1.0
-1228.843 582.648 20.35 1.0
-1228.577 583.269 20.35 1.0
-1228.331 583.751 20.35 1.0
-1140.203 744.564 20.35 1.0
-1139.856 745.145 20.35 1.0
-1139.548 745.589 20.35 1.0
-1030.772 893.222 20.35 1.0
-1030.351 893.751 20.35 1.0
-1029.987 894.151 20.35 1.0
-902.409 1026.064 20.35 1.0
-902.016 1026.436 20.35 1.0
-901.602 1026.783 20.35 1.0
-757.686 1140.432 20.35 1.0
-757.14 1140.831 20.35 1.0
-756.684 1141.12 20.35 1.0
-598.905 1234.573 20.35 1.0
-598.371 1234.865 20.35 1.0
-597.819 1235.121 20.35 1.0
-428.992 1306.71 20.35 1.0
-428.424 1306.929 20.35 1.0
-427.843 1307.109 20.35 1.0
-250.884 1355.583 20.35 1.0
-250.388 1355.698 20.35 1.0
-249.788 1355.799 20.35 1.0
-67.997 1380.248 20.35 1.0
-67.44 1380.302 20.35 1.0
-66.833 1380.323 20.35 1.0
-10.425 1380.322 20.35 1.0
-10.425 1428.867 20.35 1.0
-10.425 1477.411 20.35 1.0
-69.898 1477.411 20.35 1.0
-257.85 1453.177 20.35 1.0
-441.16 1405.108 20.35 1.0
-616.819 1333.991 20.35 1.0
-781.941 1240.997 20.35 1.0
-933.815 1127.65 20.35 1.0
-1069.948 995.812 20.35 1.0
-1188.104 847.649 20.35 1.0
-1286.344 685.592 20.35 1.0
-1363.054 512.304 20.35 1.0
-1416.974 330.628 20.35 1.0
-1447.219 143.549 20.35 1.0
-1451.453 11.526 20.35 1.0
-1358.031 11.526 20.35 1.0
-1358.031 11.526 40.35 0.0
-1352.762 11.515 40.35 0.0
-1353.949 47.03 40.35 1.0
-1353.949 47.659 40.35 1.0
-1353.909 48.245 40.35 1.0
-1335.584 230.401 40.35 1.0
-1335.491 231.071 40.35 1.0
-1335.381 231.6 40.35 1.0
-1292.941 409.688 40.35 1.0
-1292.76 410.339 40.35 1.0
-1292.581 410.849 40.35 1.0
-1226.782 581.691 40.35 1.0
-1226.516 582.313 40.35 1.0
-1226.27 582.794 40.35 1.0
-1138.288 743.342 40.35 1.0
-1137.941 743.922 40.35 1.0
-1137.633 744.367 40.35 1.0
-1029.037 891.755 40.35 1.0
-1028.616 892.284 40.35 1.0
-1028.252 892.684 40.35 1.0
-900.885 1024.379 40.35 1.0
-900.492 1024.751 40.35 1.0
-900.078 1025.098 40.35 1.0
-756.401 1138.559 40.35 1.0
-755.855 1138.958 40.35 1.0
-755.398 1139.247 40.35 1.0
-597.88 1232.545 40.35 1.0
-597.346 1232.838 40.35 1.0
-596.795 1233.094 40.35 1.0
-428.247 1304.564 40.35 1.0
-427.678 1304.783 40.35 1.0
-427.098 1304.963 40.35 1.0
-250.432 1353.356 40.35 1.0
-249.935 1353.472 40.35 1.0
-249.336 1353.573 40.35 1.0
-67.845 1377.981 40.35 1.0
-67.289 1378.035 40.35 1.0
-66.681 1378.056 40.35 1.0
-10.428 1378.056 40.35 1.0
-10.428 1426.622 40.35 1.0
-10.428 1475.189 40.35 1.0
-69.755 1475.189 40.35 1.0
-257.424 1450.991 40.35 1.0
-440.458 1402.994 40.35 1.0
-615.852 1331.985 40.35 1.0
-780.726 1239.13 40.35 1.0
-932.371 1125.954 40.35 1.0
-1068.299 994.315 40.35 1.0
-1186.278 846.375 40.35 1.0
-1284.369 684.562 40.35 1.0
-1360.964 511.534 40.35 1.0
-1414.803 330.133 40.35 1.0
-1445.003 143.335 40.35 1.0
-1449.23 11.515 40.35 1.0
-1355.762 11.515 40.35 1.0
-1355.762 11.515 60.35 0.0
-1350.494 11.504 60.35 0.0
-1351.679 46.954 60.35 1.0
-1351.678 47.583 60.35 1.0
-1351.638 48.169 60.35 1.0
-1333.343 230.023 60.35 1.0
-1333.251 230.693 60.35 1.0
-1333.141 231.222 60.35 1.0
-1290.771 409.015 60.35 1.0
-1290.59 409.666 60.35 1.0
-1290.411 410.176 60.35 1.0
-1224.721 580.735 60.35 1.0
-1224.455 581.356 60.35 1.0
-1224.209 581.838 60.35 1.0
-1136.373 742.119 60.35 1.0
-1136.026 742.7 60.35 1.0
-1135.719 743.145 60.35 1.0
-1027.302 890.288 60.35 1.0
-1026.881 890.818 60.35 1.0
-1026.517 891.217 60.35 1.0
-899.361 1022.694 60.35 1.0
-898.968 1023.066 60.35 1.0
-898.554 1023.413 60.35 1.0
-755.115 1136.686 60.35 1.0
-754.569 1137.085 60.35 1.0
-754.112 1137.374 60.35 1.0
-596.855 1230.517 60.35 1.0
-596.321 1230.81 60.35 1.0
-595.77 1231.066 60.35 1.0
-427.501 1302.418 60.35 1.0
-426.933 1302.637 60.35 1.0
-426.353 1302.817 60.35 1.0
-249.979 1351.13 60.35 1.0
-249.483 1351.245 60.35 1.0
-248.883 1351.346 60.35 1.0
-67.693 1375.714 60.35 1.0
-67.137 1375.768 60.35 1.0
-66.529 1375.789 60.35 1.0
-10.431 1375.789 60.35 1.0
-10.431 1424.378 60.35 1.0
-10.431 1472.966 60.35 1.0
-69.612 1472.966 60.35 1.0
-256.999 1448.805 60.35 1.0
-439.757 1400.881 60.35 1.0
-614.886 1329.979 60.35 1.0
-779.511 1237.264 60.35 1.0
-930.928 1124.258 60.35 1.0
-1066.651 992.818 60.35 1.0
-1184.451 845.101 60.35 1.0
-1282.395 683.532 60.35 1.0
-1358.874 510.765 60.35 1.0
-1412.632 329.637 60.35 1.0
-1442.786 143.122 60.35 1.0
-1447.007 11.504 60.35 1.0
-1353.494 11.504 60.35 1.0
-1353.494 11.504 80.35 0.0
-1348.017 11.493 80.35 0.0
-1349.2 46.871 80.35 1.0
-1349.199 47.501 80.35 1.0
-1349.159 48.087 80.35 1.0
-1330.898 229.61 80.35 1.0
-1330.805 230.28 80.35 1.0
-1330.695 230.81 80.35 1.0
-1288.402 408.28 80.35 1.0
-1288.221 408.931 80.35 1.0
-1288.042 409.441 80.35 1.0
-1222.472 579.691 80.35 1.0
-1222.205 580.312 80.35 1.0
-1221.96 580.794 80.35 1.0
-1134.282 740.785 80.35 1.0
-1133.936 741.365 80.35 1.0
-1133.628 741.81 80.35 1.0
-1025.408 888.687 80.35 1.0
-1024.987 889.216 80.35 1.0
-1024.623 889.616 80.35 1.0
-897.697 1020.855 80.35 1.0
-897.304 1021.226 80.35 1.0
-896.89 1021.574 80.35 1.0
-753.711 1134.641 80.35 1.0
-753.221 1135.002 80.35 1.0
-752.708 1135.329 80.35 1.0
-595.737 1228.304 80.35 1.0
-595.203 1228.596 80.35 1.0
-594.651 1228.852 80.35 1.0
-426.688 1300.075 80.35 1.0
-426.12 1300.294 80.35 1.0
-425.539 1300.474 80.35 1.0
-249.485 1348.699 80.35 1.0
-248.989 1348.815 80.35 1.0
-248.389 1348.916 80.35 1.0
-67.528 1373.239 80.35 1.0
-66.971 1373.294 80.35 1.0
-66.364 1373.314 80.35 1.0
-10.434 1373.314 80.35 1.0
-10.434 1422.029 80.35 1.0
-10.434 1470.744 80.35 1.0
-69.47 1470.744 80.35 1.0
-256.573 1446.62 80.35 1.0
-439.055 1398.767 80.35 1.0
-613.92 1327.972 80.35 1.0
-778.296 1235.397 80.35 1.0
-929.484 1122.563 80.35 1.0
-1065.002 991.321 80.35 1.0
-1182.625 843.826 80.35 1.0
-1280.421 682.502 80.35 1.0
-1356.784 509.996 80.35 1.0
-1410.461 329.142 80.35 1.0
-1440.569 142.908 80.35 1.0
-1444.784 11.493 80.35 1.0
-1351.017 11.493 80.35 1.0
-1351.017 11.493 100.35 0.0
-10.437 1369.973 100.35 0.0
-10.437 1419.247 100.35 1.0
-10.437 1468.521 100.35 1.0
-69.327 1468.521 100.35 1.0
-256.147 1444.434 100.35 1.0
-438.353 1396.654 100.35 1.0
-612.954 1325.966 100.35 1.0
-777.081 1233.531 100.35 1.0
-928.041 1120.867 100.35 1.0
-1063.354 989.823 100.35 1.0
-1180.798 842.552 100.35 1.0
-1278.446 681.472 100.35 1.0
-1354.694 509.227 100.35 1.0
-1408.289 328.646 100.35 1.0
-1438.353 142.694 100.35 1.0
-1442.561 11.481 100.35 1.0
-1344.674 11.481 100.35 1.0
-1345.853 46.759 100.35 1.0
-1345.852 47.389 100.35 1.0
-1345.812 47.975 100.35 1.0
-1327.595 229.053 100.35 1.0
-1327.514 229.656 100.35 1.0
-1327.393 230.253 100.35 1.0
-1285.204 407.288 100.35 1.0
-1285.043 407.875 100.35 1.0
-1284.843 408.449 100.35 1.0
-1219.434 578.281 100.35 1.0
-1219.196 578.842 100.35 1.0
-1218.922 579.384 100.35 1.0
-1131.46 738.983 100.35 1.0
-1131.149 739.507 100.35 1.0
-1130.805 740.008 100.35 1.0
-1022.851 886.525 100.35 1.0
-1022.474 887.003 100.35 1.0
-1022.066 887.454 100.35 1.0
-895.545 1018.274 100.35 1.0
-895.108 1018.697 100.35 1.0
-894.644 1019.09 100.35 1.0
-751.816 1131.88 100.35 1.0
-751.326 1132.241 100.35 1.0
-750.813 1132.568 100.35 1.0
-594.226 1225.315 100.35 1.0
-593.692 1225.607 100.35 1.0
-593.141 1225.863 100.35 1.0
-425.589 1296.911 100.35 1.0
-425.021 1297.13 100.35 1.0
-424.44 1297.31 100.35 1.0
-248.818 1345.418 100.35 1.0
-248.322 1345.533 100.35 1.0
-247.722 1345.634 100.35 1.0
-67.304 1369.898 100.35 1.0
-66.749 1369.952 100.35 1.0
-66.144 1369.973 100.35 1.0
-13.437 1369.973 100.35 1.0
-13.437 1369.973 120.35 0.0
-10.44 1366.631 120.35 0.0
-10.44 1416.444 120.35 1.0
-10.44 1466.257 120.35 1.0
-69.182 1466.257 120.35 1.0
-255.713 1442.207 120.35 1.0
-437.638 1394.5 120.35 1.0
-611.969 1323.922 120.35 1.0
-775.843 1231.63 120.35 1.0
-926.57 1119.139 120.35 1.0
-1061.674 988.298 120.35 1.0
-1178.938 841.254 120.35 1.0
-1276.435 680.423 120.35 1.0
-1352.565 508.444 120.35 1.0
-1406.078 328.141 120.35 1.0
-1436.095 142.476 120.35 1.0
-1440.296 11.47 120.35 1.0
-1341.33 11.47 120.35 1.0
-1342.506 46.647 120.35 1.0
-1342.505 47.277 120.35 1.0
-1342.465 47.863 120.35 1.0
-1324.293 228.496 120.35 1.0
-1324.212 229.099 120.35 1.0
-1324.091 229.696 120.35 1.0
-1282.005 406.295 120.35 1.0
-1281.844 406.882 120.35 1.0
-1281.645 407.457 120.35 1.0
-1216.396 576.872 120.35 1.0
-1216.158 577.432 120.35 1.0
-1215.884 577.975 120.35 1.0
-1128.637 737.181 120.35 1.0
-1128.327 737.705 120.35 1.0
-1127.982 738.206 120.35 1.0
-1020.293 884.363 120.35 1.0
-1019.916 884.84 120.35 1.0
-1019.508 885.291 120.35 1.0
-893.299 1015.79 120.35 1.0
-892.861 1016.214 120.35 1.0
-892.397 1016.606 120.35 1.0
-749.92 1129.119 120.35 1.0
-749.43 1129.48 120.35 1.0
-748.918 1129.807 120.35 1.0
-592.716 1222.326 120.35 1.0
-592.182 1222.618 120.35 1.0
-591.631 1222.874 120.35 1.0
-424.491 1293.748 120.35 1.0
-423.923 1293.966 120.35 1.0
-423.342 1294.147 120.35 1.0
-248.151 1342.136 120.35 1.0
-247.655 1342.251 120.35 1.0
-247.055 1342.352 120.35 1.0
-67.08 1366.556 120.35 1.0
-66.529 1366.611 120.35 1.0
-65.927 1366.631 120.35 1.0
-13.44 1366.631 120.35 1.0
-13.44 1366.631 140.35 0.0
-10.443 1363.29 140.35 0.0
-10.443 1412.824 140.35 1.0
-10.443 1462.359 140.35 1.0
-68.931 1462.359 140.35 1.0
-254.967 1438.372 140.35 1.0
-436.407 1390.793 140.35 1.0
-610.274 1320.402 140.35 1.0
-773.712 1228.356 140.35 1.0
-924.038 1116.165 140.35 1.0
-1058.782 985.672 140.35 1.0
-1175.733 839.019 140.35 1.0
-1272.971 678.616 140.35 1.0
-1348.899 507.094 140.35 1.0
-1402.269 327.272 140.35 1.0
-1432.206 142.101 140.35 1.0
-1436.395 11.459 140.35 1.0
-1337.986 11.459 140.35 1.0
-1339.159 46.535 140.35 1.0
-1339.158 47.165 140.35 1.0
-1339.118 47.751 140.35 1.0
-1320.991 227.939 140.35 1.0
-1320.91 228.542 140.35 1.0
-1320.789 229.139 140.35 1.0
-1278.807 405.303 140.35 1.0
-1278.646 405.89 140.35 1.0
-1278.446 406.465 140.35 1.0
-1213.358 575.462 140.35 1.0
-1213.121 576.022 140.35 1.0
-1212.846 576.565 140.35 1.0
-1125.814 735.379 140.35 1.0
-1125.504 735.903 140.35 1.0
-1125.16 736.404 140.35 1.0
-1017.736 882.2 140.35 1.0
-1017.359 882.678 140.35 1.0
-1016.951 883.129 140.35 1.0
-891.053 1013.307 140.35 1.0
-890.615 1013.73 140.35 1.0
-890.151 1014.122 140.35 1.0
-748.025 1126.358 140.35 1.0
-747.535 1126.719 140.35 1.0
-747.023 1127.046 140.35 1.0
-591.206 1219.337 140.35 1.0
-590.672 1219.629 140.35 1.0
-590.12 1219.885 140.35 1.0
-423.392 1290.584 140.35 1.0
-422.824 1290.803 140.35 1.0
-422.243 1290.983 140.35 1.0
-247.484 1338.854 140.35 1.0
-246.988 1338.969 140.35 1.0
-246.388 1339.07 140.35 1.0
-66.857 1363.215 140.35 1.0
-66.305 1363.269 140.35 1.0
-65.702 1363.29 140.35 1.0
-13.443 1363.29 140.35 1.0
-13.443 1363.29 160.35 0.0
-10.446 1359.948 160.35 0.0
-10.446 1409.204 160.35 1.0
-10.446 1458.46 160.35 1.0
-68.681 1458.46 160.35 1.0
-254.22 1434.538 160.35 1.0
-435.176 1387.085 160.35 1.0
-608.579 1316.882 160.35 1.0
-771.581 1225.081 160.35 1.0
-921.505 1113.19 160.35 1.0
-1055.89 983.045 160.35 1.0
-1172.529 836.784 160.35 1.0
-1269.508 676.809 160.35 1.0
-1345.233 505.745 160.35 1.0
-1398.46 326.403 160.35 1.0
-1428.318 141.726 160.35 1.0
-1432.495 11.447 160.35 1.0
-1334.642 11.447 160.35 1.0
-1335.811 46.424 160.35 1.0
-1335.811 47.053 160.35 1.0
-1335.771 47.639 160.35 1.0
-1317.689 227.382 160.35 1.0
-1317.608 227.985 160.35 1.0
-1317.486 228.581 160.35 1.0
-1275.608 404.311 160.35 1.0
-1275.447 404.898 160.35 1.0
-1275.248 405.473 160.35 1.0
-1210.32 574.052 160.35 1.0
-1210.083 574.612 160.35 1.0
-1209.808 575.155 160.35 1.0
-1122.991 733.577 160.35 1.0
-1122.681 734.101 160.35 1.0
-1122.337 734.602 160.35 1.0
-1015.178 880.038 160.35 1.0
-1014.801 880.516 160.35 1.0
-1014.393 880.967 160.35 1.0
-888.806 1010.823 160.35 1.0
-888.369 1011.246 160.35 1.0
-887.904 1011.639 160.35 1.0
-746.13 1123.597 160.35 1.0
-745.64 1123.958 160.35 1.0
-745.127 1124.285 160.35 1.0
-589.695 1216.348 160.35 1.0
-589.161 1216.64 160.35 1.0
-588.61 1216.896 160.35 1.0
-422.294 1287.42 160.35 1.0
-421.725 1287.639 160.35 1.0
-421.145 1287.819 160.35 1.0
-246.817 1335.572 160.35 1.0
-246.321 1335.687 160.35 1.0
-245.721 1335.789 160.35 1.0
-66.633 1359.873 160.35 1.0
-66.08 1359.928 160.35 1.0
-65.477 1359.948 160.35 1.0
-13.446 1359.948 160.35 1.0
-13.446 1359.948 180.35 0.0
-10.449 1356.311 180.35 0.0
-10.449 1405.436 180.35 1.0
-10.449 1454.562 180.35 1.0
-68.431 1454.562 180.35 1.0
-253.473 1430.703 180.35 1.0
-433.945 1383.378 180.35 1.0
-606.884 1313.363 180.35 1.0
-769.45 1221.807 180.35 1.0
-918.973 1110.215 180.35 1.0
-1052.998 980.419 180.35 1.0
-1169.325 834.549 180.35 1.0
-1266.044 675.002 180.35 1.0
-1341.566 504.396 180.35 1.0
-1394.652 325.533 180.35 1.0
-1424.429 141.351 180.35 1.0
-1428.595 11.436 180.35 1.0
-1331.002 11.436 180.35 1.0
-1332.168 46.302 180.35 1.0
-1332.167 46.931 180.35 1.0
-1332.127 47.517 180.35 1.0
-1314.094 226.776 180.35 1.0
-1314.001 227.446 180.35 1.0
-1313.892 227.975 180.35 1.0
-1272.126 403.231 180.35 1.0
-1271.945 403.882 180.35 1.0
-1271.766 404.393 180.35 1.0
-1207.014 572.518 180.35 1.0
-1206.776 573.078 180.35 1.0
-1206.502 573.621 180.35 1.0
-1119.918 731.615 180.35 1.0
-1119.608 732.139 180.35 1.0
-1119.264 732.64 180.35 1.0
-1012.394 877.685 180.35 1.0
-1012.017 878.162 180.35 1.0
-1011.609 878.613 180.35 1.0
-886.361 1008.119 180.35 1.0
-885.923 1008.543 180.35 1.0
-885.459 1008.935 180.35 1.0
-744.067 1120.591 180.35 1.0
-743.577 1120.953 180.35 1.0
-743.064 1121.28 180.35 1.0
-588.051 1213.094 180.35 1.0
-587.517 1213.387 180.35 1.0
-586.965 1213.643 180.35 1.0
-421.098 1283.977 180.35 1.0
-420.53 1284.195 180.35 1.0
-419.949 1284.375 180.35 1.0
-246.091 1332.0 180.35 1.0
-245.594 1332.115 180.35 1.0
-244.995 1332.216 180.35 1.0
-66.39 1356.236 180.35 1.0
-65.837 1356.29 180.35 1.0
-65.233 1356.311 180.35 1.0
-13.449 1356.311 180.35 1.0
-13.449 1356.311 200.35 0.0
-10.452 1351.984 200.35 0.0
-10.452 1401.323 200.35 1.0
-10.452 1450.663 200.35 1.0
-68.18 1450.663 200.35 1.0
-252.726 1426.869 200.35 1.0
-432.714 1379.67 200.35 1.0
-605.189 1309.843 200.35 1.0
-767.319 1218.533 200.35 1.0
-916.441 1107.241 200.35 1.0
-1050.106 977.793 200.35 1.0
-1166.121 832.314 200.35 1.0
-1262.581 673.195 200.35 1.0
-1337.9 503.047 200.35 1.0
-1390.843 324.664 200.35 1.0
-1420.54 140.975 200.35 1.0
-1424.695 11.425 200.35 1.0
-1326.672 11.425 200.35 1.0
-1327.833 46.157 200.35 1.0
-1327.833 46.786 200.35 1.0
-1327.793 47.372 200.35 1.0
-1309.817 226.055 200.35 1.0
-1309.736 226.658 200.35 1.0
-1309.615 227.254 200.35 1.0
-1267.984 401.946 200.35 1.0
-1267.823 402.533 200.35 1.0
-1267.624 403.108 200.35 1.0
-1203.08 570.692 200.35 1.0
-1202.842 571.252 200.35 1.0
-1202.568 571.795 200.35 1.0
-1116.263 729.282 200.35 1.0
-1115.953 729.805 200.35 1.0
-1115.608 730.307 200.35 1.0
-1009.082 874.885 200.35 1.0
-1008.705 875.362 200.35 1.0
-1008.297 875.813 200.35 1.0
-883.452 1004.903 200.35 1.0
-883.014 1005.326 200.35 1.0
-882.55 1005.718 200.35 1.0
-741.612 1117.016 200.35 1.0
-741.122 1117.377 200.35 1.0
-740.61 1117.704 200.35 1.0
-586.095 1209.223 200.35 1.0
-585.561 1209.516 200.35 1.0
-585.009 1209.772 200.35 1.0
-419.675 1279.879 200.35 1.0
-419.107 1280.098 200.35 1.0
-418.526 1280.278 200.35 1.0
-245.227 1327.75 200.35 1.0
-244.731 1327.865 200.35 1.0
-244.131 1327.966 200.35 1.0
-66.1 1351.909 200.35 1.0
-65.549 1351.963 200.35 1.0
-64.948 1351.984 200.35 1.0
-13.452 1351.984 200.35 1.0
-13.452 1351.984 220.35 0.0
-10.455 1347.656 220.35 0.0
-10.455 1397.21 220.35 1.0
-10.455 1446.765 220.35 1.0
-67.93 1446.765 220.35 1.0
-251.98 1423.034 220.35 1.0
-431.483 1375.963 220.35 1.0
-603.494 1306.323 220.35 1.0
-765.187 1215.259 220.35 1.0
-913.908 1104.266 220.35 1.0
-1047.215 975.166 220.35 1.0
-1162.917 830.079 220.35 1.0
-1259.117 671.388 220.35 1.0
-1334.234 501.698 220.35 1.0
-1387.034 323.795 220.35 1.0
-1416.652 140.6 220.35 1.0
-1420.795 11.414 220.35 1.0
-1322.342 11.414 220.35 1.0
-1323.499 46.012 220.35 1.0
-1323.498 46.641 220.35 1.0
-1323.458 47.227 220.35 1.0
-1305.541 225.333 220.35 1.0
-1305.46 225.936 220.35 1.0
-1305.338 226.532 220.35 1.0
-1263.842 400.661 220.35 1.0
-1263.681 401.248 220.35 1.0
-1263.481 401.823 220.35 1.0
-1199.145 568.866 220.35 1.0
-1198.908 569.427 220.35 1.0
-1198.634 569.97 220.35 1.0
-1112.607 726.948 220.35 1.0
-1112.297 727.472 220.35 1.0
-1111.953 727.973 220.35 1.0
-1005.77 872.084 220.35 1.0
-1005.393 872.562 220.35 1.0
-1004.985 873.013 220.35 1.0
-880.543 1001.686 220.35 1.0
-880.105 1002.109 220.35 1.0
-879.641 1002.502 220.35 1.0
-739.158 1113.44 220.35 1.0
-738.667 1113.801 220.35 1.0
-738.155 1114.128 220.35 1.0
-584.139 1205.352 220.35 1.0
-583.605 1205.645 220.35 1.0
-583.053 1205.901 220.35 1.0
-418.253 1275.782 220.35 1.0
-417.684 1276.001 220.35 1.0
-417.104 1276.181 220.35 1.0
-244.363 1323.499 220.35 1.0
-243.867 1323.615 220.35 1.0
-243.267 1323.716 220.35 1.0
-65.81 1347.581 220.35 1.0
-65.261 1347.635 220.35 1.0
-64.662 1347.656 220.35 1.0
-13.455 1347.656 220.35 1.0
-13.455 1347.656 240.35 0.0
-10.458 1343.329 240.35 0.0
-10.458 1393.097 240.35 1.0
-10.458 1442.866 240.35 1.0
-67.68 1442.866 240.35 1.0
-251.233 1419.2 240.35 1.0
-430.252 1372.255 240.35 1.0
-601.799 1302.804 240.35 1.0
-763.056 1211.985 240.35 1.0
-911.376 1101.291 240.35 1.0
-1044.323 972.54 240.35 1.0
-1159.713 827.844 240.35 1.0
-1255.654 669.581 240.35 1.0
-1330.568 500.348 240.35 1.0
-1383.226 322.925 240.35 1.0
-1412.763 140.225 240.35 1.0
-1416.895 11.402 240.35 1.0
-1318.012 11.402 240.35 1.0
-1319.164 45.867 240.35 1.0
-1319.164 46.496 240.35 1.0
-1319.124 47.082 240.35 1.0
-1301.264 224.612 240.35 1.0
-1301.183 225.215 240.35 1.0
-1301.062 225.811 240.35 1.0
-1259.699 399.376 240.35 1.0
-1259.538 399.963 240.35 1.0
-1259.339 400.538 240.35 1.0
-1195.211 567.041 240.35 1.0
-1194.974 567.601 240.35 1.0
-1194.699 568.144 240.35 1.0
-1108.951 724.614 240.35 1.0
-1108.641 725.138 240.35 1.0
-1108.297 725.639 240.35 1.0
-1002.458 869.284 240.35 1.0
-1002.081 869.762 240.35 1.0
-1001.673 870.213 240.35 1.0
-877.633 998.47 240.35 1.0
-877.196 998.893 240.35 1.0
-876.731 999.285 240.35 1.0
-736.703 1109.864 240.35 1.0
-736.213 1110.226 240.35 1.0
-735.7 1110.553 240.35 1.0
-582.183 1201.481 240.35 1.0
-581.649 1201.774 240.35 1.0
-581.097 1202.03 240.35 1.0
-416.83 1271.685 240.35 1.0
-416.262 1271.904 240.35 1.0
-415.681 1272.084 240.35 1.0
-243.499 1319.249 240.35 1.0
-243.003 1319.365 240.35 1.0
-242.403 1319.466 240.35 1.0
-65.521 1343.254 240.35 1.0
-64.974 1343.308 240.35 1.0
-64.376 1343.329 240.35 1.0
-13.458 1343.329 240.35 1.0
-13.458 1343.329 260.35 0.0
-10.461 1339.001 260.35 0.0
-10.461 1388.984 260.35 1.0
-10.461 1438.968 260.35 1.0
-67.43 1438.968 260.35 1.0
-250.486 1415.365 260.35 1.0
-429.021 1368.548 260.35 1.0
-600.104 1299.284 260.35 1.0
-760.925 1208.711 260.35 1.0
-908.844 1098.317 260.35 1.0
-1041.431 969.913 260.35 1.0
-1156.509 825.609 260.35 1.0
-1252.19 667.774 260.35 1.0
-1326.902 498.999 260.35 1.0
-1379.417 322.056 260.35 1.0
-1408.875 139.85 260.35 1.0
-1412.994 11.391 260.35 1.0
-1313.682 11.391 260.35 1.0
-1314.83 45.722 260.35 1.0
-1314.829 46.351 260.35 1.0
-1314.789 46.938 260.35 1.0
-1296.987 223.89 260.35 1.0
-1296.906 224.494 260.35 1.0
-1296.785 225.09 260.35 1.0
-1255.557 398.091 260.35 1.0
-1255.396 398.678 260.35 1.0
-1255.197 399.253 260.35 1.0
-1191.277 565.215 260.35 1.0
-1191.04 565.775 260.35 1.0
-1190.765 566.318 260.35 1.0
-1105.296 722.281 260.35 1.0
-1104.985 722.804 260.35 1.0
-1104.641 723.306 260.35 1.0
-999.146 866.484 260.35 1.0
-998.769 866.962 260.35 1.0
-998.361 867.413 260.35 1.0
-874.724 995.253 260.35 1.0
-874.286 995.676 260.35 1.0
-873.822 996.069 260.35 1.0
-734.248 1106.289 260.35 1.0
-733.758 1106.65 260.35 1.0
-733.246 1106.977 260.35 1.0
-580.227 1197.611 260.35 1.0
-579.693 1197.903 260.35 1.0
-579.141 1198.159 260.35 1.0
-415.407 1267.588 260.35 1.0
-414.839 1267.807 260.35 1.0
-414.258 1267.987 260.35 1.0
-242.635 1314.999 260.35 1.0
-242.139 1315.115 260.35 1.0
-241.54 1315.216 260.35 1.0
-65.231 1338.927 260.35 1.0
-64.686 1338.98 260.35 1.0
-64.09 1339.001 260.35 1.0
-13.461 1339.001 260.35 1.0
-13.461 1339.001 280.35 0.0
-1309.311 11.38 280.35 0.0
-1310.454 45.576 280.35 1.0
-1310.453 46.205 280.35 1.0
-1310.414 46.791 280.35 1.0
-1292.67 223.162 280.35 1.0
-1292.589 223.765 280.35 1.0
-1292.468 224.361 280.35 1.0
-1251.375 396.794 280.35 1.0
-1251.215 397.381 280.35 1.0
-1251.015 397.955 280.35 1.0
-1187.306 563.372 280.35 1.0
-1187.068 563.933 280.35 1.0
-1186.794 564.476 280.35 1.0
-1101.605 719.925 280.35 1.0
-1101.295 720.449 280.35 1.0
-1100.951 720.95 280.35 1.0
-995.803 863.658 280.35 1.0
-995.426 864.135 280.35 1.0
-995.018 864.586 280.35 1.0
-871.787 992.006 280.35 1.0
-871.35 992.429 280.35 1.0
-870.885 992.822 280.35 1.0
-731.771 1102.679 280.35 1.0
-731.281 1103.041 280.35 1.0
-730.768 1103.368 280.35 1.0
-578.252 1193.703 280.35 1.0
-577.718 1193.996 280.35 1.0
-577.167 1194.252 280.35 1.0
-413.971 1263.453 280.35 1.0
-413.403 1263.671 280.35 1.0
-412.822 1263.851 280.35 1.0
-241.763 1310.709 280.35 1.0
-241.267 1310.824 280.35 1.0
-240.667 1310.925 280.35 1.0
-64.87 1334.567 280.35 1.0
-64.277 1334.619 280.35 1.0
-63.774 1334.633 280.35 1.0
-10.464 1334.633 280.35 1.0
-10.464 1384.851 280.35 1.0
-10.464 1435.069 280.35 1.0
-67.179 1435.069 280.35 1.0
-249.739 1411.531 280.35 1.0
-427.79 1364.84 280.35 1.0
-598.409 1295.764 280.35 1.0
-758.794 1205.437 280.35 1.0
-906.311 1095.342 280.35 1.0
-1038.539 967.287 280.35 1.0
-1153.305 823.374 280.35 1.0
-1248.727 665.967 280.35 1.0
-1323.236 497.65 280.35 1.0
-1375.609 321.187 280.35 1.0
-1404.986 139.475 280.35 1.0
-1409.094 11.38 280.35 1.0
-1312.311 11.38 280.35 1.0
-1312.311 11.38 300.35 0.0
-10.467 1329.426 300.35 0.0
-10.467 1379.912 300.35 1.0
-10.467 1430.399 300.35 1.0
-66.879 1430.399 300.35 1.0
-248.845 1406.937 300.35 1.0
-426.316 1360.398 300.35 1.0
-596.379 1291.548 300.35 1.0
-756.241 1201.515 300.35 1.0
-903.277 1091.778 300.35 1.0
-1035.074 964.141 300.35 1.0
-1149.467 820.697 300.35 1.0
-1244.577 663.802 300.35 1.0
-1318.843 496.034 300.35 1.0
-1371.046 320.145 300.35 1.0
-1400.328 139.026 300.35 1.0
-1404.422 11.368 300.35 1.0
-1304.101 11.368 300.35 1.0
-1305.239 45.401 300.35 1.0
-1305.238 46.031 300.35 1.0
-1305.198 46.617 300.35 1.0
-1287.525 222.294 300.35 1.0
-1287.444 222.897 300.35 1.0
-1287.322 223.494 300.35 1.0
-1246.391 395.248 300.35 1.0
-1246.231 395.835 300.35 1.0
-1246.031 396.409 300.35 1.0
-1182.572 561.176 300.35 1.0
-1182.335 561.736 300.35 1.0
-1182.061 562.279 300.35 1.0
-1097.207 717.117 300.35 1.0
-1096.897 717.641 300.35 1.0
-1096.553 718.142 300.35 1.0
-991.818 860.289 300.35 1.0
-991.441 860.766 300.35 1.0
-991.033 861.217 300.35 1.0
-868.287 988.136 300.35 1.0
-867.849 988.559 300.35 1.0
-867.385 988.952 300.35 1.0
-728.817 1098.377 300.35 1.0
-728.327 1098.738 300.35 1.0
-727.815 1099.065 300.35 1.0
-575.899 1189.046 300.35 1.0
-575.365 1189.338 300.35 1.0
-574.813 1189.594 300.35 1.0
-412.259 1258.523 300.35 1.0
-411.691 1258.742 300.35 1.0
-411.111 1258.922 300.35 1.0
-240.724 1305.595 300.35 1.0
-240.227 1305.71 300.35 1.0
-239.628 1305.812 300.35 1.0
-64.521 1329.36 300.35 1.0
-63.931 1329.412 300.35 1.0
-63.426 1329.426 300.35 1.0
-13.467 1329.426 300.35 1.0
-13.467 1329.426 320.35 0.0
-10.47 1324.22 320.35 0.0
-10.47 1374.656 320.35 1.0
-10.47 1425.091 320.35 1.0
-66.539 1425.091 320.35 1.0
-247.828 1401.717 320.35 1.0
-424.64 1355.351 320.35 1.0
-594.071 1286.756 320.35 1.0
-753.34 1197.058 320.35 1.0
-899.83 1087.729 320.35 1.0
-1031.137 960.565 320.35 1.0
-1145.105 817.654 320.35 1.0
-1239.862 661.343 320.35 1.0
-1313.853 494.197 320.35 1.0
-1365.861 318.962 320.35 1.0
-1395.035 138.515 320.35 1.0
-1399.112 11.357 320.35 1.0
-1298.891 11.357 320.35 1.0
-1300.023 45.227 320.35 1.0
-1300.019 45.943 320.35 1.0
-1299.983 46.442 320.35 1.0
-1282.379 221.426 320.35 1.0
-1282.298 222.029 320.35 1.0
-1282.177 222.626 320.35 1.0
-1241.407 393.702 320.35 1.0
-1241.246 394.289 320.35 1.0
-1241.047 394.863 320.35 1.0
-1177.839 558.979 320.35 1.0
-1177.601 559.539 320.35 1.0
-1177.327 560.082 320.35 1.0
-1092.808 714.309 320.35 1.0
-1092.498 714.833 320.35 1.0
-1092.154 715.334 320.35 1.0
-987.833 856.919 320.35 1.0
-987.456 857.397 320.35 1.0
-987.048 857.848 320.35 1.0
-864.787 984.266 320.35 1.0
-864.349 984.689 320.35 1.0
-863.885 985.081 320.35 1.0
-725.864 1094.075 320.35 1.0
-725.374 1094.436 320.35 1.0
-724.861 1094.763 320.35 1.0
-573.545 1184.388 320.35 1.0
-573.011 1184.681 320.35 1.0
-572.46 1184.937 320.35 1.0
-410.548 1253.593 320.35 1.0
-409.979 1253.812 320.35 1.0
-409.399 1253.992 320.35 1.0
-239.684 1300.481 320.35 1.0
-239.188 1300.597 320.35 1.0
-238.589 1300.698 320.35 1.0
-64.173 1324.153 320.35 1.0
-63.584 1324.206 320.35 1.0
-63.077 1324.22 320.35 1.0
-13.47 1324.22 320.35 1.0
-13.47 1324.22 340.35 0.0
-10.473 1319.013 340.35 0.0
-10.473 1369.399 340.35 1.0
-10.473 1419.784 340.35 1.0
-66.198 1419.784 340.35 1.0
-246.812 1396.497 340.35 1.0
-422.964 1350.304 340.35 1.0
-591.764 1281.965 340.35 1.0
-750.438 1192.601 340.35 1.0
-896.383 1083.68 340.35 1.0
-1027.201 956.99 340.35 1.0
-1140.743 814.612 340.35 1.0
-1235.147 658.883 340.35 1.0
-1308.862 492.36 340.35 1.0
-1360.677 317.779 340.35 1.0
-1389.741 138.004 340.35 1.0
-1393.803 11.346 340.35 1.0
-1293.681 11.346 340.35 1.0
-1294.808 45.053 340.35 1.0
-1294.804 45.768 340.35 1.0
-1294.767 46.268 340.35 1.0
-1277.233 220.558 340.35 1.0
-1277.152 221.161 340.35 1.0
-1277.031 221.758 340.35 1.0
-1236.423 392.156 340.35 1.0
-1236.262 392.743 340.35 1.0
-1236.063 393.317 340.35 1.0
-1173.105 556.783 340.35 1.0
-1172.868 557.343 340.35 1.0
-1172.593 557.886 340.35 1.0
-1088.41 711.501 340.35 1.0
-1088.1 712.025 340.35 1.0
-1087.755 712.526 340.35 1.0
-983.848 853.55 340.35 1.0
-983.471 854.028 340.35 1.0
-983.063 854.479 340.35 1.0
-861.286 980.395 340.35 1.0
-860.849 980.818 340.35 1.0
-860.384 981.211 340.35 1.0
-722.911 1089.773 340.35 1.0
-722.421 1090.134 340.35 1.0
-721.908 1090.461 340.35 1.0
-571.192 1179.73 340.35 1.0
-570.658 1180.023 340.35 1.0
-570.106 1180.279 340.35 1.0
-408.836 1248.664 340.35 1.0
-408.268 1248.882 340.35 1.0
-407.687 1249.062 340.35 1.0
-238.645 1295.367 340.35 1.0
-238.149 1295.483 340.35 1.0
-237.549 1295.584 340.35 1.0
-63.825 1318.947 340.35 1.0
-63.236 1318.999 340.35 1.0
-62.729 1319.013 340.35 1.0
-13.473 1319.013 340.35 1.0
-13.473 1319.013 360.35 0.0
-10.476 1313.806 360.35 0.0
-10.476 1364.142 360.35 1.0
-10.476 1414.477 360.35 1.0
-65.857 1414.477 360.35 1.0
-245.795 1391.277 360.35 1.0
-421.289 1345.257 360.35 1.0
-589.456 1277.173 360.35 1.0
-747.537 1188.144 360.35 1.0
-892.936 1079.63 360.35 1.0
-1023.264 953.415 360.35 1.0
-1136.382 811.569 360.35 1.0
-1230.432 656.423 360.35 1.0
-1303.871 490.524 360.35 1.0
-1355.492 316.595 360.35 1.0
-1384.448 137.494 360.35 1.0
-1388.494 11.335 360.35 1.0
-1288.471 11.335 360.35 1.0
-1289.592 44.878 360.35 1.0
-1289.588 45.594 360.35 1.0
-1289.552 46.094 360.35 1.0
-1272.088 219.69 360.35 1.0
-1272.007 220.293 360.35 1.0
-1271.885 220.89 360.35 1.0
-1231.439 390.61 360.35 1.0
-1231.278 391.197 360.35 1.0
-1231.079 391.771 360.35 1.0
-1168.372 554.586 360.35 1.0
-1168.134 555.146 360.35 1.0
-1167.86 555.689 360.35 1.0
-1084.011 708.693 360.35 1.0
-1083.701 709.217 360.35 1.0
-1083.357 709.718 360.35 1.0
-979.863 850.181 360.35 1.0
-979.486 850.659 360.35 1.0
-979.078 851.11 360.35 1.0
-857.786 976.525 360.35 1.0
-857.348 976.948 360.35 1.0
-856.884 977.341 360.35 1.0
-719.957 1085.47 360.35 1.0
-719.467 1085.832 360.35 1.0
-718.955 1086.159 360.35 1.0
-568.838 1175.073 360.35 1.0
-568.304 1175.366 360.35 1.0
-567.753 1175.621 360.35 1.0
-407.124 1243.734 360.35 1.0
-406.556 1243.953 360.35 1.0
-405.975 1244.133 360.35 1.0
-237.606 1290.253 360.35 1.0
-237.109 1290.369 360.35 1.0
-236.51 1290.47 360.35 1.0
-63.476 1313.74 360.35 1.0
-62.889 1313.792 360.35 1.0
-62.38 1313.806 360.35 1.0
-13.476 1313.806 360.35 1.0
-13.476 1313.806 380.35 0.0
-1283.261 11.323 380.35 0.0
-1284.377 44.704 380.35 1.0
-1284.373 45.42 380.35 1.0
-1284.336 45.919 380.35 1.0
-1266.942 218.822 380.35 1.0
-1266.861 219.425 380.35 1.0
-1266.74 220.022 380.35 1.0
-1226.455 389.064 380.35 1.0
-1226.294 389.65 380.35 1.0
-1226.095 390.225 380.35 1.0
-1163.638 552.389 380.35 1.0
-1163.4 552.95 380.35 1.0
-1163.126 553.492 380.35 1.0
-1079.613 705.885 380.35 1.0
-1079.303 706.409 380.35 1.0
-1078.958 706.91 380.35 1.0
-975.878 846.812 380.35 1.0
-975.501 847.29 380.35 1.0
-975.093 847.741 380.35 1.0
-854.285 972.655 380.35 1.0
-853.848 973.078 380.35 1.0
-853.383 973.471 380.35 1.0
-717.004 1081.168 380.35 1.0
-716.514 1081.529 380.35 1.0
-716.001 1081.857 380.35 1.0
-566.484 1170.415 380.35 1.0
-565.95 1170.708 380.35 1.0
-565.399 1170.964 380.35 1.0
-405.412 1238.804 380.35 1.0
-404.844 1239.023 380.35 1.0
-404.263 1239.203 380.35 1.0
-236.566 1285.14 380.35 1.0
-236.07 1285.255 380.35 1.0
-235.47 1285.356 380.35 1.0
-63.128 1308.533 380.35 1.0
-62.541 1308.585 380.35 1.0
-62.031 1308.599 380.35 1.0
-10.479 1308.599 380.35 1.0
-10.479 1358.885 380.35 1.0
-10.479 1409.17 380.35 1.0
-65.516 1409.17 380.35 1.0
-244.778 1386.057 380.35 1.0
-419.613 1340.21 380.35 1.0
-587.149 1272.382 380.35 1.0
-744.636 1183.687 380.35 1.0
-889.488 1075.581 380.35 1.0
-1019.327 949.839 380.35 1.0
-1132.02 808.527 380.35 1.0
-1225.717 653.963 380.35 1.0
-1298.88 488.687 380.35 1.0
-1350.307 315.412 380.35 1.0
-1379.154 136.983 380.35 1.0
-1383.184 11.323 380.35 1.0
-1286.261 11.323 380.35 1.0
-1286.261 11.323 400.35 0.0
-1277.803 11.312 400.35 0.0
-1278.913 44.521 400.35 1.0
-1278.909 45.237 400.35 1.0
-1278.873 45.737 400.35 1.0
-1261.552 217.913 400.35 1.0
-1261.471 218.516 400.35 1.0
-1261.349 219.112 400.35 1.0
-1221.234 387.444 400.35 1.0
-1221.073 388.031 400.35 1.0
-1220.874 388.606 400.35 1.0
-1158.68 550.088 400.35 1.0
-1158.442 550.649 400.35 1.0
-1158.168 551.191 400.35 1.0
-1075.005 702.944 400.35 1.0
-1074.695 703.467 400.35 1.0
-1074.351 703.969 400.35 1.0
-971.704 843.283 400.35 1.0
-971.326 843.76 400.35 1.0
-970.919 844.211 400.35 1.0
-850.619 968.601 400.35 1.0
-850.181 969.024 400.35 1.0
-849.717 969.416 400.35 1.0
-713.91 1076.662 400.35 1.0
-713.42 1077.023 400.35 1.0
-712.908 1077.35 400.35 1.0
-564.019 1165.537 400.35 1.0
-563.485 1165.829 400.35 1.0
-562.934 1166.085 400.35 1.0
-403.619 1233.64 400.35 1.0
-403.051 1233.859 400.35 1.0
-402.47 1234.039 400.35 1.0
-235.477 1279.783 400.35 1.0
-234.981 1279.898 400.35 1.0
-234.381 1279.999 400.35 1.0
-62.763 1303.079 400.35 1.0
-62.178 1303.131 400.35 1.0
-61.666 1303.145 400.35 1.0
-10.482 1303.145 400.35 1.0
-10.482 1353.504 400.35 1.0
-10.482 1403.863 400.35 1.0
-65.176 1403.863 400.35 1.0
-243.762 1380.837 400.35 1.0
-417.937 1335.163 400.35 1.0
-584.842 1267.591 400.35 1.0
-741.735 1179.23 400.35 1.0
-886.041 1071.532 400.35 1.0
-1015.39 946.264 400.35 1.0
-1127.659 805.484 400.35 1.0
-1221.003 651.504 400.35 1.0
-1293.89 486.85 400.35 1.0
-1345.123 314.229 400.35 1.0
-1373.861 136.472 400.35 1.0
-1377.875 11.312 400.35 1.0
-1280.803 11.312 400.35 1.0
-1280.803 11.312 420.35 0.0
-1271.797 11.301 420.35 0.0
-1272.901 44.32 420.35 1.0
-1272.897 45.036 420.35 1.0
-1272.86 45.536 420.35 1.0
-1255.619 216.913 420.35 1.0
-1255.538 217.516 420.35 1.0
-1255.417 218.112 420.35 1.0
-1215.488 385.662 420.35 1.0
-1215.327 386.249 420.35 1.0
-1215.128 386.823 420.35 1.0
-1153.223 547.556 420.35 1.0
-1152.985 548.116 420.35 1.0
-1152.711 548.659 420.35 1.0
-1069.934 699.707 420.35 1.0
-1069.624 700.23 420.35 1.0
-1069.28 700.732 420.35 1.0
-967.11 839.399 420.35 1.0
-966.732 839.876 420.35 1.0
-966.324 840.327 420.35 1.0
-846.583 964.139 420.35 1.0
-846.146 964.562 420.35 1.0
-845.681 964.955 420.35 1.0
-710.506 1071.702 420.35 1.0
-710.016 1072.063 420.35 1.0
-709.503 1072.39 420.35 1.0
-561.306 1160.167 420.35 1.0
-560.772 1160.46 420.35 1.0
-560.22 1160.716 420.35 1.0
-401.646 1227.957 420.35 1.0
-401.078 1228.176 420.35 1.0
-400.497 1228.356 420.35 1.0
-234.279 1273.887 420.35 1.0
-233.783 1274.003 420.35 1.0
-233.183 1274.104 420.35 1.0
-62.362 1297.076 420.35 1.0
-61.779 1297.128 420.35 1.0
-61.265 1297.143 420.35 1.0
-10.485 1297.143 420.35 1.0
-10.485 1347.849 420.35 1.0
-10.485 1398.556 420.35 1.0
-64.835 1398.556 420.35 1.0
-242.745 1375.617 420.35 1.0
-416.261 1330.116 420.35 1.0
-582.534 1262.799 420.35 1.0
-738.834 1174.773 420.35 1.0
-882.594 1067.482 420.35 1.0
-1011.453 942.689 420.35 1.0
-1123.297 802.442 420.35 1.0
-1216.288 649.044 420.35 1.0
-1288.899 485.014 420.35 1.0
-1339.938 313.045 420.35 1.0
-1368.568 135.962 420.35 1.0
-1372.565 11.301 420.35 1.0
-1274.797 11.301 420.35 1.0
-1274.797 11.301 440.35 0.0
-10.488 1291.14 440.35 0.0
-10.488 1341.515 440.35 1.0
-10.488 1393.249 440.35 1.0
-64.494 1393.249 440.35 1.0
-241.729 1370.397 440.35 1.0
-414.586 1325.069 440.35 1.0
-580.227 1258.008 440.35 1.0
-735.933 1170.316 440.35 1.0
-879.147 1063.433 440.35 1.0
-1007.517 939.114 440.35 1.0
-1118.935 799.399 440.35 1.0
-1211.573 646.584 440.35 1.0
-1283.908 483.177 440.35 1.0
-1334.753 311.862 440.35 1.0
-1363.274 135.451 440.35 1.0
-1367.256 11.289 440.35 1.0
-1265.791 11.289 440.35 1.0
-1266.888 44.119 440.35 1.0
-1266.884 44.835 440.35 1.0
-1266.847 45.335 440.35 1.0
-1249.687 215.912 440.35 1.0
-1249.606 216.515 440.35 1.0
-1249.485 217.111 440.35 1.0
-1209.742 383.879 440.35 1.0
-1209.581 384.466 440.35 1.0
-1209.382 385.041 440.35 1.0
-1147.765 545.024 440.35 1.0
-1147.528 545.584 440.35 1.0
-1147.254 546.127 440.35 1.0
-1064.864 696.47 440.35 1.0
-1064.553 696.993 440.35 1.0
-1064.209 697.495 440.35 1.0
-962.515 835.515 440.35 1.0
-962.138 835.992 440.35 1.0
-961.73 836.443 440.35 1.0
-842.548 959.677 440.35 1.0
-842.11 960.1 440.35 1.0
-841.646 960.493 440.35 1.0
-707.101 1066.742 440.35 1.0
-706.611 1067.103 440.35 1.0
-706.098 1067.43 440.35 1.0
-558.592 1154.798 440.35 1.0
-558.059 1155.09 440.35 1.0
-557.507 1155.346 440.35 1.0
-399.672 1222.274 440.35 1.0
-399.104 1222.493 440.35 1.0
-398.524 1222.673 440.35 1.0
-233.081 1267.992 440.35 1.0
-232.584 1268.107 440.35 1.0
-231.985 1268.209 440.35 1.0
-62.027 1291.065 440.35 1.0
-61.458 1291.121 440.35 1.0
-60.863 1291.14 440.35 1.0
-13.488 1291.14 440.35 1.0
-13.488 1291.14 460.35 0.0
-10.491 1285.138 460.35 0.0
-10.491 1335.108 460.35 1.0
-10.491 1387.942 460.35 1.0
-64.154 1387.942 460.35 1.0
-240.712 1365.178 460.35 1.0
-412.91 1320.022 460.35 1.0
-577.92 1253.217 460.35 1.0
-733.032 1165.859 460.35 1.0
-875.699 1059.384 460.35 1.0
-1003.58 935.538 460.35 1.0
-1114.574 796.357 460.35 1.0
-1206.858 644.124 460.35 1.0
-1278.917 481.34 460.35 1.0
-1329.569 310.679 460.35 1.0
-1357.981 134.94 460.35 1.0
-1361.947 11.278 460.35 1.0
-1259.784 11.278 460.35 1.0
-1260.875 43.918 460.35 1.0
-1260.871 44.634 460.35 1.0
-1260.835 45.134 460.35 1.0
-1243.755 214.911 460.35 1.0
-1243.674 215.514 460.35 1.0
-1243.553 216.11 460.35 1.0
-1203.996 382.097 460.35 1.0
-1203.836 382.684 460.35 1.0
-1203.636 383.258 460.35 1.0
-1142.308 542.491 460.35 1.0
-1142.071 543.052 460.35 1.0
-1141.797 543.594 460.35 1.0
-1059.793 693.233 460.35 1.0
-1059.483 693.756 460.35 1.0
-1059.138 694.258 460.35 1.0
-957.921 831.63 460.35 1.0
-957.544 832.108 460.35 1.0
-957.136 832.559 460.35 1.0
-838.512 955.215 460.35 1.0
-838.075 955.639 460.35 1.0
-837.61 956.031 460.35 1.0
-703.696 1061.782 460.35 1.0
-703.206 1062.143 460.35 1.0
-702.694 1062.47 460.35 1.0
-555.879 1149.429 460.35 1.0
-555.345 1149.721 460.35 1.0
-554.794 1149.977 460.35 1.0
-397.699 1216.591 460.35 1.0
-397.131 1216.81 460.35 1.0
-396.55 1216.99 460.35 1.0
-231.882 1262.097 460.35 1.0
-231.386 1262.212 460.35 1.0
-230.787 1262.313 460.35 1.0
-61.549 1285.072 460.35 1.0
-61.046 1285.119 460.35 1.0
-60.461 1285.138 460.35 1.0
-13.491 1285.138 460.35 1.0
-13.491 1285.138 480.35 0.0
-1253.778 11.267 480.35 0.0
-1254.863 43.717 480.35 1.0
-1254.859 44.433 480.35 1.0
-1254.822 44.933 480.35 1.0
-1237.823 213.911 480.35 1.0
-1237.742 214.514 480.35 1.0
-1237.621 215.11 480.35 1.0
-1198.25 380.314 480.35 1.0
-1198.09 380.901 480.35 1.0
-1197.89 381.476 480.35 1.0
-1136.851 539.959 480.35 1.0
-1136.614 540.519 480.35 1.0
-1136.339 541.062 480.35 1.0
-1054.722 689.995 480.35 1.0
-1054.412 690.519 480.35 1.0
-1054.068 691.021 480.35 1.0
-953.327 827.746 480.35 1.0
-952.95 828.224 480.35 1.0
-952.542 828.675 480.35 1.0
-834.477 950.754 480.35 1.0
-834.039 951.177 480.35 1.0
-833.575 951.569 480.35 1.0
-700.292 1056.822 480.35 1.0
-699.801 1057.183 480.35 1.0
-699.289 1057.511 480.35 1.0
-553.166 1144.059 480.35 1.0
-552.632 1144.352 480.35 1.0
-552.081 1144.608 480.35 1.0
-395.726 1210.908 480.35 1.0
-395.157 1211.127 480.35 1.0
-394.577 1211.307 480.35 1.0
-230.684 1256.201 480.35 1.0
-230.188 1256.317 480.35 1.0
-229.588 1256.418 480.35 1.0
-61.159 1279.068 480.35 1.0
-60.589 1279.12 480.35 1.0
-60.059 1279.135 480.35 1.0
-10.494 1279.135 480.35 1.0
-10.494 1328.701 480.35 1.0
-10.494 1382.447 480.35 1.0
-63.801 1382.447 480.35 1.0
-239.659 1359.773 480.35 1.0
-411.175 1314.796 480.35 1.0
-575.53 1248.256 480.35 1.0
-730.028 1161.245 480.35 1.0
-872.13 1055.191 480.35 1.0
-999.504 931.836 480.35 1.0
-1110.057 793.206 480.35 1.0
-1201.976 641.577 480.35 1.0
-1273.75 479.439 480.35 1.0
-1324.2 309.453 480.35 1.0
-1352.5 134.412 480.35 1.0
-1356.449 11.267 480.35 1.0
-1256.778 11.267 480.35 1.0
-1256.778 11.267 500.35 0.0
-1247.772 11.255 500.35 0.0
-1248.85 43.516 500.35 1.0
-1248.846 44.232 500.35 1.0
-1248.81 44.732 500.35 1.0
-1231.891 212.91 500.35 1.0
-1231.81 213.513 500.35 1.0
-1231.688 214.109 500.35 1.0
-1192.504 378.532 500.35 1.0
-1192.344 379.119 500.35 1.0
-1192.144 379.694 500.35 1.0
-1131.394 537.427 500.35 1.0
-1131.157 537.987 500.35 1.0
-1130.882 538.53 500.35 1.0
-1049.651 686.758 500.35 1.0
-1049.341 687.282 500.35 1.0
-1048.997 687.783 500.35 1.0
-948.733 823.862 500.35 1.0
-948.356 824.34 500.35 1.0
-947.948 824.791 500.35 1.0
-830.441 946.292 500.35 1.0
-830.004 946.715 500.35 1.0
-829.539 947.108 500.35 1.0
-696.887 1051.862 500.35 1.0
-696.397 1052.224 500.35 1.0
-695.884 1052.551 500.35 1.0
-550.453 1138.69 500.35 1.0
-549.919 1138.982 500.35 1.0
-549.367 1139.238 500.35 1.0
-393.752 1205.225 500.35 1.0
-393.184 1205.444 500.35 1.0
-392.603 1205.624 500.35 1.0
-229.486 1250.306 500.35 1.0
-228.989 1250.421 500.35 1.0
-228.39 1250.522 500.35 1.0
-60.743 1273.068 500.35 1.0
-60.231 1273.115 500.35 1.0
-59.657 1273.133 500.35 1.0
-10.497 1273.133 500.35 1.0
-10.497 1322.293 500.35 1.0
-10.497 1375.835 500.35 1.0
-63.376 1375.835 500.35 1.0
-238.393 1353.27 500.35 1.0
-409.087 1308.508 500.35 1.0
-572.656 1242.287 500.35 1.0
-726.413 1155.692 500.35 1.0
-867.835 1050.146 500.35 1.0
-994.599 927.382 500.35 1.0
-1104.624 789.416 500.35 1.0
-1196.102 638.513 500.35 1.0
-1267.532 477.151 500.35 1.0
-1317.741 307.979 500.35 1.0
-1345.905 133.776 500.35 1.0
-1349.834 11.255 500.35 1.0
-1250.772 11.255 500.35 1.0
-1250.772 11.255 520.35 0.0
-1241.765 11.244 520.35 0.0
-1242.838 43.315 520.35 1.0
-1242.833 44.031 520.35 1.0
-1242.797 44.531 520.35 1.0
-1225.959 211.909 520.35 1.0
-1225.877 212.512 520.35 1.0
-1225.756 213.109 520.35 1.0
-1186.759 376.75 520.35 1.0
-1186.598 377.337 520.35 1.0
-1186.398 377.911 520.35 1.0
-1125.937 534.894 520.35 1.0
-1125.7 535.455 520.35 1.0
-1125.425 535.998 520.35 1.0
-1044.58 683.521 520.35 1.0
-1044.27 684.045 520.35 1.0
-1043.926 684.546 520.35 1.0
-944.139 819.978 520.35 1.0
-943.762 820.456 520.35 1.0
-943.354 820.907 520.35 1.0
-826.406 941.83 520.35 1.0
-825.968 942.253 520.35 1.0
-825.504 942.646 520.35 1.0
-693.482 1046.903 520.35 1.0
-692.992 1047.264 520.35 1.0
-692.479 1047.591 520.35 1.0
-547.739 1133.32 520.35 1.0
-547.205 1133.613 520.35 1.0
-546.654 1133.869 520.35 1.0
-391.779 1199.542 520.35 1.0
-391.211 1199.76 520.35 1.0
-390.63 1199.941 520.35 1.0
-228.287 1244.41 520.35 1.0
-227.791 1244.526 520.35 1.0
-227.192 1244.627 520.35 1.0
-60.344 1267.065 520.35 1.0
-59.84 1267.111 520.35 1.0
-59.255 1267.13 520.35 1.0
-10.499 1267.13 520.35 1.0
-10.5 1315.886 520.35 1.0
-10.5 1369.224 520.35 1.0
-62.952 1369.224 520.35 1.0
-237.126 1346.766 520.35 1.0
-406.999 1302.221 520.35 1.0
-569.781 1236.317 520.35 1.0
-722.799 1150.139 520.35 1.0
-863.54 1045.101 520.35 1.0
-989.694 922.928 520.35 1.0
-1099.19 785.626 520.35 1.0
-1190.228 635.448 520.35 1.0
-1261.315 474.863 520.35 1.0
-1311.282 306.505 520.35 1.0
-1339.311 133.139 520.35 1.0
-1343.22 11.244 520.35 1.0
-1244.765 11.244 520.35 1.0
-1244.765 11.244 540.35 0.0
-10.503 1260.319 540.35 0.0
-10.503 1308.616 540.35 1.0
-10.503 1362.612 540.35 1.0
-62.527 1362.612 540.35 1.0
-235.86 1340.263 540.35 1.0
-404.912 1295.933 540.35 1.0
-566.907 1230.348 540.35 1.0
-719.185 1144.587 540.35 1.0
-859.246 1040.057 540.35 1.0
-984.79 918.474 540.35 1.0
-1093.756 781.835 540.35 1.0
-1184.354 632.384 540.35 1.0
-1255.097 472.574 540.35 1.0
-1304.823 305.03 540.35 1.0
-1332.716 132.503 540.35 1.0
-1336.605 11.233 540.35 1.0
-1234.95 11.233 540.35 1.0
-1236.015 43.087 540.35 1.0
-1236.011 43.803 540.35 1.0
-1235.974 44.302 540.35 1.0
-1219.227 210.774 540.35 1.0
-1219.146 211.377 540.35 1.0
-1219.025 211.973 540.35 1.0
-1180.238 374.727 540.35 1.0
-1180.078 375.314 540.35 1.0
-1179.878 375.889 540.35 1.0
-1119.745 532.021 540.35 1.0
-1119.507 532.581 540.35 1.0
-1119.233 533.124 540.35 1.0
-1038.826 679.848 540.35 1.0
-1038.516 680.372 540.35 1.0
-1038.172 680.873 540.35 1.0
-938.926 815.571 540.35 1.0
-938.549 816.049 540.35 1.0
-938.141 816.5 540.35 1.0
-821.827 936.767 540.35 1.0
-821.389 937.19 540.35 1.0
-820.925 937.583 540.35 1.0
-689.619 1041.274 540.35 1.0
-689.128 1041.636 540.35 1.0
-688.616 1041.963 540.35 1.0
-544.661 1127.228 540.35 1.0
-544.127 1127.52 540.35 1.0
-543.575 1127.776 540.35 1.0
-389.54 1193.093 540.35 1.0
-388.971 1193.312 540.35 1.0
-388.391 1193.492 540.35 1.0
-226.928 1237.721 540.35 1.0
-226.431 1237.836 540.35 1.0
-225.832 1237.937 540.35 1.0
-59.899 1260.252 540.35 1.0
-59.328 1260.303 540.35 1.0
-58.799 1260.319 540.35 1.0
-13.503 1260.319 540.35 1.0
-13.503 1260.319 560.35 0.0
-10.506 1253.435 560.35 0.0
-10.506 1301.268 560.35 1.0
-10.506 1356.0 560.35 1.0
-62.103 1356.0 560.35 1.0
-234.594 1333.76 560.35 1.0
-402.824 1289.645 560.35 1.0
-564.032 1224.379 560.35 1.0
-715.57 1139.034 560.35 1.0
-854.951 1035.012 560.35 1.0
-979.885 914.02 560.35 1.0
-1088.322 778.045 560.35 1.0
-1178.48 629.32 560.35 1.0
-1248.879 470.286 560.35 1.0
-1298.364 303.556 560.35 1.0
-1326.121 131.867 560.35 1.0
-1329.99 11.222 560.35 1.0
-1228.062 11.222 560.35 1.0
-1229.119 42.856 560.35 1.0
-1229.115 43.572 560.35 1.0
-1229.079 44.072 560.35 1.0
-1212.424 209.626 560.35 1.0
-1212.343 210.229 560.35 1.0
-1212.222 210.826 560.35 1.0
-1173.649 372.683 560.35 1.0
-1173.488 373.27 560.35 1.0
-1173.289 373.845 560.35 1.0
-1113.487 529.117 560.35 1.0
-1113.249 529.677 560.35 1.0
-1112.975 530.22 560.35 1.0
-1033.011 676.136 560.35 1.0
-1032.701 676.659 560.35 1.0
-1032.357 677.161 560.35 1.0
-933.657 811.117 560.35 1.0
-933.28 811.594 560.35 1.0
-932.872 812.045 560.35 1.0
-817.199 931.65 560.35 1.0
-816.761 932.074 560.35 1.0
-816.297 932.466 560.35 1.0
-685.714 1035.587 560.35 1.0
-685.224 1035.948 560.35 1.0
-684.711 1036.275 560.35 1.0
-541.549 1121.07 560.35 1.0
-541.015 1121.363 560.35 1.0
-540.464 1121.618 560.35 1.0
-387.277 1186.575 560.35 1.0
-386.708 1186.794 560.35 1.0
-386.128 1186.974 560.35 1.0
-225.554 1230.96 560.35 1.0
-225.057 1231.075 560.35 1.0
-224.458 1231.176 560.35 1.0
-59.434 1253.369 560.35 1.0
-58.839 1253.421 560.35 1.0
-58.339 1253.435 560.35 1.0
-13.506 1253.435 560.35 1.0
-13.506 1253.435 580.35 0.0
-1221.174 11.21 580.35 0.0
-1222.224 42.626 580.35 1.0
-1222.22 43.342 580.35 1.0
-1222.184 43.841 580.35 1.0
-1205.621 208.479 580.35 1.0
-1205.54 209.082 580.35 1.0
-1205.419 209.678 580.35 1.0
-1167.06 370.639 580.35 1.0
-1166.899 371.226 580.35 1.0
-1166.699 371.801 580.35 1.0
-1107.229 526.213 580.35 1.0
-1106.991 526.773 580.35 1.0
-1106.717 527.316 580.35 1.0
-1027.196 672.423 580.35 1.0
-1026.885 672.947 580.35 1.0
-1026.541 673.448 580.35 1.0
-928.389 806.662 580.35 1.0
-928.012 807.14 580.35 1.0
-927.604 807.591 580.35 1.0
-812.571 926.534 580.35 1.0
-812.133 926.957 580.35 1.0
-811.669 927.349 580.35 1.0
-681.81 1029.899 580.35 1.0
-681.319 1030.26 580.35 1.0
-680.807 1030.587 580.35 1.0
-538.437 1114.912 580.35 1.0
-537.903 1115.205 580.35 1.0
-537.352 1115.461 580.35 1.0
-385.013 1180.058 580.35 1.0
-384.445 1180.277 580.35 1.0
-383.865 1180.457 580.35 1.0
-224.179 1224.199 580.35 1.0
-223.683 1224.314 580.35 1.0
-223.083 1224.415 580.35 1.0
-58.966 1246.486 580.35 1.0
-58.465 1246.532 580.35 1.0
-57.878 1246.551 580.35 1.0
-10.509 1246.551 580.35 1.0
-10.509 1293.921 580.35 1.0
-10.509 1349.389 580.35 1.0
-61.678 1349.389 580.35 1.0
-233.327 1327.257 580.35 1.0
-400.736 1283.357 580.35 1.0
-561.157 1218.41 580.35 1.0
-711.956 1133.482 580.35 1.0
-850.656 1029.967 580.35 1.0
-974.981 909.565 580.35 1.0
-1082.888 774.254 580.35 1.0
-1172.606 626.255 580.35 1.0
-1242.662 467.998 580.35 1.0
-1291.905 302.082 580.35 1.0
-1319.526 131.231 580.35 1.0
-1323.375 11.21 580.35 1.0
-1224.174 11.21 580.35 1.0
-1224.174 11.21 600.35 0.0
-1214.286 11.199 600.35 0.0
-1215.329 42.395 600.35 1.0
-1215.325 43.111 600.35 1.0
-1215.288 43.611 600.35 1.0
-1198.818 207.331 600.35 1.0
-1198.737 207.934 600.35 1.0
-1198.616 208.531 600.35 1.0
-1160.47 368.595 600.35 1.0
-1160.309 369.182 600.35 1.0
-1160.11 369.756 600.35 1.0
-1100.97 523.309 600.35 1.0
-1100.733 523.869 600.35 1.0
-1100.459 524.412 600.35 1.0
-1021.38 668.711 600.35 1.0
-1021.07 669.235 600.35 1.0
-1020.726 669.736 600.35 1.0
-923.12 802.208 600.35 1.0
-922.743 802.686 600.35 1.0
-922.335 803.137 600.35 1.0
-807.943 921.417 600.35 1.0
-807.506 921.84 600.35 1.0
-807.041 922.233 600.35 1.0
-677.905 1024.211 600.35 1.0
-677.415 1024.572 600.35 1.0
-676.902 1024.899 600.35 1.0
-535.326 1108.755 600.35 1.0
-534.792 1109.047 600.35 1.0
-534.24 1109.303 600.35 1.0
-382.75 1173.541 600.35 1.0
-382.182 1173.759 600.35 1.0
-381.601 1173.939 600.35 1.0
-222.805 1217.438 600.35 1.0
-222.309 1217.553 600.35 1.0
-221.709 1217.654 600.35 1.0
-58.523 1239.6 600.35 1.0
-57.961 1239.651 600.35 1.0
-57.417 1239.667 600.35 1.0
-10.512 1239.668 600.35 1.0
-10.512 1286.573 600.35 1.0
-10.512 1342.777 600.35 1.0
-61.254 1342.777 600.35 1.0
-232.061 1320.754 600.35 1.0
-398.649 1277.069 600.35 1.0
-558.283 1212.441 600.35 1.0
-708.342 1127.929 600.35 1.0
-846.362 1024.922 600.35 1.0
-970.076 905.111 600.35 1.0
-1077.454 770.464 600.35 1.0
-1166.732 623.191 600.35 1.0
-1236.444 465.71 600.35 1.0
-1285.445 300.608 600.35 1.0
-1312.932 130.595 600.35 1.0
-1316.761 11.199 600.35 1.0
-1217.286 11.199 600.35 1.0
-1207.398 11.188 620.35 0.0
-1208.434 42.165 620.35 1.0
-1208.429 42.881 620.35 1.0
-1208.393 43.38 620.35 1.0
-1192.015 206.184 620.35 1.0
-1191.934 206.787 620.35 1.0
-1191.813 207.383 620.35 1.0
-1153.881 366.551 620.35 1.0
-1153.72 367.138 620.35 1.0
-1153.521 367.712 620.35 1.0
-1094.712 520.404 620.35 1.0
-1094.475 520.965 620.35 1.0
-1094.2 521.508 620.35 1.0
-1015.565 664.999 620.35 1.0
-1015.255 665.522 620.35 1.0
-1014.911 666.024 620.35 1.0
-917.852 797.754 620.35 1.0
-917.474 798.231 620.35 1.0
-917.067 798.682 620.35 1.0
-803.315 916.3 620.35 1.0
-802.878 916.723 620.35 1.0
-802.413 917.116 620.35 1.0
-674.0 1018.523 620.35 1.0
-673.51 1018.884 620.35 1.0
-672.998 1019.211 620.35 1.0
-532.214 1102.597 620.35 1.0
-531.68 1102.89 620.35 1.0
-531.129 1103.146 620.35 1.0
-380.487 1167.023 620.35 1.0
-379.919 1167.242 620.35 1.0
-379.338 1167.422 620.35 1.0
-221.431 1210.677 620.35 1.0
-220.934 1210.792 620.35 1.0
-220.335 1210.893 620.35 1.0
-58.057 1232.717 620.35 1.0
-57.471 1232.769 620.35 1.0
-56.956 1232.784 620.35 1.0
-10.514 1232.784 620.35 1.0
-10.514 1279.226 620.35 1.0
-10.514 1336.165 620.35 1.0
-60.829 1336.165 620.35 1.0
-230.794 1314.251 620.35 1.0
-396.561 1270.782 620.35 1.0
-555.408 1206.472 620.35 1.0
-704.727 1122.377 620.35 1.0
-842.067 1019.877 620.35 1.0
-965.172 900.657 620.35 1.0
-1072.02 766.673 620.35 1.0
-1160.858 620.126 620.35 1.0
-1230.226 463.422 620.35 1.0
-1278.986 299.133 620.35 1.0
-1306.337 129.958 620.35 1.0
-1310.146 11.188 620.35 1.0
-1210.398 11.188 620.35 1.0
-1210.398 11.188 640.35 0.0
-1200.51 11.176 640.35 0.0
-1201.538 41.934 640.35 1.0
-1201.534 42.65 640.35 1.0
-1201.498 43.15 640.35 1.0
-1185.212 205.036 640.35 1.0
-1185.131 205.639 640.35 1.0
-1185.01 206.235 640.35 1.0
-1147.291 364.507 640.35 1.0
-1147.131 365.094 640.35 1.0
-1146.931 365.668 640.35 1.0
-1088.454 517.5 640.35 1.0
-1088.217 518.061 640.35 1.0
-1087.942 518.604 640.35 1.0
-1009.75 661.286 640.35 1.0
-1009.44 661.81 640.35 1.0
-1009.096 662.312 640.35 1.0
-912.583 793.299 640.35 1.0
-912.206 793.777 640.35 1.0
-911.798 794.228 640.35 1.0
-798.687 911.183 640.35 1.0
-798.25 911.607 640.35 1.0
-797.785 911.999 640.35 1.0
-670.096 1012.835 640.35 1.0
-669.606 1013.196 640.35 1.0
-669.093 1013.523 640.35 1.0
-529.103 1096.439 640.35 1.0
-528.569 1096.732 640.35 1.0
-528.017 1096.988 640.35 1.0
-378.224 1160.506 640.35 1.0
-377.656 1160.725 640.35 1.0
-377.075 1160.905 640.35 1.0
-220.057 1203.916 640.35 1.0
-219.56 1204.031 640.35 1.0
-218.961 1204.132 640.35 1.0
-57.66 1225.825 640.35 1.0
-57.11 1225.879 640.35 1.0
-56.495 1225.9 640.35 1.0
-10.517 1225.9 640.35 1.0
-10.517 1271.878 640.35 1.0
-10.517 1329.554 640.35 1.0
-60.405 1329.554 640.35 1.0
-229.528 1307.748 640.35 1.0
-394.473 1264.494 640.35 1.0
-552.534 1200.502 640.35 1.0
-701.113 1116.824 640.35 1.0
-837.772 1014.832 640.35 1.0
-960.267 896.203 640.35 1.0
-1066.586 762.883 640.35 1.0
-1154.984 617.062 640.35 1.0
-1224.009 461.134 640.35 1.0
-1272.527 297.659 640.35 1.0
-1299.742 129.322 640.35 1.0
-1303.531 11.176 640.35 1.0
-1203.51 11.176 640.35 1.0
-1203.51 11.176 660.35 0.0
-1193.422 11.165 660.35 0.0
-1194.442 41.697 660.35 1.0
-1194.438 42.413 660.35 1.0
-1194.402 42.912 660.35 1.0
-1178.211 203.855 660.35 1.0
-1178.13 204.458 660.35 1.0
-1178.009 205.055 660.35 1.0
-1140.51 362.403 660.35 1.0
-1140.35 362.99 660.35 1.0
-1140.15 363.565 660.35 1.0
-1082.014 514.512 660.35 1.0
-1081.776 515.072 660.35 1.0
-1081.502 515.615 660.35 1.0
-1003.765 657.466 660.35 1.0
-1003.455 657.99 660.35 1.0
-1003.111 658.491 660.35 1.0
-907.161 788.716 660.35 1.0
-906.784 789.193 660.35 1.0
-906.376 789.644 660.35 1.0
-793.925 905.918 660.35 1.0
-793.487 906.341 660.35 1.0
-793.023 906.734 660.35 1.0
-666.078 1006.981 660.35 1.0
-665.588 1007.342 660.35 1.0
-665.075 1007.67 660.35 1.0
-525.901 1090.103 660.35 1.0
-525.367 1090.395 660.35 1.0
-524.815 1090.651 660.35 1.0
-375.895 1153.799 660.35 1.0
-375.327 1154.018 660.35 1.0
-374.746 1154.198 660.35 1.0
-218.642 1196.958 660.35 1.0
-218.146 1197.074 660.35 1.0
-217.547 1197.175 660.35 1.0
-57.185 1218.741 660.35 1.0
-56.628 1218.796 660.35 1.0
-56.021 1218.816 660.35 1.0
-10.52 1218.816 660.35 1.0
-10.52 1264.317 660.35 1.0
-10.52 1322.942 660.35 1.0
-59.98 1322.942 660.35 1.0
-228.261 1301.245 660.35 1.0
-392.386 1258.206 660.35 1.0
-549.659 1194.533 660.35 1.0
-697.499 1111.271 660.35 1.0
-833.477 1009.788 660.35 1.0
-955.362 891.749 660.35 1.0
-1061.152 759.092 660.35 1.0
-1149.11 613.997 660.35 1.0
-1217.791 458.846 660.35 1.0
-1266.068 296.185 660.35 1.0
-1293.148 128.686 660.35 1.0
-1296.917 11.165 660.35 1.0
-1196.422 11.165 660.35 1.0
-1196.422 11.165 680.35 0.0
-1185.566 11.154 680.35 0.0
-1186.579 41.434 680.35 1.0
-1186.574 42.15 680.35 1.0
-1186.538 42.65 680.35 1.0
-1170.452 202.547 680.35 1.0
-1170.371 203.15 680.35 1.0
-1170.25 203.746 680.35 1.0
-1132.996 360.072 680.35 1.0
-1132.835 360.659 680.35 1.0
-1132.635 361.234 680.35 1.0
-1074.877 511.2 680.35 1.0
-1074.639 511.76 680.35 1.0
-1074.365 512.303 680.35 1.0
-997.134 653.232 680.35 1.0
-996.823 653.756 680.35 1.0
-996.479 654.258 680.35 1.0
-901.153 783.636 680.35 1.0
-900.776 784.113 680.35 1.0
-900.368 784.564 680.35 1.0
-788.647 900.082 680.35 1.0
-788.21 900.506 680.35 1.0
-787.745 900.898 680.35 1.0
-661.625 1000.494 680.35 1.0
-661.135 1000.856 680.35 1.0
-660.622 1001.183 680.35 1.0
-522.352 1083.08 680.35 1.0
-521.818 1083.373 680.35 1.0
-521.267 1083.629 680.35 1.0
-373.314 1146.366 680.35 1.0
-372.746 1146.585 680.35 1.0
-372.165 1146.765 680.35 1.0
-217.075 1189.248 680.35 1.0
-216.579 1189.363 680.35 1.0
-215.979 1189.464 680.35 1.0
-56.605 1210.898 680.35 1.0
-56.007 1210.951 680.35 1.0
-55.496 1210.965 680.35 1.0
-10.523 1210.965 680.35 1.0
-10.523 1255.938 680.35 1.0
-10.523 1316.33 680.35 1.0
-59.556 1316.33 680.35 1.0
-226.995 1294.741 680.35 1.0
-390.298 1251.918 680.35 1.0
-546.784 1188.564 680.35 1.0
-693.884 1105.719 680.35 1.0
-829.183 1004.743 680.35 1.0
-950.458 887.294 680.35 1.0
-1055.718 755.302 680.35 1.0
-1143.236 610.933 680.35 1.0
-1211.574 456.557 680.35 1.0
-1259.609 294.711 680.35 1.0
-1286.553 128.05 680.35 1.0
-1290.302 11.154 680.35 1.0
-1188.566 11.154 680.35 1.0
-1188.566 11.154 700.35 0.0
-1177.711 11.143 700.35 0.0
-1178.715 41.171 700.35 1.0
-1178.711 41.887 700.35 1.0
-1178.674 42.387 700.35 1.0
-1162.694 201.238 700.35 1.0
-1162.613 201.841 700.35 1.0
-1162.492 202.437 700.35 1.0
-1125.481 357.741 700.35 1.0
-1125.32 358.328 700.35 1.0
-1125.12 358.903 700.35 1.0
-1067.74 507.888 700.35 1.0
-1067.502 508.448 700.35 1.0
-1067.228 508.991 700.35 1.0
-990.502 648.999 700.35 1.0
-990.191 649.522 700.35 1.0
-989.847 650.024 700.35 1.0
-895.144 778.556 700.35 1.0
-894.767 779.033 700.35 1.0
-894.359 779.484 700.35 1.0
-783.369 894.247 700.35 1.0
-782.932 894.67 700.35 1.0
-782.467 895.063 700.35 1.0
-657.172 994.008 700.35 1.0
-656.682 994.369 700.35 1.0
-656.169 994.696 700.35 1.0
-518.803 1076.058 700.35 1.0
-518.269 1076.35 700.35 1.0
-517.718 1076.606 700.35 1.0
-370.733 1138.933 700.35 1.0
-370.165 1139.152 700.35 1.0
-369.584 1139.332 700.35 1.0
-215.508 1181.537 700.35 1.0
-215.012 1181.653 700.35 1.0
-214.412 1181.754 700.35 1.0
-56.07 1203.048 700.35 1.0
-55.478 1203.101 700.35 1.0
-54.97 1203.115 700.35 1.0
-10.526 1203.115 700.35 1.0
-10.526 1247.559 700.35 1.0
-10.526 1309.428 700.35 1.0
-59.113 1309.428 700.35 1.0
-225.673 1287.953 700.35 1.0
-388.119 1245.355 700.35 1.0
-543.784 1182.333 700.35 1.0
-690.111 1099.922 700.35 1.0
-824.7 999.477 700.35 1.0
-945.338 882.645 700.35 1.0
-1050.046 751.345 700.35 1.0
-1137.104 607.734 700.35 1.0
-1205.083 454.169 700.35 1.0
-1252.866 293.172 700.35 1.0
-1279.669 127.386 700.35 1.0
-1283.397 11.143 700.35 1.0
-1180.711 11.143 700.35 1.0
-1180.711 11.143 720.35 0.0
-10.529 1195.264 720.35 0.0
-10.529 1239.179 720.35 1.0
-10.529 1301.533 720.35 1.0
-58.606 1301.533 720.35 1.0
-224.16 1280.187 720.35 1.0
-385.626 1237.846 720.35 1.0
-540.351 1175.205 720.35 1.0
-685.795 1093.292 720.35 1.0
-819.571 993.452 720.35 1.0
-939.481 877.326 720.35 1.0
-1043.557 746.819 720.35 1.0
-1130.09 604.074 720.35 1.0
-1197.658 451.436 720.35 1.0
-1245.153 291.411 720.35 1.0
-1271.794 126.626 720.35 1.0
-1275.498 11.131 720.35 1.0
-1169.856 11.131 720.35 1.0
-1170.851 40.908 720.35 1.0
-1170.847 41.624 720.35 1.0
-1170.811 42.124 720.35 1.0
-1154.935 199.929 720.35 1.0
-1154.854 200.532 720.35 1.0
-1154.733 201.128 720.35 1.0
-1117.966 355.41 720.35 1.0
-1117.805 355.997 720.35 1.0
-1117.605 356.571 720.35 1.0
-1060.603 504.576 720.35 1.0
-1060.365 505.136 720.35 1.0
-1060.091 505.679 720.35 1.0
-983.87 644.765 720.35 1.0
-983.559 645.289 720.35 1.0
-983.215 645.79 720.35 1.0
-889.136 773.476 720.35 1.0
-888.759 773.954 720.35 1.0
-888.351 774.405 720.35 1.0
-778.091 888.411 720.35 1.0
-777.654 888.835 720.35 1.0
-777.189 889.227 720.35 1.0
-652.719 987.521 720.35 1.0
-652.229 987.882 720.35 1.0
-651.716 988.209 720.35 1.0
-515.255 1069.035 720.35 1.0
-514.721 1069.328 720.35 1.0
-514.169 1069.584 720.35 1.0
-368.152 1131.5 720.35 1.0
-367.584 1131.719 720.35 1.0
-367.003 1131.899 720.35 1.0
-213.941 1173.827 720.35 1.0
-213.444 1173.942 720.35 1.0
-212.845 1174.043 720.35 1.0
-55.545 1195.198 720.35 1.0
-54.952 1195.25 720.35 1.0
-54.445 1195.264 720.35 1.0
-13.529 1195.264 720.35 1.0
-13.529 1195.264 740.35 0.0
-10.532 1187.414 740.35 0.0
-10.532 1230.8 740.35 1.0
-10.532 1293.637 740.35 1.0
-58.099 1293.637 740.35 1.0
-222.648 1272.421 740.35 1.0
-383.132 1230.337 740.35 1.0
-536.918 1168.076 740.35 1.0
-681.479 1086.661 740.35 1.0
-814.442 987.428 740.35 1.0
-933.624 872.007 740.35 1.0
-1037.068 742.292 740.35 1.0
-1123.075 600.415 740.35 1.0
-1190.233 448.704 740.35 1.0
-1237.439 289.651 740.35 1.0
-1263.918 125.866 740.35 1.0
-1267.598 11.12 740.35 1.0
-1162.0 11.12 740.35 1.0
-1162.987 40.645 740.35 1.0
-1162.983 41.361 740.35 1.0
-1162.947 41.861 740.35 1.0
-1147.177 198.621 740.35 1.0
-1147.096 199.224 740.35 1.0
-1146.974 199.82 740.35 1.0
-1110.451 353.079 740.35 1.0
-1110.29 353.666 740.35 1.0
-1110.091 354.24 740.35 1.0
-1053.466 501.264 740.35 1.0
-1053.228 501.824 740.35 1.0
-1052.954 502.367 740.35 1.0
-977.238 640.531 740.35 1.0
-976.927 641.055 740.35 1.0
-976.583 641.556 740.35 1.0
-883.127 768.396 740.35 1.0
-882.75 768.874 740.35 1.0
-882.342 769.325 740.35 1.0
-772.814 882.576 740.35 1.0
-772.376 882.999 740.35 1.0
-771.912 883.392 740.35 1.0
-648.266 981.034 740.35 1.0
-647.776 981.395 740.35 1.0
-647.263 981.722 740.35 1.0
-511.706 1062.013 740.35 1.0
-511.172 1062.305 740.35 1.0
-510.621 1062.561 740.35 1.0
-365.571 1124.067 740.35 1.0
-365.003 1124.286 740.35 1.0
-364.423 1124.466 740.35 1.0
-212.374 1166.116 740.35 1.0
-211.877 1166.232 740.35 1.0
-211.278 1166.333 740.35 1.0
-55.007 1187.349 740.35 1.0
-54.481 1187.396 740.35 1.0
-53.919 1187.414 740.35 1.0
-13.532 1187.414 740.35 1.0
-13.532 1187.414 760.35 0.0
-10.535 1179.563 760.35 0.0
-10.535 1222.421 760.35 1.0
-10.535 1285.742 760.35 1.0
-57.592 1285.742 760.35 1.0
-221.135 1264.655 760.35 1.0
-380.639 1222.828 760.35 1.0
-533.485 1160.948 760.35 1.0
-677.163 1080.03 760.35 1.0
-809.314 981.403 760.35 1.0
-927.767 866.688 760.35 1.0
-1030.579 737.766 760.35 1.0
-1116.06 596.755 760.35 1.0
-1182.808 445.971 760.35 1.0
-1229.726 287.89 760.35 1.0
-1256.043 125.107 760.35 1.0
-1259.699 11.109 760.35 1.0
-1154.145 11.109 760.35 1.0
-1155.124 40.383 760.35 1.0
-1155.119 41.098 760.35 1.0
-1155.083 41.598 760.35 1.0
-1139.418 197.312 760.35 1.0
-1139.337 197.915 760.35 1.0
-1139.216 198.511 760.35 1.0
-1102.936 350.748 760.35 1.0
-1102.775 351.335 760.35 1.0
-1102.576 351.909 760.35 1.0
-1046.329 497.952 760.35 1.0
-1046.091 498.512 760.35 1.0
-1045.817 499.055 760.35 1.0
-970.606 636.298 760.35 1.0
-970.295 636.821 760.35 1.0
-969.951 637.323 760.35 1.0
-877.119 763.316 760.35 1.0
-876.741 763.794 760.35 1.0
-876.333 764.245 760.35 1.0
-767.536 876.741 760.35 1.0
-767.098 877.164 760.35 1.0
-766.634 877.556 760.35 1.0
-643.813 974.547 760.35 1.0
-643.323 974.908 760.35 1.0
-642.81 975.235 760.35 1.0
-508.158 1054.99 760.35 1.0
-507.624 1055.283 760.35 1.0
-507.072 1055.539 760.35 1.0
-362.99 1116.635 760.35 1.0
-362.422 1116.853 760.35 1.0
-361.842 1117.034 760.35 1.0
-210.806 1158.406 760.35 1.0
-210.31 1158.521 760.35 1.0
-209.71 1158.623 760.35 1.0
-54.481 1179.498 760.35 1.0
-53.956 1179.546 760.35 1.0
-53.394 1179.563 760.35 1.0
-13.535 1179.563 760.35 1.0
-13.535 1179.563 780.35 0.0
-10.538 1171.713 780.35 0.0
-10.538 1214.042 780.35 1.0
-10.538 1277.846 780.35 1.0
-57.085 1277.846 780.35 1.0
-219.623 1256.889 780.35 1.0
-378.146 1215.32 780.35 1.0
-530.052 1153.82 780.35 1.0
-672.847 1073.399 780.35 1.0
-804.185 975.379 780.35 1.0
-921.91 861.368 780.35 1.0
-1024.09 733.239 780.35 1.0
-1109.046 593.096 780.35 1.0
-1175.383 443.239 780.35 1.0
-1222.012 286.129 780.35 1.0
-1248.168 124.347 780.35 1.0
-1251.8 11.097 780.35 1.0
-1146.29 11.097 780.35 1.0
-1147.26 40.12 780.35 1.0
-1147.256 40.835 780.35 1.0
-1147.219 41.335 780.35 1.0
-1131.66 196.003 780.35 1.0
-1131.578 196.606 780.35 1.0
-1131.457 197.202 780.35 1.0
-1095.421 348.417 780.35 1.0
-1095.26 349.003 780.35 1.0
-1095.061 349.578 780.35 1.0
-1039.191 494.64 780.35 1.0
-1038.954 495.2 780.35 1.0
-1038.68 495.743 780.35 1.0
-963.974 632.064 780.35 1.0
-963.663 632.588 780.35 1.0
-963.319 633.089 780.35 1.0
-871.11 758.236 780.35 1.0
-870.733 758.714 780.35 1.0
-870.325 759.165 780.35 1.0
-762.258 870.905 780.35 1.0
-761.82 871.328 780.35 1.0
-761.356 871.721 780.35 1.0
-639.36 968.06 780.35 1.0
-638.87 968.421 780.35 1.0
-638.357 968.749 780.35 1.0
-504.609 1047.968 780.35 1.0
-504.075 1048.26 780.35 1.0
-503.524 1048.516 780.35 1.0
-360.409 1109.202 780.35 1.0
-359.841 1109.421 780.35 1.0
-359.261 1109.601 780.35 1.0
-209.239 1150.696 780.35 1.0
-208.743 1150.811 780.35 1.0
-208.143 1150.912 780.35 1.0
-53.956 1171.647 780.35 1.0
-53.43 1171.695 780.35 1.0
-52.868 1171.713 780.35 1.0
-13.538 1171.713 780.35 1.0
-13.538 1171.713 800.35 0.0
-10.541 1163.101 800.35 0.0
-10.541 1204.851 800.35 1.0
-10.541 1269.951 800.35 1.0
-56.578 1269.951 800.35 1.0
-218.111 1249.123 800.35 1.0
-375.653 1207.811 800.35 1.0
-526.62 1146.691 800.35 1.0
-668.531 1066.769 800.35 1.0
-799.056 969.355 800.35 1.0
-916.054 856.049 800.35 1.0
-1017.601 728.713 800.35 1.0
-1102.031 589.436 800.35 1.0
-1167.958 440.507 800.35 1.0
-1214.299 284.369 800.35 1.0
-1240.293 123.587 800.35 1.0
-1243.901 11.086 800.35 1.0
-1137.673 11.086 800.35 1.0
-1138.634 39.831 800.35 1.0
-1138.63 40.547 800.35 1.0
-1138.593 41.047 800.35 1.0
-1123.149 194.568 800.35 1.0
-1123.068 195.171 800.35 1.0
-1122.947 195.767 800.35 1.0
-1087.178 345.859 800.35 1.0
-1087.017 346.446 800.35 1.0
-1086.818 347.021 800.35 1.0
-1031.363 491.007 800.35 1.0
-1031.125 491.567 800.35 1.0
-1030.851 492.11 800.35 1.0
-956.699 627.42 800.35 1.0
-956.389 627.944 800.35 1.0
-956.044 628.445 800.35 1.0
-864.519 752.664 800.35 1.0
-864.142 753.142 800.35 1.0
-863.734 753.593 800.35 1.0
-756.469 864.504 800.35 1.0
-756.031 864.927 800.35 1.0
-755.567 865.32 800.35 1.0
-634.475 960.945 800.35 1.0
-633.985 961.306 800.35 1.0
-633.473 961.633 800.35 1.0
-500.716 1040.265 800.35 1.0
-500.182 1040.557 800.35 1.0
-499.631 1040.813 800.35 1.0
-357.578 1101.049 800.35 1.0
-357.01 1101.267 800.35 1.0
-356.43 1101.448 800.35 1.0
-207.52 1142.238 800.35 1.0
-207.024 1142.353 800.35 1.0
-206.424 1142.454 800.35 1.0
-53.379 1163.036 800.35 1.0
-52.854 1163.084 800.35 1.0
-52.292 1163.101 800.35 1.0
-13.541 1163.101 800.35 1.0
-13.541 1163.101 820.35 0.0
-10.544 1154.231 820.35 0.0
-10.544 1195.385 820.35 1.0
-10.544 1262.055 820.35 1.0
-56.071 1262.055 820.35 1.0
-216.598 1241.358 820.35 1.0
-373.16 1200.302 820.35 1.0
-523.187 1139.563 820.35 1.0
-664.215 1060.138 820.35 1.0
-793.928 963.33 820.35 1.0
-910.197 850.73 820.35 1.0
-1011.112 724.186 820.35 1.0
-1095.017 585.777 820.35 1.0
-1160.533 437.774 820.35 1.0
-1206.586 282.608 820.35 1.0
-1232.418 122.827 820.35 1.0
-1236.001 11.075 820.35 1.0
-1128.798 11.075 820.35 1.0
-1129.749 39.534 820.35 1.0
-1129.745 40.25 820.35 1.0
-1129.709 40.75 820.35 1.0
-1114.383 193.089 820.35 1.0
-1114.302 193.692 820.35 1.0
-1114.181 194.288 820.35 1.0
-1078.687 343.226 820.35 1.0
-1078.527 343.813 820.35 1.0
-1078.327 344.387 820.35 1.0
-1023.299 487.265 820.35 1.0
-1023.061 487.825 820.35 1.0
-1022.787 488.368 820.35 1.0
-949.206 622.636 820.35 1.0
-948.896 623.16 820.35 1.0
-948.551 623.662 820.35 1.0
-857.731 746.924 820.35 1.0
-857.353 747.402 820.35 1.0
-856.946 747.853 820.35 1.0
-750.506 857.911 820.35 1.0
-750.068 858.334 820.35 1.0
-749.604 858.727 820.35 1.0
-629.444 953.616 820.35 1.0
-628.954 953.977 820.35 1.0
-628.442 954.304 820.35 1.0
-496.707 1032.331 820.35 1.0
-496.173 1032.623 820.35 1.0
-495.622 1032.879 820.35 1.0
-354.662 1092.651 820.35 1.0
-354.094 1092.87 820.35 1.0
-353.514 1093.05 820.35 1.0
-205.749 1133.526 820.35 1.0
-205.253 1133.642 820.35 1.0
-204.653 1133.743 820.35 1.0
-52.785 1154.166 820.35 1.0
-52.26 1154.214 820.35 1.0
-51.698 1154.231 820.35 1.0
-13.544 1154.231 820.35 1.0
-13.544 1154.231 840.35 0.0
-1119.923 11.063 840.35 0.0
-1120.865 39.237 840.35 1.0
-1120.861 39.953 840.35 1.0
-1120.824 40.453 840.35 1.0
-1105.618 191.61 840.35 1.0
-1105.536 192.213 840.35 1.0
-1105.415 192.81 840.35 1.0
-1070.197 340.592 840.35 1.0
-1070.036 341.179 840.35 1.0
-1069.837 341.753 840.35 1.0
-1015.235 483.523 840.35 1.0
-1014.998 484.083 840.35 1.0
-1014.723 484.626 840.35 1.0
-941.713 617.853 840.35 1.0
-941.403 618.377 840.35 1.0
-941.058 618.878 840.35 1.0
-850.942 741.185 840.35 1.0
-850.565 741.663 840.35 1.0
-850.157 742.114 840.35 1.0
-744.543 851.318 840.35 1.0
-744.105 851.741 840.35 1.0
-743.641 852.134 840.35 1.0
-624.413 946.287 840.35 1.0
-623.923 946.648 840.35 1.0
-623.411 946.975 840.35 1.0
-492.698 1024.397 840.35 1.0
-492.114 1024.714 840.35 1.0
-491.612 1024.945 840.35 1.0
-351.746 1084.253 840.35 1.0
-351.126 1084.49 840.35 1.0
-350.598 1084.652 840.35 1.0
-203.968 1124.818 840.35 1.0
-203.428 1124.941 840.35 1.0
-202.883 1125.031 840.35 1.0
-52.192 1145.296 840.35 1.0
-51.666 1145.344 840.35 1.0
-51.104 1145.362 840.35 1.0
-10.547 1145.362 840.35 1.0
-10.547 1185.918 840.35 1.0
-10.547 1254.16 840.35 1.0
-55.564 1254.16 840.35 1.0
-215.086 1233.592 840.35 1.0
-370.667 1192.793 840.35 1.0
-519.754 1132.435 840.35 1.0
-659.898 1053.507 840.35 1.0
-788.799 957.306 840.35 1.0
-904.34 845.411 840.35 1.0
-1004.623 719.66 840.35 1.0
-1088.002 582.117 840.35 1.0
-1153.108 435.042 840.35 1.0
-1198.872 280.848 840.35 1.0
-1224.542 122.068 840.35 1.0
-1228.102 11.064 840.35 1.0
-1122.923 11.063 840.35 1.0
-1122.923 11.063 860.35 0.0
-1111.048 11.052 860.35 0.0
-1111.98 38.94 860.35 1.0
-1111.979 39.569 860.35 1.0
-1111.94 40.155 860.35 1.0
-1096.852 190.132 860.35 1.0
-1096.771 190.735 860.35 1.0
-1096.65 191.331 860.35 1.0
-1061.707 337.958 860.35 1.0
-1061.546 338.545 860.35 1.0
-1061.346 339.12 860.35 1.0
-1007.172 479.781 860.35 1.0
-1006.934 480.341 860.35 1.0
-1006.66 480.884 860.35 1.0
-934.22 613.07 860.35 1.0
-933.91 613.594 860.35 1.0
-933.566 614.095 860.35 1.0
-844.154 735.446 860.35 1.0
-843.776 735.923 860.35 1.0
-843.368 736.374 860.35 1.0
-738.58 844.725 860.35 1.0
-738.142 845.148 860.35 1.0
-737.678 845.541 860.35 1.0
-619.382 938.958 860.35 1.0
-618.892 939.319 860.35 1.0
-618.38 939.646 860.35 1.0
-488.689 1016.462 860.35 1.0
-488.105 1016.78 860.35 1.0
-487.603 1017.011 860.35 1.0
-348.83 1075.856 860.35 1.0
-348.21 1076.092 860.35 1.0
-347.682 1076.254 860.35 1.0
-202.197 1116.106 860.35 1.0
-201.657 1116.23 860.35 1.0
-201.112 1116.32 860.35 1.0
-51.598 1136.427 860.35 1.0
-51.072 1136.474 860.35 1.0
-50.51 1136.492 860.35 1.0
-10.55 1136.492 860.35 1.0
-10.55 1176.452 860.35 1.0
-10.55 1245.222 860.35 1.0
-54.991 1245.222 860.35 1.0
-213.374 1224.801 860.35 1.0
-367.845 1184.293 860.35 1.0
-515.868 1124.365 860.35 1.0
-655.012 1046.001 860.35 1.0
-782.993 950.486 860.35 1.0
-897.709 839.39 860.35 1.0
-997.277 714.536 860.35 1.0
-1080.061 577.975 860.35 1.0
-1144.703 431.948 860.35 1.0
-1190.14 278.855 860.35 1.0
-1215.628 121.208 860.35 1.0
-1219.16 11.052 860.35 1.0
-1114.048 11.052 860.35 1.0
-1114.048 11.052 880.35 0.0
-10.553 1127.622 880.35 0.0
-10.553 1166.985 880.35 1.0
-10.553 1235.954 880.35 1.0
-54.396 1235.954 880.35 1.0
-211.598 1215.685 880.35 1.0
-364.918 1175.479 880.35 1.0
-511.838 1115.998 880.35 1.0
-649.946 1038.217 880.35 1.0
-776.973 943.415 880.35 1.0
-890.834 833.146 880.35 1.0
-989.66 709.223 880.35 1.0
-1071.827 573.679 880.35 1.0
-1135.987 428.741 880.35 1.0
-1181.086 276.788 880.35 1.0
-1206.383 120.316 880.35 1.0
-1209.887 11.041 880.35 1.0
-1102.173 11.041 880.35 1.0
-1103.096 38.643 880.35 1.0
-1103.095 39.272 880.35 1.0
-1103.055 39.858 880.35 1.0
-1088.086 188.653 880.35 1.0
-1088.005 189.256 880.35 1.0
-1087.884 189.852 880.35 1.0
-1053.216 335.324 880.35 1.0
-1053.055 335.911 880.35 1.0
-1052.856 336.486 880.35 1.0
-999.108 476.039 880.35 1.0
-998.87 476.599 880.35 1.0
-998.596 477.142 880.35 1.0
-926.727 608.287 880.35 1.0
-926.417 608.81 880.35 1.0
-926.073 609.312 880.35 1.0
-837.365 729.706 880.35 1.0
-836.988 730.184 880.35 1.0
-836.58 730.635 880.35 1.0
-732.617 838.132 880.35 1.0
-732.179 838.555 880.35 1.0
-731.715 838.948 880.35 1.0
-614.351 931.629 880.35 1.0
-613.861 931.99 880.35 1.0
-613.349 932.317 880.35 1.0
-484.679 1008.528 880.35 1.0
-484.145 1008.821 880.35 1.0
-483.594 1009.077 880.35 1.0
-345.914 1067.458 880.35 1.0
-345.346 1067.677 880.35 1.0
-344.766 1067.857 880.35 1.0
-200.426 1107.395 880.35 1.0
-199.887 1107.518 880.35 1.0
-199.341 1107.608 880.35 1.0
-51.004 1127.557 880.35 1.0
-50.479 1127.605 880.35 1.0
-49.917 1127.622 880.35 1.0
-13.553 1127.622 880.35 1.0
-13.553 1127.622 900.35 0.0
-10.556 1118.752 900.35 0.0
-10.556 1157.519 900.35 1.0
-10.556 1226.686 900.35 1.0
-53.801 1226.686 900.35 1.0
-209.823 1206.569 900.35 1.0
-361.992 1166.666 900.35 1.0
-507.809 1107.631 900.35 1.0
-644.88 1030.434 900.35 1.0
-770.953 936.343 900.35 1.0
-883.959 826.902 900.35 1.0
-982.043 703.909 900.35 1.0
-1063.594 569.383 900.35 1.0
-1127.272 425.534 900.35 1.0
-1172.032 274.722 900.35 1.0
-1197.139 119.424 900.35 1.0
-1200.615 11.03 900.35 1.0
-1093.298 11.03 900.35 1.0
-1094.211 38.346 900.35 1.0
-1094.21 38.975 900.35 1.0
-1094.17 39.561 900.35 1.0
-1079.32 187.175 900.35 1.0
-1079.239 187.778 900.35 1.0
-1079.118 188.374 900.35 1.0
-1044.726 332.691 900.35 1.0
-1044.565 333.278 900.35 1.0
-1044.365 333.852 900.35 1.0
-991.044 472.297 900.35 1.0
-990.807 472.858 900.35 1.0
-990.532 473.4 900.35 1.0
-919.234 603.503 900.35 1.0
-918.924 604.027 900.35 1.0
-918.58 604.528 900.35 1.0
-830.576 723.967 900.35 1.0
-830.199 724.445 900.35 1.0
-829.791 724.896 900.35 1.0
-726.654 831.539 900.35 1.0
-726.216 831.962 900.35 1.0
-725.752 832.355 900.35 1.0
-609.32 924.3 900.35 1.0
-608.83 924.661 900.35 1.0
-608.318 924.988 900.35 1.0
-480.67 1000.594 900.35 1.0
-480.136 1000.887 900.35 1.0
-479.585 1001.143 900.35 1.0
-342.998 1059.06 900.35 1.0
-342.43 1059.279 900.35 1.0
-341.85 1059.459 900.35 1.0
-198.667 1098.68 900.35 1.0
-198.17 1098.796 900.35 1.0
-197.571 1098.897 900.35 1.0
-50.41 1118.687 900.35 1.0
-49.885 1118.735 900.35 1.0
-49.323 1118.752 900.35 1.0
-13.556 1118.752 900.35 1.0
-13.556 1118.752 920.35 0.0
-10.559 1109.303 920.35 0.0
-10.559 1147.434 920.35 1.0
-10.559 1217.418 920.35 1.0
-53.206 1217.418 920.35 1.0
-208.048 1197.453 920.35 1.0
-359.066 1157.852 920.35 1.0
-503.779 1099.263 920.35 1.0
-639.813 1022.651 920.35 1.0
-764.933 929.271 920.35 1.0
-877.084 820.659 920.35 1.0
-974.426 698.596 920.35 1.0
-1055.36 565.088 920.35 1.0
-1118.556 422.326 920.35 1.0
-1162.978 272.655 920.35 1.0
-1187.895 118.532 920.35 1.0
-1191.343 11.018 920.35 1.0
-1083.843 11.018 920.35 1.0
-1084.746 38.029 920.35 1.0
-1084.745 38.659 920.35 1.0
-1084.705 39.245 920.35 1.0
-1069.982 185.599 920.35 1.0
-1069.901 186.202 920.35 1.0
-1069.779 186.798 920.35 1.0
-1035.68 329.885 920.35 1.0
-1035.519 330.472 920.35 1.0
-1035.32 331.046 920.35 1.0
-982.453 468.311 920.35 1.0
-982.216 468.871 920.35 1.0
-981.941 469.414 920.35 1.0
-911.251 598.407 920.35 1.0
-910.941 598.931 920.35 1.0
-910.597 599.432 920.35 1.0
-823.344 717.852 920.35 1.0
-822.967 718.33 920.35 1.0
-822.559 718.781 920.35 1.0
-720.301 824.515 920.35 1.0
-719.863 824.938 920.35 1.0
-719.399 825.331 920.35 1.0
-603.96 916.492 920.35 1.0
-603.47 916.853 920.35 1.0
-602.958 917.18 920.35 1.0
-476.399 992.141 920.35 1.0
-475.865 992.434 920.35 1.0
-475.313 992.69 920.35 1.0
-339.892 1050.113 920.35 1.0
-339.324 1050.332 920.35 1.0
-338.743 1050.512 920.35 1.0
-196.769 1089.402 920.35 1.0
-196.23 1089.526 920.35 1.0
-195.684 1089.616 920.35 1.0
-49.904 1109.222 920.35 1.0
-49.32 1109.281 920.35 1.0
-48.69 1109.303 920.35 1.0
-13.559 1109.303 920.35 1.0
-13.559 1109.303 940.35 0.0
-10.562 1099.319 940.35 0.0
-10.562 1136.778 940.35 1.0
-10.562 1208.15 940.35 1.0
-52.611 1208.15 940.35 1.0
-206.272 1188.337 940.35 1.0
-356.139 1149.038 940.35 1.0
-499.75 1090.896 940.35 1.0
-634.747 1014.867 940.35 1.0
-758.913 922.2 940.35 1.0
-870.209 814.415 940.35 1.0
-966.809 693.283 940.35 1.0
-1047.126 560.792 940.35 1.0
-1109.84 419.119 940.35 1.0
-1153.923 270.589 940.35 1.0
-1178.651 117.641 940.35 1.0
-1182.07 11.007 940.35 1.0
-1073.853 11.007 940.35 1.0
-1074.745 37.695 940.35 1.0
-1074.744 38.325 940.35 1.0
-1074.704 38.911 940.35 1.0
-1060.115 183.935 940.35 1.0
-1060.034 184.538 940.35 1.0
-1059.913 185.134 940.35 1.0
-1026.123 326.92 940.35 1.0
-1025.962 327.507 940.35 1.0
-1025.763 328.082 940.35 1.0
-973.377 464.099 940.35 1.0
-973.139 464.659 940.35 1.0
-972.865 465.202 940.35 1.0
-902.817 593.023 940.35 1.0
-902.507 593.547 940.35 1.0
-902.163 594.048 940.35 1.0
-815.703 711.392 940.35 1.0
-815.326 711.87 940.35 1.0
-814.918 712.321 940.35 1.0
-713.589 817.094 940.35 1.0
-713.151 817.517 940.35 1.0
-712.687 817.91 940.35 1.0
-598.297 908.242 940.35 1.0
-597.807 908.604 940.35 1.0
-597.295 908.931 940.35 1.0
-471.886 983.211 940.35 1.0
-471.302 983.528 940.35 1.0
-470.8 983.759 940.35 1.0
-336.61 1040.661 940.35 1.0
-335.989 1040.898 940.35 1.0
-335.461 1041.06 940.35 1.0
-194.776 1079.597 940.35 1.0
-194.236 1079.72 940.35 1.0
-193.691 1079.81 940.35 1.0
-49.235 1099.238 940.35 1.0
-48.652 1099.297 940.35 1.0
-48.022 1099.319 940.35 1.0
-13.562 1099.319 940.35 1.0
-13.562 1099.319 960.35 0.0
-10.565 1089.335 960.35 0.0
-10.565 1126.123 960.35 1.0
-10.565 1198.882 960.35 1.0
-52.016 1198.882 960.35 1.0
-204.497 1179.222 960.35 1.0
-353.213 1140.224 960.35 1.0
-495.72 1082.529 960.35 1.0
-629.68 1007.084 960.35 1.0
-752.893 915.128 960.35 1.0
-863.334 808.171 960.35 1.0
-959.192 687.969 960.35 1.0
-1038.892 556.497 960.35 1.0
-1101.125 415.911 960.35 1.0
-1144.869 268.522 960.35 1.0
-1169.407 116.749 960.35 1.0
-1172.798 10.996 960.35 1.0
-1063.863 10.996 960.35 1.0
-1064.744 37.361 960.35 1.0
-1064.744 37.99 960.35 1.0
-1064.704 38.576 960.35 1.0
-1050.248 182.271 960.35 1.0
-1050.167 182.874 960.35 1.0
-1050.046 183.47 960.35 1.0
-1016.566 323.955 960.35 1.0
-1016.405 324.542 960.35 1.0
-1016.206 325.117 960.35 1.0
-964.3 459.887 960.35 1.0
-964.063 460.447 960.35 1.0
-963.788 460.99 960.35 1.0
-894.383 587.639 960.35 1.0
-894.043 588.209 960.35 1.0
-893.728 588.664 960.35 1.0
-808.062 704.932 960.35 1.0
-807.648 705.452 960.35 1.0
-807.276 705.861 960.35 1.0
-706.799 809.752 960.35 1.0
-706.398 810.133 960.35 1.0
-705.975 810.489 960.35 1.0
-592.634 899.993 960.35 1.0
-592.098 900.385 960.35 1.0
-591.632 900.681 960.35 1.0
-467.373 974.28 960.35 1.0
-466.789 974.597 960.35 1.0
-466.287 974.828 960.35 1.0
-333.327 1031.208 960.35 1.0
-332.707 1031.445 960.35 1.0
-332.178 1031.607 960.35 1.0
-192.783 1069.791 960.35 1.0
-192.243 1069.914 960.35 1.0
-191.698 1070.004 960.35 1.0
-48.567 1089.254 960.35 1.0
-47.983 1089.313 960.35 1.0
-47.353 1089.335 960.35 1.0
-13.565 1089.335 960.35 1.0
-13.565 1089.335 980.35 0.0
-1053.873 10.984 980.35 0.0
-1054.744 37.026 980.35 1.0
-1054.743 37.656 980.35 1.0
-1054.703 38.242 980.35 1.0
-1040.381 180.606 980.35 1.0
-1040.291 181.264 980.35 1.0
-1040.179 181.805 980.35 1.0
-1007.009 320.991 980.35 1.0
-1006.832 321.631 980.35 1.0
-1006.649 322.152 980.35 1.0
-955.224 455.675 980.35 1.0
-954.963 456.285 980.35 1.0
-954.712 456.778 980.35 1.0
-885.949 582.255 980.35 1.0
-885.609 582.825 980.35 1.0
-885.294 583.28 980.35 1.0
-800.42 698.472 980.35 1.0
-800.007 698.991 980.35 1.0
-799.635 699.4 980.35 1.0
-700.087 802.331 980.35 1.0
-699.686 802.712 980.35 1.0
-699.263 803.068 980.35 1.0
-586.971 891.743 980.35 1.0
-586.435 892.136 980.35 1.0
-585.969 892.432 980.35 1.0
-462.86 965.349 980.35 1.0
-462.276 965.667 980.35 1.0
-461.774 965.898 980.35 1.0
-330.045 1021.756 980.35 1.0
-329.424 1021.993 980.35 1.0
-328.896 1022.155 980.35 1.0
-190.79 1059.985 980.35 1.0
-190.25 1060.109 980.35 1.0
-189.705 1060.199 980.35 1.0
-47.899 1079.27 980.35 1.0
-47.315 1079.329 980.35 1.0
-46.685 1079.351 980.35 1.0
-10.568 1079.351 980.35 1.0
-10.568 1115.468 980.35 1.0
-10.568 1189.614 980.35 1.0
-51.421 1189.614 980.35 1.0
-202.722 1170.106 980.35 1.0
-350.286 1131.41 980.35 1.0
-491.691 1074.161 980.35 1.0
-624.614 999.301 980.35 1.0
-746.873 908.057 980.35 1.0
-856.459 801.928 980.35 1.0
-951.575 682.656 980.35 1.0
-1030.658 552.201 980.35 1.0
-1092.409 412.704 980.35 1.0
-1135.815 266.455 980.35 1.0
-1160.162 115.857 980.35 1.0
-1163.525 10.984 980.35 1.0
-1056.873 10.984 980.35 1.0
-1056.873 10.984 1000.35 0.0
-1043.883 10.973 1000.35 0.0
-1044.743 36.692 1000.35 1.0
-1044.742 37.321 1000.35 1.0
-1044.702 37.908 1000.35 1.0
-1030.514 178.942 1000.35 1.0
-1030.424 179.6 1000.35 1.0
-1030.312 180.141 1000.35 1.0
-997.452 318.026 1000.35 1.0
-997.275 318.666 1000.35 1.0
-997.092 319.188 1000.35 1.0
-946.147 451.463 1000.35 1.0
-945.886 452.073 1000.35 1.0
-945.635 452.566 1000.35 1.0
-877.515 576.87 1000.35 1.0
-877.174 577.441 1000.35 1.0
-876.86 577.896 1000.35 1.0
-792.779 692.011 1000.35 1.0
-792.366 692.531 1000.35 1.0
-791.994 692.94 1000.35 1.0
-693.375 794.91 1000.35 1.0
-692.974 795.291 1000.35 1.0
-692.551 795.646 1000.35 1.0
-581.308 883.494 1000.35 1.0
-580.772 883.886 1000.35 1.0
-580.306 884.182 1000.35 1.0
-458.347 956.418 1000.35 1.0
-457.763 956.736 1000.35 1.0
-457.261 956.967 1000.35 1.0
-326.763 1012.303 1000.35 1.0
-326.142 1012.54 1000.35 1.0
-325.614 1012.702 1000.35 1.0
-188.797 1050.179 1000.35 1.0
-188.257 1050.303 1000.35 1.0
-187.712 1050.393 1000.35 1.0
-47.23 1069.286 1000.35 1.0
-46.647 1069.345 1000.35 1.0
-46.017 1069.367 1000.35 1.0
-10.571 1069.367 1000.35 1.0
-10.571 1104.813 1000.35 1.0
-10.571 1180.346 1000.35 1.0
-50.825 1180.346 1000.35 1.0
-200.947 1160.99 1000.35 1.0
-347.36 1122.596 1000.35 1.0
-487.661 1065.794 1000.35 1.0
-619.547 991.517 1000.35 1.0
-740.852 900.985 1000.35 1.0
-849.584 795.684 1000.35 1.0
-943.958 677.343 1000.35 1.0
-1022.424 547.905 1000.35 1.0
-1083.694 409.496 1000.35 1.0
-1126.761 264.389 1000.35 1.0
-1150.918 114.965 1000.35 1.0
-1154.253 10.973 1000.35 1.0
-1046.883 10.973 1000.35 1.0
