0.327 1186.693 0.35 0.0
-51.233 1186.693 0.35 1.0
-202.162 1167.233 0.35 1.0
-349.364 1128.632 0.35 1.0
-490.421 1071.524 0.35 1.0
-623.017 996.848 0.35 1.0
-744.975 905.828 0.35 1.0
-854.293 799.96 0.35 1.0
-949.175 680.982 0.35 1.0
-1028.063 550.847 0.35 1.0
-1089.662 411.693 0.35 1.0
-1132.961 265.804 0.35 1.0
-1157.249 115.576 0.35 1.0
-1160.953 0.068 0.35 1.0
-1027.705 0.068 0.35 1.0
-1028.93 36.793 0.35 1.0
-1014.83 176.93 0.35 1.0
-982.176 313.942 0.35 1.0
-931.567 445.344 0.35 1.0
-863.86 568.895 0.35 1.0
-780.309 682.287 0.35 1.0
-682.418 783.506 0.35 1.0
-571.851 870.821 0.35 1.0
-450.663 942.598 0.35 1.0
-320.989 997.582 0.35 1.0
-185.181 1034.784 0.35 1.0
-45.589 1053.56 0.35 1.0
0.327 1053.563 0.35 1.0
0.327 1099.437 0.35 1.0
0.327 1183.693 0.35 1.0
0.327 1183.693 20.35 0.0
-1033.893 10.962 20.35 0.0
-1034.742 36.358 20.35 1.0
-1034.742 36.987 20.35 1.0
-1034.702 37.573 20.35 1.0
-1020.647 177.278 20.35 1.0
-1020.557 177.935 20.35 1.0
-1020.445 178.477 20.35 1.0
-987.895 315.062 20.35 1.0
-987.718 315.701 20.35 1.0
-987.535 316.223 20.35 1.0
-937.071 447.251 20.35 1.0
-936.81 447.861 20.35 1.0
-936.559 448.354 20.35 1.0
-869.08 571.486 20.35 1.0
-868.74 572.056 20.35 1.0
-868.426 572.511 20.35 1.0
-785.138 685.551 20.35 1.0
-784.724 686.071 20.35 1.0
-784.352 686.48 20.35 1.0
-686.663 787.489 20.35 1.0
-686.262 787.87 20.35 1.0
-685.839 788.225 20.35 1.0
-575.645 875.244 20.35 1.0
-575.109 875.637 20.35 1.0
-574.643 875.932 20.35 1.0
-453.834 947.488 20.35 1.0
-453.251 947.805 20.35 1.0
-452.748 948.036 20.35 1.0
-323.48 1002.851 20.35 1.0
-322.86 1003.087 20.35 1.0
-322.331 1003.25 20.35 1.0
-186.804 1040.374 20.35 1.0
-186.264 1040.497 20.35 1.0
-185.719 1040.587 20.35 1.0
-46.562 1059.302 20.35 1.0
-45.978 1059.362 20.35 1.0
-45.348 1059.383 20.35 1.0
-10.574 1059.383 20.35 1.0
-10.574 1094.158 20.35 1.0
-10.574 1171.078 20.35 1.0
-50.23 1171.078 20.35 1.0
-199.171 1151.874 20.35 1.0
-344.433 1113.782 20.35 1.0
-483.632 1057.427 20.35 1.0
-614.481 983.734 20.35 1.0
-734.832 893.913 20.35 1.0
-842.709 789.44 20.35 1.0
-936.341 672.03 20.35 1.0
-1014.19 543.61 20.35 1.0
-1074.978 406.289 20.35 1.0
-1117.706 262.322 20.35 1.0
-1141.674 114.074 20.35 1.0
-1144.981 10.962 20.35 1.0
-1036.893 10.962 20.35 1.0
-1036.893 10.962 40.35 0.0
-1023.183 10.951 40.35 0.0
-1024.02 35.999 40.35 1.0
-1024.02 36.629 40.35 1.0
-1023.98 37.215 40.35 1.0
-1010.069 175.493 40.35 1.0
-1009.978 176.151 40.35 1.0
-1009.866 176.692 40.35 1.0
-977.649 311.883 40.35 1.0
-977.471 312.523 40.35 1.0
-977.288 313.045 40.35 1.0
-927.339 442.735 40.35 1.0
-927.078 443.345 40.35 1.0
-926.827 443.838 40.35 1.0
-860.038 565.714 40.35 1.0
-859.698 566.284 40.35 1.0
-859.383 566.739 40.35 1.0
-776.945 678.625 40.35 1.0
-776.532 679.144 40.35 1.0
-776.16 679.553 40.35 1.0
-679.467 779.532 40.35 1.0
-679.066 779.913 40.35 1.0
-678.642 780.269 40.35 1.0
-569.574 866.4 40.35 1.0
-569.038 866.792 40.35 1.0
-568.571 867.088 40.35 1.0
-448.995 937.913 40.35 1.0
-448.412 938.23 40.35 1.0
-447.91 938.461 40.35 1.0
-319.961 992.716 40.35 1.0
-319.341 992.953 40.35 1.0
-318.812 993.115 40.35 1.0
-184.667 1029.861 40.35 1.0
-184.127 1029.984 40.35 1.0
-183.582 1030.074 40.35 1.0
-45.845 1048.598 40.35 1.0
-45.262 1048.657 40.35 1.0
-44.632 1048.679 40.35 1.0
-10.577 1048.679 40.35 1.0
-10.577 1082.734 40.35 1.0
-10.577 1161.79 40.35 1.0
-49.634 1161.79 40.35 1.0
-197.392 1142.739 40.35 1.0
-341.501 1104.949 40.35 1.0
-479.594 1049.042 40.35 1.0
-609.404 975.934 40.35 1.0
-728.8 886.827 40.35 1.0
-835.82 783.183 40.35 1.0
-928.708 666.705 40.35 1.0
-1005.939 539.305 40.35 1.0
-1066.244 403.075 40.35 1.0
-1108.633 260.251 40.35 1.0
-1132.41 113.18 40.35 1.0
-1135.689 10.951 40.35 1.0
-1026.183 10.951 40.35 1.0
-1026.183 10.951 60.35 0.0
-1011.954 10.939 60.35 0.0
-1012.779 35.623 60.35 1.0
-1012.778 36.253 60.35 1.0
-1012.738 36.839 60.35 1.0
-998.978 173.622 60.35 1.0
-998.887 174.28 60.35 1.0
-998.776 174.822 60.35 1.0
-966.906 308.551 60.35 1.0
-966.729 309.191 60.35 1.0
-966.546 309.712 60.35 1.0
-917.137 438.001 60.35 1.0
-916.876 438.611 60.35 1.0
-916.625 439.104 60.35 1.0
-850.557 559.662 60.35 1.0
-850.217 560.232 60.35 1.0
-849.903 560.687 60.35 1.0
-768.356 671.363 60.35 1.0
-767.943 671.883 60.35 1.0
-767.571 672.292 60.35 1.0
-671.922 771.19 60.35 1.0
-671.521 771.571 60.35 1.0
-671.098 771.927 60.35 1.0
-563.208 857.127 60.35 1.0
-562.673 857.519 60.35 1.0
-562.206 857.815 60.35 1.0
-443.923 927.874 60.35 1.0
-443.339 928.191 60.35 1.0
-442.837 928.423 60.35 1.0
-316.272 982.091 60.35 1.0
-315.651 982.328 60.35 1.0
-315.123 982.49 60.35 1.0
-182.426 1018.838 60.35 1.0
-181.887 1018.962 60.35 1.0
-181.342 1019.052 60.35 1.0
-45.094 1037.376 60.35 1.0
-44.51 1037.435 60.35 1.0
-43.881 1037.457 60.35 1.0
-10.58 1037.457 60.35 1.0
-10.58 1070.757 60.35 1.0
-10.58 1150.719 60.35 1.0
-48.923 1150.719 60.35 1.0
-195.271 1131.849 60.35 1.0
-338.005 1094.42 60.35 1.0
-474.78 1039.046 60.35 1.0
-603.351 966.636 60.35 1.0
-721.608 878.379 60.35 1.0
-827.607 775.724 60.35 1.0
-919.609 660.358 60.35 1.0
-996.102 534.173 60.35 1.0
-1055.832 399.243 60.35 1.0
-1097.817 257.783 60.35 1.0
-1121.367 112.115 60.35 1.0
-1124.612 10.939 60.35 1.0
-1014.954 10.939 60.35 1.0
-1014.954 10.939 80.35 0.0
-1000.725 10.928 80.35 0.0
-1001.538 35.248 80.35 1.0
-1001.537 35.877 80.35 1.0
-1001.497 36.463 80.35 1.0
-987.887 171.752 80.35 1.0
-987.797 172.409 80.35 1.0
-987.685 172.951 80.35 1.0
-956.164 305.218 80.35 1.0
-955.986 305.858 80.35 1.0
-955.803 306.38 80.35 1.0
-906.934 433.266 80.35 1.0
-906.673 433.877 80.35 1.0
-906.422 434.369 80.35 1.0
-841.077 553.61 80.35 1.0
-840.737 554.18 80.35 1.0
-840.422 554.635 80.35 1.0
-759.767 664.101 80.35 1.0
-759.354 664.621 80.35 1.0
-758.982 665.03 80.35 1.0
-664.378 762.849 80.35 1.0
-663.976 763.23 80.35 1.0
-663.553 763.585 80.35 1.0
-556.843 847.854 80.35 1.0
-556.307 848.246 80.35 1.0
-555.84 848.542 80.35 1.0
-438.85 917.835 80.35 1.0
-438.267 918.153 80.35 1.0
-437.765 918.384 80.35 1.0
-312.582 971.466 80.35 1.0
-311.962 971.703 80.35 1.0
-311.433 971.865 80.35 1.0
-180.186 1007.816 80.35 1.0
-179.646 1007.94 80.35 1.0
-179.101 1008.03 80.35 1.0
-44.181 1026.174 80.35 1.0
-43.672 1026.218 80.35 1.0
-43.129 1026.235 80.35 1.0
-10.583 1026.235 80.35 1.0
-10.583 1058.781 80.35 1.0
-10.583 1139.647 80.35 1.0
-48.213 1139.647 80.35 1.0
-193.15 1120.959 80.35 1.0
-334.509 1083.89 80.35 1.0
-469.966 1029.05 80.35 1.0
-597.299 957.337 80.35 1.0
-714.416 869.931 80.35 1.0
-819.394 768.265 80.35 1.0
-910.509 654.01 80.35 1.0
-986.266 529.042 80.35 1.0
-1045.42 395.411 80.35 1.0
-1087.0 255.314 80.35 1.0
-1110.324 111.049 80.35 1.0
-1113.534 10.928 80.35 1.0
-1003.725 10.928 80.35 1.0
-1003.725 10.928 100.35 0.0
-10.586 1015.012 100.35 0.0
-10.586 1046.804 100.35 1.0
-10.586 1128.575 100.35 1.0
-47.502 1128.575 100.35 1.0
-191.03 1110.069 100.35 1.0
-331.013 1073.361 100.35 1.0
-465.152 1019.054 100.35 1.0
-591.246 948.039 100.35 1.0
-707.224 861.483 100.35 1.0
-811.18 760.806 100.35 1.0
-901.409 647.663 100.35 1.0
-976.429 523.91 100.35 1.0
-1035.008 391.58 100.35 1.0
-1076.183 252.845 100.35 1.0
-1099.28 109.984 100.35 1.0
-1102.457 10.917 100.35 1.0
-989.496 10.917 100.35 1.0
-990.297 34.872 100.35 1.0
-990.296 35.501 100.35 1.0
-990.256 36.087 100.35 1.0
-976.796 169.881 100.35 1.0
-976.706 170.538 100.35 1.0
-976.594 171.08 100.35 1.0
-945.421 301.886 100.35 1.0
-945.244 302.526 100.35 1.0
-945.061 303.048 100.35 1.0
-896.732 428.532 100.35 1.0
-896.471 429.142 100.35 1.0
-896.22 429.635 100.35 1.0
-831.596 547.557 100.35 1.0
-831.256 548.128 100.35 1.0
-830.942 548.583 100.35 1.0
-751.178 656.84 100.35 1.0
-750.764 657.359 100.35 1.0
-750.392 657.768 100.35 1.0
-656.911 754.428 100.35 1.0
-656.432 754.888 100.35 1.0
-656.009 755.244 100.35 1.0
-550.477 838.581 100.35 1.0
-549.942 838.973 100.35 1.0
-549.475 839.269 100.35 1.0
-433.777 907.797 100.35 1.0
-433.194 908.114 100.35 1.0
-432.692 908.345 100.35 1.0
-308.893 960.841 100.35 1.0
-308.272 961.077 100.35 1.0
-307.744 961.24 100.35 1.0
-177.946 996.794 100.35 1.0
-177.406 996.918 100.35 1.0
-176.861 997.008 100.35 1.0
-43.429 1014.951 100.35 1.0
-42.921 1014.996 100.35 1.0
-42.378 1015.012 100.35 1.0
-13.586 1015.012 100.35 1.0
-13.586 1015.012 120.35 0.0
-10.589 1003.79 120.35 0.0
-10.589 1034.828 120.35 1.0
-10.589 1117.503 120.35 1.0
-46.791 1117.503 120.35 1.0
-188.909 1099.178 120.35 1.0
-327.517 1062.831 120.35 1.0
-460.339 1009.058 120.35 1.0
-585.194 938.741 120.35 1.0
-700.032 853.035 120.35 1.0
-802.967 753.347 120.35 1.0
-892.31 641.315 120.35 1.0
-966.593 518.778 120.35 1.0
-1024.596 387.748 120.35 1.0
-1065.367 250.376 120.35 1.0
-1088.237 108.919 120.35 1.0
-1091.38 10.905 120.35 1.0
-978.267 10.905 120.35 1.0
-979.055 34.496 120.35 1.0
-979.055 35.125 120.35 1.0
-979.015 35.711 120.35 1.0
-965.705 168.01 120.35 1.0
-965.615 168.668 120.35 1.0
-965.503 169.209 120.35 1.0
-934.679 298.554 120.35 1.0
-934.501 299.193 120.35 1.0
-934.318 299.715 120.35 1.0
-886.529 423.797 120.35 1.0
-886.268 424.408 120.35 1.0
-886.017 424.9 120.35 1.0
-822.116 541.505 120.35 1.0
-821.776 542.076 120.35 1.0
-821.462 542.53 120.35 1.0
-742.588 649.578 120.35 1.0
-742.175 650.098 120.35 1.0
-741.803 650.507 120.35 1.0
-649.366 746.086 120.35 1.0
-648.887 746.546 120.35 1.0
-648.464 746.902 120.35 1.0
-544.112 829.308 120.35 1.0
-543.576 829.7 120.35 1.0
-543.109 829.996 120.35 1.0
-428.704 897.758 120.35 1.0
-428.121 898.076 120.35 1.0
-427.619 898.307 120.35 1.0
-305.203 950.215 120.35 1.0
-304.583 950.452 120.35 1.0
-304.055 950.614 120.35 1.0
-175.705 985.772 120.35 1.0
-175.166 985.896 120.35 1.0
-174.621 985.986 120.35 1.0
-42.678 1003.729 120.35 1.0
-42.17 1003.774 120.35 1.0
-41.627 1003.79 120.35 1.0
-13.589 1003.79 120.35 1.0
-13.589 1003.79 140.35 0.0
-10.592 992.471 140.35 0.0
-10.592 1022.749 140.35 1.0
-10.592 1106.431 140.35 1.0
-46.08 1106.431 140.35 1.0
-186.788 1088.288 140.35 1.0
-324.021 1052.302 140.35 1.0
-455.525 999.062 140.35 1.0
-579.141 929.442 140.35 1.0
-692.84 844.587 140.35 1.0
-794.754 745.888 140.35 1.0
-883.21 634.968 140.35 1.0
-956.756 513.646 140.35 1.0
-1014.184 383.916 140.35 1.0
-1054.55 247.907 140.35 1.0
-1077.193 107.853 140.35 1.0
-1080.303 10.894 140.35 1.0
-966.942 10.894 140.35 1.0
-967.718 34.117 140.35 1.0
-967.717 34.746 140.35 1.0
-967.678 35.332 140.35 1.0
-954.52 166.123 140.35 1.0
-954.429 166.781 140.35 1.0
-954.317 167.323 140.35 1.0
-923.844 295.193 140.35 1.0
-923.667 295.833 140.35 1.0
-923.484 296.354 140.35 1.0
-876.239 419.022 140.35 1.0
-875.978 419.633 140.35 1.0
-875.728 420.125 140.35 1.0
-812.555 535.402 140.35 1.0
-812.215 535.972 140.35 1.0
-811.9 536.427 140.35 1.0
-733.926 642.254 140.35 1.0
-733.513 642.774 140.35 1.0
-733.141 643.183 140.35 1.0
-641.757 737.673 140.35 1.0
-641.278 738.133 140.35 1.0
-640.855 738.489 140.35 1.0
-537.692 819.956 140.35 1.0
-537.156 820.348 140.35 1.0
-536.689 820.644 140.35 1.0
-423.588 887.634 140.35 1.0
-423.005 887.951 140.35 1.0
-422.503 888.182 140.35 1.0
-301.482 939.499 140.35 1.0
-300.862 939.736 140.35 1.0
-300.334 939.898 140.35 1.0
-173.446 974.656 140.35 1.0
-172.906 974.779 140.35 1.0
-172.361 974.869 140.35 1.0
-41.921 992.411 140.35 1.0
-41.412 992.455 140.35 1.0
-40.869 992.471 140.35 1.0
-13.592 992.471 140.35 1.0
-13.592 992.471 160.35 0.0
-10.595 979.88 160.35 0.0
-10.595 1009.312 160.35 1.0
-10.595 1095.359 160.35 1.0
-45.369 1095.359 160.35 1.0
-184.667 1077.398 160.35 1.0
-320.525 1041.772 160.35 1.0
-450.711 989.066 160.35 1.0
-573.089 920.144 160.35 1.0
-685.648 836.139 160.35 1.0
-786.541 738.429 160.35 1.0
-874.111 628.62 160.35 1.0
-946.919 508.515 160.35 1.0
-1003.772 380.084 160.35 1.0
-1043.734 245.439 160.35 1.0
-1066.15 106.788 160.35 1.0
-1069.225 10.883 160.35 1.0
-954.343 10.883 160.35 1.0
-955.106 33.695 160.35 1.0
-955.105 34.325 160.35 1.0
-955.065 34.911 160.35 1.0
-942.076 164.024 160.35 1.0
-941.986 164.682 160.35 1.0
-941.874 165.224 160.35 1.0
-911.792 291.454 160.35 1.0
-911.614 292.094 160.35 1.0
-911.431 292.616 160.35 1.0
-864.793 413.71 160.35 1.0
-864.532 414.321 160.35 1.0
-864.281 414.813 160.35 1.0
-801.918 528.611 160.35 1.0
-801.578 529.182 160.35 1.0
-801.264 529.636 160.35 1.0
-724.289 634.107 160.35 1.0
-723.876 634.627 160.35 1.0
-723.504 635.036 160.35 1.0
-633.292 728.314 160.35 1.0
-632.813 728.774 160.35 1.0
-632.39 729.13 160.35 1.0
-530.55 809.552 160.35 1.0
-530.014 809.944 160.35 1.0
-529.548 810.24 160.35 1.0
-417.897 876.371 160.35 1.0
-417.314 876.688 160.35 1.0
-416.812 876.919 160.35 1.0
-297.343 927.578 160.35 1.0
-296.722 927.815 160.35 1.0
-296.194 927.977 160.35 1.0
-170.932 962.289 160.35 1.0
-170.393 962.413 160.35 1.0
-169.847 962.503 160.35 1.0
-41.078 979.819 160.35 1.0
-40.569 979.864 160.35 1.0
-40.026 979.88 160.35 1.0
-13.595 979.88 160.35 1.0
-13.595 979.88 180.35 0.0
-941.745 10.872 180.35 0.0
-942.494 33.273 180.35 1.0
-942.493 33.903 180.35 1.0
-942.453 34.489 180.35 1.0
-929.633 161.925 180.35 1.0
-929.542 162.583 180.35 1.0
-929.431 163.125 180.35 1.0
-899.739 287.715 180.35 1.0
-899.562 288.355 180.35 1.0
-899.379 288.877 180.35 1.0
-853.346 408.398 180.35 1.0
-853.085 409.009 180.35 1.0
-852.834 409.502 180.35 1.0
-791.281 521.821 180.35 1.0
-790.941 522.391 180.35 1.0
-790.627 522.846 180.35 1.0
-714.652 625.959 180.35 1.0
-714.239 626.479 180.35 1.0
-713.867 626.888 180.35 1.0
-624.827 718.955 180.35 1.0
-624.348 719.415 180.35 1.0
-623.925 719.771 180.35 1.0
-523.408 799.148 180.35 1.0
-522.872 799.54 180.35 1.0
-522.406 799.836 180.35 1.0
-412.206 865.108 180.35 1.0
-411.622 865.425 180.35 1.0
-411.12 865.656 180.35 1.0
-293.204 915.657 180.35 1.0
-292.583 915.894 180.35 1.0
-292.055 916.056 180.35 1.0
-168.419 949.923 180.35 1.0
-167.879 950.046 180.35 1.0
-167.334 950.137 180.35 1.0
-40.235 967.228 180.35 1.0
-39.726 967.273 180.35 1.0
-39.183 967.289 180.35 1.0
-10.598 967.289 180.35 1.0
-10.598 995.875 180.35 1.0
-10.598 1084.287 180.35 1.0
-44.658 1084.287 180.35 1.0
-182.546 1066.508 180.35 1.0
-317.029 1031.243 180.35 1.0
-445.897 979.07 180.35 1.0
-567.036 910.845 180.35 1.0
-678.456 827.69 180.35 1.0
-778.328 730.97 180.35 1.0
-865.011 622.273 180.35 1.0
-937.083 503.383 180.35 1.0
-993.36 376.253 180.35 1.0
-1032.917 242.97 180.35 1.0
-1055.106 105.722 180.35 1.0
-1058.148 10.872 180.35 1.0
-944.745 10.872 180.35 1.0
-944.745 10.872 200.35 0.0
-10.601 954.698 200.35 0.0
-10.601 982.438 200.35 1.0
-10.601 1073.215 200.35 1.0
-43.947 1073.215 200.35 1.0
-180.425 1055.618 200.35 1.0
-313.532 1020.713 200.35 1.0
-441.083 969.074 200.35 1.0
-560.983 901.547 200.35 1.0
-671.264 819.242 200.35 1.0
-770.114 723.511 200.35 1.0
-855.911 615.925 200.35 1.0
-927.246 498.251 200.35 1.0
-982.948 372.421 200.35 1.0
-1022.101 240.501 200.35 1.0
-1044.063 104.657 200.35 1.0
-1047.071 10.86 200.35 1.0
-929.146 10.86 200.35 1.0
-929.881 32.852 200.35 1.0
-929.884 33.359 200.35 1.0
-929.841 34.067 200.35 1.0
-917.189 159.826 200.35 1.0
-917.099 160.484 200.35 1.0
-916.987 161.026 200.35 1.0
-887.686 283.977 200.35 1.0
-887.509 284.616 200.35 1.0
-887.326 285.138 200.35 1.0
-841.899 403.087 200.35 1.0
-841.638 403.697 200.35 1.0
-841.387 404.19 200.35 1.0
-780.645 515.031 200.35 1.0
-780.304 515.601 200.35 1.0
-779.99 516.056 200.35 1.0
-705.016 617.812 200.35 1.0
-704.603 618.332 200.35 1.0
-704.23 618.741 200.35 1.0
-616.362 709.596 200.35 1.0
-615.884 710.056 200.35 1.0
-615.46 710.412 200.35 1.0
-516.266 788.744 200.35 1.0
-515.731 789.137 200.35 1.0
-515.264 789.433 200.35 1.0
-406.514 853.845 200.35 1.0
-405.931 854.162 200.35 1.0
-405.429 854.394 200.35 1.0
-289.064 903.736 200.35 1.0
-288.443 903.973 200.35 1.0
-287.915 904.135 200.35 1.0
-165.905 937.557 200.35 1.0
-165.365 937.68 200.35 1.0
-164.82 937.77 200.35 1.0
-39.392 954.637 200.35 1.0
-38.883 954.682 200.35 1.0
-38.341 954.698 200.35 1.0
-13.601 954.698 200.35 1.0
-13.601 954.698 220.35 0.0
-10.604 942.107 220.35 0.0
-10.604 969.001 220.35 1.0
-10.604 1061.654 220.35 1.0
-43.205 1061.654 220.35 1.0
-178.211 1044.247 220.35 1.0
-309.882 1009.718 220.35 1.0
-436.057 958.636 220.35 1.0
-554.664 891.838 220.35 1.0
-663.754 810.421 220.35 1.0
-761.538 715.723 220.35 1.0
-846.41 609.297 220.35 1.0
-916.975 492.893 220.35 1.0
-972.076 368.42 220.35 1.0
-1010.806 237.923 220.35 1.0
-1032.531 103.545 220.35 1.0
-1035.504 10.849 220.35 1.0
-916.548 10.849 220.35 1.0
-917.269 32.43 220.35 1.0
-917.272 32.937 220.35 1.0
-917.229 33.646 220.35 1.0
-904.746 157.728 220.35 1.0
-904.655 158.385 220.35 1.0
-904.544 158.927 220.35 1.0
-875.634 280.238 220.35 1.0
-875.456 280.877 220.35 1.0
-875.273 281.399 220.35 1.0
-830.452 397.775 220.35 1.0
-830.191 398.385 220.35 1.0
-829.94 398.878 220.35 1.0
-770.008 508.241 220.35 1.0
-769.668 508.811 220.35 1.0
-769.353 509.266 220.35 1.0
-695.379 609.665 220.35 1.0
-694.966 610.185 220.35 1.0
-694.594 610.593 220.35 1.0
-607.898 700.237 220.35 1.0
-607.419 700.697 220.35 1.0
-606.996 701.052 220.35 1.0
-509.125 778.34 220.35 1.0
-508.589 778.733 220.35 1.0
-508.122 779.029 220.35 1.0
-400.823 842.582 220.35 1.0
-400.239 842.899 220.35 1.0
-399.737 843.131 220.35 1.0
-284.925 891.815 220.35 1.0
-284.304 892.052 220.35 1.0
-283.776 892.214 220.35 1.0
-163.391 925.19 220.35 1.0
-162.852 925.314 220.35 1.0
-162.307 925.404 220.35 1.0
-38.711 942.026 220.35 1.0
-38.128 942.085 220.35 1.0
-37.498 942.107 220.35 1.0
-13.604 942.107 220.35 1.0
-903.949 10.838 240.35 0.0
-904.657 32.008 240.35 1.0
-904.66 32.515 240.35 1.0
-904.616 33.224 240.35 1.0
-892.302 155.629 240.35 1.0
-892.212 156.286 240.35 1.0
-892.1 156.828 240.35 1.0
-863.581 276.499 240.35 1.0
-863.404 277.139 240.35 1.0
-863.221 277.661 240.35 1.0
-819.005 392.463 240.35 1.0
-818.744 393.073 240.35 1.0
-818.493 393.566 240.35 1.0
-759.371 501.451 240.35 1.0
-759.031 502.021 240.35 1.0
-758.717 502.476 240.35 1.0
-685.742 601.517 240.35 1.0
-685.329 602.037 240.35 1.0
-684.957 602.446 240.35 1.0
-599.433 690.878 240.35 1.0
-598.954 691.338 240.35 1.0
-598.531 691.693 240.35 1.0
-501.983 767.937 240.35 1.0
-501.447 768.329 240.35 1.0
-500.98 768.625 240.35 1.0
-395.131 831.319 240.35 1.0
-394.548 831.637 240.35 1.0
-394.046 831.868 240.35 1.0
-280.785 879.894 240.35 1.0
-280.165 880.131 240.35 1.0
-279.636 880.293 240.35 1.0
-160.878 912.824 240.35 1.0
-160.338 912.947 240.35 1.0
-159.793 913.037 240.35 1.0
-37.868 929.435 240.35 1.0
-37.285 929.494 240.35 1.0
-36.655 929.516 240.35 1.0
-10.607 929.516 240.35 1.0
-10.607 955.564 240.35 1.0
-10.607 1048.481 240.35 1.0
-42.359 1048.481 240.35 1.0
-175.687 1031.29 240.35 1.0
-305.723 997.191 240.35 1.0
-430.33 946.743 240.35 1.0
-547.462 880.775 240.35 1.0
-655.198 800.37 240.35 1.0
-751.767 706.848 240.35 1.0
-835.584 601.745 240.35 1.0
-905.272 486.787 240.35 1.0
-959.688 363.861 240.35 1.0
-997.937 234.986 240.35 1.0
-1019.392 102.277 240.35 1.0
-1022.325 10.838 240.35 1.0
-906.949 10.838 240.35 1.0
-906.949 10.838 260.35 0.0
-10.61 915.436 260.35 0.0
-10.61 940.538 260.35 1.0
-10.61 1035.308 260.35 1.0
-41.514 1035.308 260.35 1.0
-173.164 1018.333 260.35 1.0
-301.563 984.663 260.35 1.0
-424.602 934.85 260.35 1.0
-540.261 869.712 260.35 1.0
-646.641 790.319 260.35 1.0
-741.995 697.974 260.35 1.0
-824.757 594.193 260.35 1.0
-893.569 480.682 260.35 1.0
-947.3 359.302 260.35 1.0
-985.068 232.048 260.35 1.0
-1006.253 101.01 260.35 1.0
-1009.145 10.826 260.35 1.0
-889.861 10.826 260.35 1.0
-890.553 31.537 260.35 1.0
-890.556 32.044 260.35 1.0
-890.513 32.752 260.35 1.0
-878.388 153.281 260.35 1.0
-878.297 153.939 260.35 1.0
-878.185 154.481 260.35 1.0
-850.103 272.318 260.35 1.0
-849.926 272.958 260.35 1.0
-849.743 273.48 260.35 1.0
-806.205 386.523 260.35 1.0
-805.944 387.133 260.35 1.0
-805.693 387.626 260.35 1.0
-747.477 493.857 260.35 1.0
-747.137 494.428 260.35 1.0
-746.822 494.883 260.35 1.0
-674.966 592.407 260.35 1.0
-674.553 592.927 260.35 1.0
-674.181 593.335 260.35 1.0
-589.967 680.412 260.35 1.0
-589.488 680.872 260.35 1.0
-589.065 681.228 260.35 1.0
-493.996 756.303 260.35 1.0
-493.461 756.695 260.35 1.0
-492.994 756.991 260.35 1.0
-388.767 818.724 260.35 1.0
-388.184 819.042 260.35 1.0
-387.681 819.273 260.35 1.0
-276.156 866.564 260.35 1.0
-275.536 866.801 260.35 1.0
-275.007 866.963 260.35 1.0
-158.067 898.995 260.35 1.0
-157.527 899.119 260.35 1.0
-156.982 899.209 260.35 1.0
-36.926 915.355 260.35 1.0
-36.342 915.414 260.35 1.0
-35.712 915.436 260.35 1.0
-13.61 915.436 260.35 1.0
-13.61 915.436 280.35 0.0
-10.613 901.323 280.35 0.0
-10.613 925.478 280.35 1.0
-10.613 1022.135 280.35 1.0
-40.668 1022.135 280.35 1.0
-170.641 1005.377 280.35 1.0
-297.404 972.136 280.35 1.0
-418.875 922.957 280.35 1.0
-533.06 858.649 280.35 1.0
-638.084 780.268 280.35 1.0
-732.223 689.099 280.35 1.0
-813.931 586.641 280.35 1.0
-881.865 474.576 280.35 1.0
-934.912 354.743 280.35 1.0
-972.199 229.111 280.35 1.0
-993.114 99.742 280.35 1.0
-995.966 10.815 280.35 1.0
-875.74 10.815 280.35 1.0
-876.417 31.064 280.35 1.0
-876.419 31.571 280.35 1.0
-876.376 32.28 280.35 1.0
-864.44 150.929 280.35 1.0
-864.349 151.586 280.35 1.0
-864.238 152.128 280.35 1.0
-836.593 268.127 280.35 1.0
-836.416 268.767 280.35 1.0
-836.233 269.289 280.35 1.0
-793.375 380.569 280.35 1.0
-793.114 381.179 280.35 1.0
-792.863 381.672 280.35 1.0
-735.554 486.246 280.35 1.0
-735.214 486.817 280.35 1.0
-734.9 487.272 280.35 1.0
-664.164 583.274 280.35 1.0
-663.751 583.794 280.35 1.0
-663.379 584.203 280.35 1.0
-580.479 669.921 280.35 1.0
-580.0 670.382 280.35 1.0
-579.577 670.737 280.35 1.0
-485.991 744.641 280.35 1.0
-485.417 745.059 280.35 1.0
-484.989 745.329 280.35 1.0
-382.388 806.1 280.35 1.0
-381.763 806.438 280.35 1.0
-381.302 806.649 280.35 1.0
-271.517 853.202 280.35 1.0
-270.852 853.453 280.35 1.0
-270.368 853.601 280.35 1.0
-155.16 885.157 280.35 1.0
-154.665 885.266 280.35 1.0
-154.165 885.348 280.35 1.0
-35.981 901.242 280.35 1.0
-35.397 901.301 280.35 1.0
-34.768 901.323 280.35 1.0
-13.613 901.323 280.35 1.0
-10.616 887.21 300.35 0.0
-10.616 910.417 300.35 1.0
-10.616 1008.962 300.35 1.0
-39.822 1008.962 300.35 1.0
-168.118 992.42 300.35 1.0
-293.244 959.608 300.35 1.0
-413.148 911.065 300.35 1.0
-525.859 847.587 300.35 1.0
-629.528 770.217 300.35 1.0
-722.451 680.225 300.35 1.0
-803.105 579.089 300.35 1.0
-870.162 468.47 300.35 1.0
-922.524 350.185 300.35 1.0
-959.33 226.174 300.35 1.0
-979.975 98.475 300.35 1.0
-982.787 10.804 300.35 1.0
-861.618 10.804 300.35 1.0
-862.28 30.592 300.35 1.0
-862.283 31.099 300.35 1.0
-862.239 31.807 300.35 1.0
-850.492 148.576 300.35 1.0
-850.394 149.279 300.35 1.0
-850.29 149.775 300.35 1.0
-823.084 263.937 300.35 1.0
-822.892 264.62 300.35 1.0
-822.723 265.098 300.35 1.0
-780.544 374.615 300.35 1.0
-780.263 375.267 300.35 1.0
-780.032 375.718 300.35 1.0
-723.632 478.635 300.35 1.0
-723.266 479.244 300.35 1.0
-722.977 479.66 300.35 1.0
-653.363 574.142 300.35 1.0
-652.92 574.697 300.35 1.0
-652.578 575.071 300.35 1.0
-570.991 659.431 300.35 1.0
-570.478 659.922 300.35 1.0
-570.089 660.247 300.35 1.0
-477.986 732.98 300.35 1.0
-477.412 733.398 300.35 1.0
-476.983 733.668 300.35 1.0
-376.008 793.476 300.35 1.0
-375.383 793.813 300.35 1.0
-374.923 794.024 300.35 1.0
-266.877 839.84 300.35 1.0
-266.212 840.091 300.35 1.0
-265.728 840.238 300.35 1.0
-152.343 871.296 300.35 1.0
-151.847 871.405 300.35 1.0
-151.348 871.486 300.35 1.0
-35.036 887.129 300.35 1.0
-34.453 887.188 300.35 1.0
-33.823 887.21 300.35 1.0
-13.616 887.21 300.35 1.0
-13.616 887.21 320.35 0.0
-10.619 873.097 320.35 0.0
-10.619 895.356 320.35 1.0
-10.619 995.789 320.35 1.0
-38.977 995.789 320.35 1.0
-165.594 979.463 320.35 1.0
-289.085 947.08 320.35 1.0
-407.42 899.172 320.35 1.0
-518.658 836.524 320.35 1.0
-620.971 760.166 320.35 1.0
-712.68 671.351 320.35 1.0
-792.278 571.537 320.35 1.0
-858.459 462.365 320.35 1.0
-910.136 345.626 320.35 1.0
-946.461 223.237 320.35 1.0
-966.836 97.207 320.35 1.0
-969.607 10.793 320.35 1.0
-847.497 10.793 320.35 1.0
-848.143 30.119 320.35 1.0
-848.146 30.626 320.35 1.0
-848.102 31.334 320.35 1.0
-836.545 146.223 320.35 1.0
-836.446 146.926 320.35 1.0
-836.342 147.423 320.35 1.0
-809.574 259.746 320.35 1.0
-809.383 260.43 320.35 1.0
-809.214 260.907 320.35 1.0
-767.713 368.661 320.35 1.0
-767.433 369.313 320.35 1.0
-767.202 369.764 320.35 1.0
-711.709 471.024 320.35 1.0
-711.344 471.633 320.35 1.0
-711.055 472.049 320.35 1.0
-642.561 565.01 320.35 1.0
-642.118 565.565 320.35 1.0
-641.776 565.939 320.35 1.0
-561.503 648.94 320.35 1.0
-560.99 649.431 320.35 1.0
-560.601 649.756 320.35 1.0
-469.981 721.318 320.35 1.0
-469.407 721.736 320.35 1.0
-468.978 722.006 320.35 1.0
-369.629 780.851 320.35 1.0
-369.004 781.189 320.35 1.0
-368.543 781.4 320.35 1.0
-262.237 826.477 320.35 1.0
-261.573 826.729 320.35 1.0
-261.088 826.876 320.35 1.0
-149.525 857.434 320.35 1.0
-149.03 857.544 320.35 1.0
-148.53 857.625 320.35 1.0
-34.091 873.015 320.35 1.0
-33.508 873.075 320.35 1.0
-32.878 873.097 320.35 1.0
-13.619 873.097 320.35 1.0
-13.619 873.097 340.35 0.0
-10.622 858.5 340.35 0.0
-10.622 879.779 340.35 1.0
-10.622 982.616 340.35 1.0
-38.131 982.616 340.35 1.0
-163.071 966.507 340.35 1.0
-284.925 934.553 340.35 1.0
-401.693 887.279 340.35 1.0
-511.457 825.461 340.35 1.0
-612.414 750.114 340.35 1.0
-702.908 662.476 340.35 1.0
-781.452 563.985 340.35 1.0
-846.756 456.259 340.35 1.0
-897.748 341.067 340.35 1.0
-933.592 220.299 340.35 1.0
-953.697 95.94 340.35 1.0
-956.428 10.781 340.35 1.0
-832.892 10.781 340.35 1.0
-833.522 29.63 340.35 1.0
-833.525 30.137 340.35 1.0
-833.481 30.846 340.35 1.0
-822.119 143.79 340.35 1.0
-822.02 144.493 340.35 1.0
-821.917 144.989 340.35 1.0
-795.601 255.412 340.35 1.0
-795.41 256.095 340.35 1.0
-795.241 256.573 340.35 1.0
-754.443 362.503 340.35 1.0
-754.162 363.155 340.35 1.0
-753.931 363.606 340.35 1.0
-699.378 463.153 340.35 1.0
-699.013 463.761 340.35 1.0
-698.724 464.178 340.35 1.0
-631.389 555.565 340.35 1.0
-630.946 556.12 340.35 1.0
-630.604 556.494 340.35 1.0
-551.69 638.09 340.35 1.0
-551.176 638.581 340.35 1.0
-550.788 638.906 340.35 1.0
-461.701 709.257 340.35 1.0
-461.127 709.675 340.35 1.0
-460.699 709.945 340.35 1.0
-363.031 767.794 340.35 1.0
-362.406 768.132 340.35 1.0
-361.945 768.343 340.35 1.0
-257.438 812.658 340.35 1.0
-256.774 812.909 340.35 1.0
-256.289 813.056 340.35 1.0
-146.611 843.098 340.35 1.0
-146.116 843.207 340.35 1.0
-145.616 843.289 340.35 1.0
-33.114 858.419 340.35 1.0
-32.408 858.486 340.35 1.0
-31.901 858.5 340.35 1.0
-13.622 858.5 340.35 1.0
-817.063 10.77 360.35 0.0
-817.676 29.1 360.35 1.0
-817.679 29.607 360.35 1.0
-817.635 30.316 360.35 1.0
-806.485 141.153 360.35 1.0
-806.386 141.856 360.35 1.0
-806.283 142.352 360.35 1.0
-780.459 250.714 360.35 1.0
-780.267 251.398 360.35 1.0
-780.098 251.876 360.35 1.0
-740.062 355.829 360.35 1.0
-739.781 356.481 360.35 1.0
-739.55 356.932 360.35 1.0
-686.014 454.621 360.35 1.0
-685.649 455.23 360.35 1.0
-685.36 455.646 360.35 1.0
-619.282 545.329 360.35 1.0
-618.839 545.883 360.35 1.0
-618.497 546.257 360.35 1.0
-541.054 626.332 360.35 1.0
-540.541 626.823 360.35 1.0
-540.153 627.148 360.35 1.0
-452.729 696.186 360.35 1.0
-452.154 696.604 360.35 1.0
-451.726 696.874 360.35 1.0
-355.88 753.644 360.35 1.0
-355.255 753.981 360.35 1.0
-354.795 754.192 360.35 1.0
-252.237 797.68 360.35 1.0
-251.573 797.932 360.35 1.0
-251.088 798.079 360.35 1.0
-143.453 827.561 360.35 1.0
-142.958 827.67 360.35 1.0
-142.458 827.752 360.35 1.0
-32.055 842.599 360.35 1.0
-31.35 842.666 360.35 1.0
-30.842 842.681 360.35 1.0
-10.625 842.681 360.35 1.0
-10.625 862.898 360.35 1.0
-10.625 969.443 360.35 1.0
-37.285 969.443 360.35 1.0
-160.548 953.55 360.35 1.0
-280.766 922.025 360.35 1.0
-395.966 875.386 360.35 1.0
-504.256 814.398 360.35 1.0
-603.858 740.063 360.35 1.0
-693.136 653.602 360.35 1.0
-770.626 556.433 360.35 1.0
-835.053 450.154 360.35 1.0
-885.36 336.508 360.35 1.0
-920.722 217.362 360.35 1.0
-940.558 94.672 360.35 1.0
-943.249 10.77 360.35 1.0
-820.063 10.77 360.35 1.0
-801.235 10.759 380.35 0.0
-801.83 28.571 380.35 1.0
-801.833 29.078 380.35 1.0
-801.789 29.786 380.35 1.0
-790.851 138.516 380.35 1.0
-790.753 139.219 380.35 1.0
-790.649 139.715 380.35 1.0
-765.316 246.017 380.35 1.0
-765.124 246.7 380.35 1.0
-764.955 247.178 380.35 1.0
-725.68 349.155 380.35 1.0
-725.399 349.807 380.35 1.0
-725.168 350.258 380.35 1.0
-672.651 446.09 380.35 1.0
-672.285 446.699 380.35 1.0
-671.996 447.115 380.35 1.0
-607.174 535.092 380.35 1.0
-606.731 535.647 380.35 1.0
-606.389 536.021 380.35 1.0
-530.419 614.573 380.35 1.0
-529.906 615.064 380.35 1.0
-529.517 615.389 380.35 1.0
-443.756 683.114 380.35 1.0
-443.182 683.532 380.35 1.0
-442.753 683.803 380.35 1.0
-348.729 739.493 380.35 1.0
-348.105 739.831 380.35 1.0
-347.644 740.041 380.35 1.0
-247.037 782.703 380.35 1.0
-246.372 782.954 380.35 1.0
-245.888 783.102 380.35 1.0
-140.295 812.024 380.35 1.0
-139.8 812.133 380.35 1.0
-139.3 812.215 380.35 1.0
-30.996 826.78 380.35 1.0
-30.291 826.847 380.35 1.0
-29.783 826.861 380.35 1.0
-10.628 826.861 380.35 1.0
-10.628 846.016 380.35 1.0
-10.628 955.367 380.35 1.0
-36.381 955.367 380.35 1.0
-157.851 939.705 380.35 1.0
-276.321 908.638 380.35 1.0
-389.846 862.677 380.35 1.0
-496.561 802.576 380.35 1.0
-594.714 729.323 380.35 1.0
-682.694 644.119 380.35 1.0
-759.057 548.363 380.35 1.0
-822.547 443.63 380.35 1.0
-872.123 331.636 380.35 1.0
-906.971 214.223 380.35 1.0
-926.518 93.318 380.35 1.0
-929.165 10.759 380.35 1.0
-804.235 10.759 380.35 1.0
-804.235 10.759 400.35 0.0
-785.406 10.747 400.35 0.0
-785.984 28.041 400.35 1.0
-785.987 28.548 400.35 1.0
-785.944 29.256 400.35 1.0
-775.217 135.879 400.35 1.0
-775.119 136.582 400.35 1.0
-775.015 137.078 400.35 1.0
-750.173 241.319 400.35 1.0
-749.981 242.003 400.35 1.0
-749.813 242.481 400.35 1.0
-711.298 342.481 400.35 1.0
-711.017 343.133 400.35 1.0
-710.786 343.585 400.35 1.0
-659.287 437.559 400.35 1.0
-658.922 438.168 400.35 1.0
-658.632 438.584 400.35 1.0
-595.067 524.856 400.35 1.0
-594.624 525.411 400.35 1.0
-594.282 525.785 400.35 1.0
-519.784 602.814 400.35 1.0
-519.271 603.305 400.35 1.0
-518.882 603.63 400.35 1.0
-434.783 670.043 400.35 1.0
-434.209 670.461 400.35 1.0
-433.78 670.731 400.35 1.0
-341.579 725.342 400.35 1.0
-340.954 725.68 400.35 1.0
-340.493 725.891 400.35 1.0
-241.836 767.725 400.35 1.0
-241.172 767.977 400.35 1.0
-240.687 768.124 400.35 1.0
-137.137 796.487 400.35 1.0
-136.642 796.596 400.35 1.0
-136.142 796.678 400.35 1.0
-29.937 810.961 400.35 1.0
-29.232 811.028 400.35 1.0
-28.724 811.042 400.35 1.0
-10.631 811.042 400.35 1.0
-10.631 829.135 400.35 1.0
-10.631 939.704 400.35 1.0
-35.376 939.704 400.35 1.0
-154.851 924.3 400.35 1.0
-271.376 893.743 400.35 1.0
-383.036 848.537 400.35 1.0
-487.999 789.423 400.35 1.0
-584.541 717.372 400.35 1.0
-671.076 633.567 400.35 1.0
-746.185 539.384 400.35 1.0
-808.632 436.37 400.35 1.0
-857.394 326.216 400.35 1.0
-891.67 210.731 400.35 1.0
-910.896 91.811 400.35 1.0
-913.495 10.747 400.35 1.0
-788.406 10.747 400.35 1.0
-788.406 10.747 420.35 0.0
-769.577 10.736 420.35 0.0
-770.138 27.511 420.35 1.0
-770.141 28.018 420.35 1.0
-770.098 28.726 420.35 1.0
-759.583 133.242 420.35 1.0
-759.485 133.945 420.35 1.0
-759.381 134.441 420.35 1.0
-735.03 236.622 420.35 1.0
-734.839 237.306 420.35 1.0
-734.67 237.784 420.35 1.0
-696.917 335.808 420.35 1.0
-696.636 336.46 420.35 1.0
-696.405 336.911 420.35 1.0
-645.923 429.028 420.35 1.0
-645.558 429.637 420.35 1.0
-645.269 430.053 420.35 1.0
-582.959 514.62 420.35 1.0
-582.516 515.175 420.35 1.0
-582.174 515.549 420.35 1.0
-509.149 591.056 420.35 1.0
-508.636 591.547 420.35 1.0
-508.247 591.872 420.35 1.0
-425.81 656.972 420.35 1.0
-425.236 657.39 420.35 1.0
-424.807 657.66 420.35 1.0
-334.428 711.192 420.35 1.0
-333.803 711.529 420.35 1.0
-333.343 711.74 420.35 1.0
-236.635 752.748 420.35 1.0
-235.971 752.999 420.35 1.0
-235.486 753.147 420.35 1.0
-133.979 780.95 420.35 1.0
-133.484 781.059 420.35 1.0
-132.984 781.141 420.35 1.0
-28.878 795.142 420.35 1.0
-28.173 795.209 420.35 1.0
-27.665 795.223 420.35 1.0
-10.634 795.223 420.35 1.0
-10.634 812.254 420.35 1.0
-10.634 924.042 420.35 1.0
-34.37 924.042 420.35 1.0
-151.851 908.895 420.35 1.0
-266.43 878.849 420.35 1.0
-376.227 834.397 420.35 1.0
-479.437 776.27 420.35 1.0
-574.367 705.422 420.35 1.0
-659.458 623.016 420.35 1.0
-733.312 530.405 420.35 1.0
-794.718 429.111 420.35 1.0
-842.665 320.796 420.35 1.0
-876.369 207.239 420.35 1.0
-895.274 90.304 420.35 1.0
-897.826 10.736 420.35 1.0
-772.577 10.736 420.35 1.0
-772.577 10.736 440.35 0.0
-751.886 10.725 440.35 0.0
-752.427 26.919 440.35 1.0
-752.426 27.548 440.35 1.0
-752.386 28.134 440.35 1.0
-742.109 130.294 440.35 1.0
-742.011 130.997 440.35 1.0
-741.907 131.493 440.35 1.0
-718.104 231.372 440.35 1.0
-717.913 232.055 440.35 1.0
-717.744 232.533 440.35 1.0
-680.842 328.348 440.35 1.0
-680.561 329.0 440.35 1.0
-680.33 329.451 440.35 1.0
-630.986 419.493 440.35 1.0
-630.621 420.101 440.35 1.0
-630.331 420.518 440.35 1.0
-569.426 503.178 440.35 1.0
-568.983 503.733 440.35 1.0
-568.641 504.107 440.35 1.0
-497.262 577.913 440.35 1.0
-496.749 578.404 440.35 1.0
-496.36 578.729 440.35 1.0
-415.781 642.362 440.35 1.0
-415.206 642.78 440.35 1.0
-414.778 643.05 440.35 1.0
-326.436 695.375 440.35 1.0
-325.811 695.713 440.35 1.0
-325.35 695.924 440.35 1.0
-230.822 736.007 440.35 1.0
-230.158 736.259 440.35 1.0
-229.673 736.406 440.35 1.0
-130.449 763.584 440.35 1.0
-129.954 763.693 440.35 1.0
-129.454 763.775 440.35 1.0
-27.695 777.46 440.35 1.0
-27.111 777.519 440.35 1.0
-26.481 777.541 440.35 1.0
-10.637 777.541 440.35 1.0
-10.637 793.386 440.35 1.0
-10.637 908.38 440.35 1.0
-33.365 908.38 440.35 1.0
-148.851 893.49 440.35 1.0
-261.485 863.954 440.35 1.0
-369.417 820.257 440.35 1.0
-470.875 763.117 440.35 1.0
-564.193 693.471 440.35 1.0
-647.84 612.465 440.35 1.0
-720.44 521.426 440.35 1.0
-780.803 421.852 440.35 1.0
-827.937 315.376 440.35 1.0
-861.068 203.746 440.35 1.0
-879.652 88.797 440.35 1.0
-882.156 10.725 440.35 1.0
-754.886 10.725 440.35 1.0
-754.886 10.725 460.35 0.0
-734.126 10.713 460.35 0.0
-734.648 26.324 460.35 1.0
-734.647 26.954 460.35 1.0
-734.607 27.54 460.35 1.0
-724.568 127.335 460.35 1.0
-724.469 128.038 460.35 1.0
-724.365 128.534 460.35 1.0
-701.114 226.101 460.35 1.0
-700.923 226.785 460.35 1.0
-700.754 227.263 460.35 1.0
-664.705 320.86 460.35 1.0
-664.448 321.463 460.35 1.0
-664.194 321.963 460.35 1.0
-615.992 409.92 460.35 1.0
-615.656 410.484 460.35 1.0
-615.337 410.946 460.35 1.0
-555.842 491.693 460.35 1.0
-555.434 492.207 460.35 1.0
-555.057 492.622 460.35 1.0
-485.329 564.719 460.35 1.0
-484.857 565.174 460.35 1.0
-484.427 565.535 460.35 1.0
-405.713 627.696 460.35 1.0
-405.184 628.083 460.35 1.0
-404.71 628.384 460.35 1.0
-318.413 679.498 460.35 1.0
-317.837 679.812 460.35 1.0
-317.327 680.046 460.35 1.0
-224.987 719.202 460.35 1.0
-224.374 719.436 460.35 1.0
-223.838 719.601 460.35 1.0
-127.007 746.125 460.35 1.0
-126.464 746.25 460.35 1.0
-125.911 746.342 460.35 1.0
-26.507 759.71 460.35 1.0
-25.923 759.77 460.35 1.0
-25.293 759.792 460.35 1.0
-10.64 759.792 460.35 1.0
-10.64 774.445 460.35 1.0
-10.64 892.718 460.35 1.0
-32.359 892.718 460.35 1.0
-145.851 878.085 460.35 1.0
-256.539 849.059 460.35 1.0
-362.607 806.117 460.35 1.0
-462.313 749.963 460.35 1.0
-554.02 681.521 460.35 1.0
-636.222 601.913 460.35 1.0
-707.568 512.447 460.35 1.0
-766.888 414.593 460.35 1.0
-813.208 309.955 460.35 1.0
-845.767 200.254 460.35 1.0
-864.03 87.29 460.35 1.0
-866.486 10.713 460.35 1.0
-737.126 10.713 460.35 1.0
-737.126 10.713 480.35 0.0
-716.366 10.702 480.35 0.0
-716.869 25.73 480.35 1.0
-716.868 26.359 480.35 1.0
-716.828 26.945 480.35 1.0
-707.026 124.376 480.35 1.0
-706.937 125.026 480.35 1.0
-706.824 125.576 480.35 1.0
-684.124 220.831 480.35 1.0
-683.949 221.462 480.35 1.0
-683.763 221.992 480.35 1.0
-648.569 313.372 480.35 1.0
-648.312 313.975 480.35 1.0
-648.057 314.475 480.35 1.0
-600.997 400.348 480.35 1.0
-600.662 400.912 480.35 1.0
-600.343 401.374 480.35 1.0
-542.257 480.208 480.35 1.0
-541.85 480.722 480.35 1.0
-541.472 481.137 480.35 1.0
-473.397 551.526 480.35 1.0
-472.924 551.981 480.35 1.0
-472.495 552.342 480.35 1.0
-395.645 613.029 480.35 1.0
-395.116 613.417 480.35 1.0
-394.642 613.718 480.35 1.0
-310.39 663.621 480.35 1.0
-309.814 663.934 480.35 1.0
-309.304 664.169 480.35 1.0
-219.152 702.397 480.35 1.0
-218.539 702.631 480.35 1.0
-218.003 702.796 480.35 1.0
-123.463 728.693 480.35 1.0
-122.921 728.817 480.35 1.0
-122.367 728.909 480.35 1.0
-25.318 741.961 480.35 1.0
-24.735 742.02 480.35 1.0
-24.105 742.042 480.35 1.0
-10.643 742.042 480.35 1.0
-10.643 755.504 480.35 1.0
-10.643 877.056 480.35 1.0
-31.354 877.056 480.35 1.0
-142.851 862.68 480.35 1.0
-251.594 834.164 480.35 1.0
-355.798 791.977 480.35 1.0
-453.752 736.81 480.35 1.0
-543.846 669.571 480.35 1.0
-624.603 591.362 480.35 1.0
-694.696 503.468 480.35 1.0
-752.974 407.333 480.35 1.0
-798.479 304.535 480.35 1.0
-830.466 196.762 480.35 1.0
-848.408 85.783 480.35 1.0
-850.816 10.702 480.35 1.0
-719.366 10.702 480.35 1.0
-719.366 10.702 500.35 0.0
-698.601 10.691 500.35 0.0
-699.084 25.135 500.35 1.0
-699.083 25.765 500.35 1.0
-699.043 26.351 500.35 1.0
-689.479 121.417 500.35 1.0
-689.39 122.066 500.35 1.0
-689.277 122.616 500.35 1.0
-667.127 215.559 500.35 1.0
-666.953 216.191 500.35 1.0
-666.767 216.721 500.35 1.0
-632.397 305.937 500.35 1.0
-632.14 306.54 500.35 1.0
-631.885 307.04 500.35 1.0
-585.998 390.773 500.35 1.0
-585.662 391.336 500.35 1.0
-585.344 391.798 500.35 1.0
-528.668 468.719 500.35 1.0
-528.26 469.233 500.35 1.0
-527.883 469.648 500.35 1.0
-461.46 538.328 500.35 1.0
-460.988 538.783 500.35 1.0
-460.558 539.144 500.35 1.0
-385.574 598.359 500.35 1.0
-385.045 598.746 500.35 1.0
-384.571 599.047 500.35 1.0
-302.364 647.738 500.35 1.0
-301.788 648.052 500.35 1.0
-301.278 648.287 500.35 1.0
-213.314 685.587 500.35 1.0
-212.702 685.821 500.35 1.0
-212.166 685.986 500.35 1.0
-119.919 711.254 500.35 1.0
-119.376 711.379 500.35 1.0
-118.823 711.471 500.35 1.0
-24.13 724.206 500.35 1.0
-23.546 724.265 500.35 1.0
-22.916 724.287 500.35 1.0
-10.646 724.287 500.35 1.0
-10.646 736.558 500.35 1.0
-10.646 861.394 500.35 1.0
-30.348 861.394 500.35 1.0
-139.85 847.275 500.35 1.0
-246.648 819.269 500.35 1.0
-348.988 777.836 500.35 1.0
-445.19 723.657 500.35 1.0
-533.673 657.62 500.35 1.0
-612.985 580.811 500.35 1.0
-681.824 494.489 500.35 1.0
-739.059 400.074 500.35 1.0
-783.751 299.115 500.35 1.0
-815.165 193.269 500.35 1.0
-832.786 84.276 500.35 1.0
-835.146 10.691 500.35 1.0
-701.601 10.691 500.35 1.0
-701.601 10.691 520.35 0.0
-678.631 10.68 520.35 0.0
-679.092 24.467 520.35 1.0
-679.091 25.096 520.35 1.0
-679.051 25.682 520.35 1.0
-669.755 118.089 520.35 1.0
-669.666 118.739 520.35 1.0
-669.552 119.289 520.35 1.0
-648.023 209.632 520.35 1.0
-647.848 210.264 520.35 1.0
-647.662 210.794 520.35 1.0
-614.283 297.461 520.35 1.0
-614.025 298.064 520.35 1.0
-613.771 298.565 520.35 1.0
-569.137 380.01 520.35 1.0
-568.802 380.573 520.35 1.0
-568.483 381.035 520.35 1.0
-513.393 455.805 520.35 1.0
-512.985 456.318 520.35 1.0
-512.607 456.733 520.35 1.0
-448.042 523.493 520.35 1.0
-447.57 523.948 520.35 1.0
-447.14 524.309 520.35 1.0
-374.253 581.867 520.35 1.0
-373.725 582.255 520.35 1.0
-373.251 582.555 520.35 1.0
-293.342 629.885 520.35 1.0
-292.766 630.199 520.35 1.0
-292.257 630.434 520.35 1.0
-206.753 666.691 520.35 1.0
-206.14 666.925 520.35 1.0
-205.604 667.09 520.35 1.0
-115.934 691.652 520.35 1.0
-115.392 691.777 520.35 1.0
-114.839 691.869 520.35 1.0
-22.794 704.247 520.35 1.0
-22.21 704.307 520.35 1.0
-21.58 704.329 520.35 1.0
-10.649 704.329 520.35 1.0
-10.649 715.26 520.35 1.0
-10.649 844.63 520.35 1.0
-29.272 844.63 520.35 1.0
-136.639 830.787 520.35 1.0
-241.355 803.327 520.35 1.0
-341.7 762.702 520.35 1.0
-436.026 709.579 520.35 1.0
-522.784 644.829 520.35 1.0
-600.55 569.517 520.35 1.0
-668.047 484.879 520.35 1.0
-724.166 392.304 520.35 1.0
-767.986 293.313 520.35 1.0
-798.788 189.531 520.35 1.0
-816.066 82.663 520.35 1.0
-818.375 10.68 520.35 1.0
-681.631 10.68 520.35 1.0
-681.631 10.68 540.35 0.0
-10.652 684.37 540.35 0.0
-10.652 693.963 540.35 1.0
-10.652 825.842 540.35 1.0
-28.066 825.842 540.35 1.0
-133.04 812.307 540.35 1.0
-235.423 785.459 540.35 1.0
-333.531 745.739 540.35 1.0
-425.755 693.8 540.35 1.0
-510.58 630.494 540.35 1.0
-586.613 556.86 540.35 1.0
-652.605 474.108 540.35 1.0
-707.474 383.596 540.35 1.0
-750.318 286.811 540.35 1.0
-780.433 185.342 540.35 1.0
-797.326 80.855 540.35 1.0
-799.577 10.668 540.35 1.0
-658.661 10.668 540.35 1.0
-659.1 23.799 540.35 1.0
-659.099 24.428 540.35 1.0
-659.059 25.014 540.35 1.0
-650.03 114.762 540.35 1.0
-649.941 115.412 540.35 1.0
-649.828 115.962 540.35 1.0
-628.918 203.706 540.35 1.0
-628.743 204.337 540.35 1.0
-628.557 204.867 540.35 1.0
-596.138 289.041 540.35 1.0
-595.881 289.644 540.35 1.0
-595.626 290.145 540.35 1.0
-552.277 369.247 540.35 1.0
-551.942 369.81 540.35 1.0
-551.623 370.272 540.35 1.0
-498.117 442.89 540.35 1.0
-497.71 443.404 540.35 1.0
-497.332 443.819 540.35 1.0
-434.625 508.658 540.35 1.0
-434.152 509.112 540.35 1.0
-433.723 509.473 540.35 1.0
-362.933 565.376 540.35 1.0
-362.404 565.763 540.35 1.0
-361.93 566.064 540.35 1.0
-284.321 612.032 540.35 1.0
-283.745 612.346 540.35 1.0
-283.235 612.581 540.35 1.0
-200.191 647.794 540.35 1.0
-199.579 648.028 540.35 1.0
-199.043 648.193 540.35 1.0
-112.046 672.024 540.35 1.0
-111.408 672.174 540.35 1.0
-110.854 672.266 540.35 1.0
-21.458 684.289 540.35 1.0
-21.074 684.332 540.35 1.0
-20.244 684.37 540.35 1.0
-13.652 684.37 540.35 1.0
-13.652 684.37 560.35 0.0
-10.655 664.412 560.35 0.0
-10.655 672.665 560.35 1.0
-10.655 807.054 560.35 1.0
-26.859 807.054 560.35 1.0
-129.442 793.827 560.35 1.0
-229.49 767.591 560.35 1.0
-325.363 728.777 560.35 1.0
-415.484 678.021 560.35 1.0
-498.376 616.158 560.35 1.0
-572.676 544.203 560.35 1.0
-637.164 463.337 560.35 1.0
-690.782 374.888 560.35 1.0
-732.649 280.309 560.35 1.0
-762.078 181.152 560.35 1.0
-778.586 79.047 560.35 1.0
-780.779 10.657 560.35 1.0
-638.691 10.657 560.35 1.0
-639.108 23.13 560.35 1.0
-639.107 23.76 560.35 1.0
-639.067 24.346 560.35 1.0
-630.306 111.435 560.35 1.0
-630.217 112.084 560.35 1.0
-630.104 112.634 560.35 1.0
-609.813 197.779 560.35 1.0
-609.638 198.411 560.35 1.0
-609.452 198.941 560.35 1.0
-577.994 280.621 560.35 1.0
-577.736 281.224 560.35 1.0
-577.482 281.725 560.35 1.0
-535.417 358.483 560.35 1.0
-535.081 359.046 560.35 1.0
-534.762 359.508 560.35 1.0
-482.842 429.976 560.35 1.0
-482.434 430.489 560.35 1.0
-482.057 430.904 560.35 1.0
-421.207 493.822 560.35 1.0
-420.734 494.277 560.35 1.0
-420.305 494.638 560.35 1.0
-351.612 548.884 560.35 1.0
-351.083 549.272 560.35 1.0
-350.609 549.573 560.35 1.0
-275.299 594.179 560.35 1.0
-274.723 594.493 560.35 1.0
-274.214 594.728 560.35 1.0
-193.63 628.898 560.35 1.0
-193.017 629.132 560.35 1.0
-192.481 629.297 560.35 1.0
-108.062 652.422 560.35 1.0
-107.423 652.572 560.35 1.0
-106.87 652.664 560.35 1.0
-20.122 664.331 560.35 1.0
-19.738 664.374 560.35 1.0
-18.908 664.412 560.35 1.0
-13.655 664.412 560.35 1.0
-13.655 664.412 580.35 0.0
-617.718 10.646 580.35 0.0
-618.112 22.428 580.35 1.0
-618.111 23.058 580.35 1.0
-618.071 23.644 580.35 1.0
-609.591 107.941 580.35 1.0
-609.495 108.63 580.35 1.0
-609.388 109.14 580.35 1.0
-589.748 191.555 580.35 1.0
-589.561 192.225 580.35 1.0
-589.388 192.717 580.35 1.0
-558.937 271.778 580.35 1.0
-558.663 272.417 580.35 1.0
-558.426 272.882 580.35 1.0
-517.709 347.179 580.35 1.0
-517.352 347.776 580.35 1.0
-517.055 348.205 580.35 1.0
-466.799 416.412 580.35 1.0
-466.365 416.956 580.35 1.0
-466.014 417.341 580.35 1.0
-407.115 478.242 580.35 1.0
-406.613 478.723 580.35 1.0
-406.213 479.058 580.35 1.0
-339.723 531.565 580.35 1.0
-339.161 531.975 580.35 1.0
-338.72 532.253 580.35 1.0
-265.824 575.429 580.35 1.0
-265.213 575.761 580.35 1.0
-264.739 575.978 580.35 1.0
-186.739 609.053 580.35 1.0
-186.088 609.3 580.35 1.0
-185.59 609.451 580.35 1.0
-103.877 631.835 580.35 1.0
-103.2 631.993 580.35 1.0
-102.685 632.077 580.35 1.0
-18.718 643.37 580.35 1.0
-18.334 643.413 580.35 1.0
-17.505 643.451 580.35 1.0
-10.658 643.451 580.35 1.0
-10.658 650.298 580.35 1.0
-10.658 788.265 580.35 1.0
-25.653 788.265 580.35 1.0
-125.843 775.347 580.35 1.0
-223.558 749.723 580.35 1.0
-317.194 711.814 580.35 1.0
-405.214 662.243 580.35 1.0
-486.171 601.822 580.35 1.0
-558.738 531.545 580.35 1.0
-621.723 452.565 580.35 1.0
-674.09 366.18 580.35 1.0
-714.981 273.807 580.35 1.0
-743.723 176.963 580.35 1.0
-759.846 77.239 580.35 1.0
-761.982 10.646 580.35 1.0
-620.718 10.646 580.35 1.0
-620.718 10.646 600.35 0.0
-10.661 620.865 600.35 0.0
-10.661 622.201 600.35 1.0
-10.661 626.197 600.35 1.0
-10.661 769.477 600.35 1.0
-24.447 769.477 600.35 1.0
-122.244 756.867 600.35 1.0
-217.625 731.856 600.35 1.0
-309.025 694.852 600.35 1.0
-394.943 646.464 600.35 1.0
-473.967 587.486 600.35 1.0
-544.801 518.888 600.35 1.0
-606.281 441.794 600.35 1.0
-657.398 357.471 600.35 1.0
-697.312 267.305 600.35 1.0
-725.368 172.774 600.35 1.0
-741.106 75.431 600.35 1.0
-743.184 10.634 600.35 1.0
-596.456 10.634 600.35 1.0
-595.119 10.634 600.35 1.0
-595.488 21.672 600.35 1.0
-595.487 22.301 600.35 1.0
-595.447 22.887 600.35 1.0
-587.269 104.176 600.35 1.0
-587.173 104.865 600.35 1.0
-587.067 105.375 600.35 1.0
-568.128 184.848 600.35 1.0
-567.941 185.518 600.35 1.0
-567.767 186.01 600.35 1.0
-538.404 262.25 600.35 1.0
-538.129 262.889 600.35 1.0
-537.892 263.353 600.35 1.0
-498.629 334.999 600.35 1.0
-498.272 335.596 600.35 1.0
-497.975 336.024 600.35 1.0
-449.512 401.797 600.35 1.0
-449.079 402.341 600.35 1.0
-448.727 402.726 600.35 1.0
-391.931 461.453 600.35 1.0
-391.428 461.934 600.35 1.0
-391.029 462.269 600.35 1.0
-326.912 512.902 600.35 1.0
-326.349 513.312 600.35 1.0
-325.909 513.59 600.35 1.0
-255.615 555.225 600.35 1.0
-255.003 555.557 600.35 1.0
-254.53 555.774 600.35 1.0
-179.313 587.668 600.35 1.0
-178.663 587.915 600.35 1.0
-178.164 588.067 600.35 1.0
-99.368 609.652 600.35 1.0
-98.691 609.81 600.35 1.0
-98.177 609.894 600.35 1.0
-17.207 620.783 600.35 1.0
-16.822 620.827 600.35 1.0
-15.993 620.865 600.35 1.0
-13.661 620.865 600.35 1.0
-13.661 620.865 620.35 0.0
-572.519 10.623 620.35 0.0
-572.863 20.915 620.35 1.0
-572.868 21.34 620.35 1.0
-572.823 22.131 620.35 1.0
-564.948 100.411 620.35 1.0
-564.852 101.099 620.35 1.0
-564.745 101.61 620.35 1.0
-546.507 178.142 620.35 1.0
-546.32 178.812 620.35 1.0
-546.147 179.303 620.35 1.0
-517.87 252.721 620.35 1.0
-517.596 253.36 620.35 1.0
-517.358 253.824 620.35 1.0
-479.549 322.819 620.35 1.0
-479.191 323.415 620.35 1.0
-478.894 323.844 620.35 1.0
-432.226 387.183 620.35 1.0
-431.792 387.726 620.35 1.0
-431.441 388.111 620.35 1.0
-376.746 444.665 620.35 1.0
-376.244 445.146 620.35 1.0
-375.844 445.48 620.35 1.0
-314.1 494.239 620.35 1.0
-313.538 494.649 620.35 1.0
-313.098 494.928 620.35 1.0
-245.405 535.022 620.35 1.0
-244.794 535.353 620.35 1.0
-244.32 535.57 620.35 1.0
-171.888 566.284 620.35 1.0
-171.237 566.531 620.35 1.0
-170.739 566.683 620.35 1.0
-94.859 587.469 620.35 1.0
-94.193 587.625 620.35 1.0
-93.687 587.708 620.35 1.0
-15.695 598.197 620.35 1.0
-15.111 598.257 620.35 1.0
-14.481 598.278 620.35 1.0
-10.664 598.278 620.35 1.0
-10.664 599.615 620.35 1.0
-10.664 602.096 620.35 1.0
-10.664 750.689 620.35 1.0
-23.241 750.689 620.35 1.0
-118.645 738.388 620.35 1.0
-211.693 713.988 620.35 1.0
-300.856 677.889 620.35 1.0
-384.672 630.685 620.35 1.0
-461.763 573.151 620.35 1.0
-530.864 506.23 620.35 1.0
-590.84 431.023 620.35 1.0
-640.706 348.763 620.35 1.0
-679.644 260.802 620.35 1.0
-707.013 168.584 620.35 1.0
-722.366 73.623 620.35 1.0
-724.386 10.623 620.35 1.0
-575.519 10.623 620.35 1.0
-575.519 10.623 640.35 0.0
-549.527 10.612 640.35 0.0
-549.846 20.146 640.35 1.0
-549.85 20.57 640.35 1.0
-549.805 21.361 640.35 1.0
-542.238 96.58 640.35 1.0
-542.15 97.223 640.35 1.0
-542.036 97.779 640.35 1.0
-524.511 171.318 640.35 1.0
-524.338 171.944 640.35 1.0
-524.15 172.48 640.35 1.0
-496.98 243.027 640.35 1.0
-496.725 243.624 640.35 1.0
-496.468 244.13 640.35 1.0
-460.137 310.426 640.35 1.0
-459.804 310.984 640.35 1.0
-459.482 311.451 640.35 1.0
-414.639 372.313 640.35 1.0
-414.235 372.822 640.35 1.0
-413.853 373.242 640.35 1.0
-361.298 427.584 640.35 1.0
-360.83 428.035 640.35 1.0
-360.396 428.4 640.35 1.0
-301.066 475.252 640.35 1.0
-300.543 475.636 640.35 1.0
-300.064 475.94 640.35 1.0
-235.019 514.467 640.35 1.0
-234.448 514.777 640.35 1.0
-233.933 515.015 640.35 1.0
-164.333 544.528 640.35 1.0
-163.727 544.76 640.35 1.0
-163.184 544.927 640.35 1.0
-90.272 564.9 640.35 1.0
-89.624 565.052 640.35 1.0
-89.08 565.142 640.35 1.0
-14.156 575.218 640.35 1.0
-13.573 575.278 640.35 1.0
-12.943 575.299 640.35 1.0
-10.667 575.299 640.35 1.0
-10.667 577.028 640.35 1.0
-10.667 577.575 640.35 1.0
-10.667 731.9 640.35 1.0
-22.034 731.9 640.35 1.0
-115.046 719.908 640.35 1.0
-205.76 696.12 640.35 1.0
-292.688 660.927 640.35 1.0
-374.401 614.906 640.35 1.0
-449.559 558.815 640.35 1.0
-516.927 493.573 640.35 1.0
-575.398 420.252 640.35 1.0
-624.014 340.055 640.35 1.0
-661.975 254.3 640.35 1.0
-688.658 164.395 640.35 1.0
-703.626 71.816 640.35 1.0
-705.589 10.612 640.35 1.0
-552.527 10.612 640.35 1.0
-552.527 10.612 660.35 0.0
-523.695 10.601 660.35 0.0
-523.985 19.281 660.35 1.0
-523.989 19.706 660.35 1.0
-523.944 20.497 660.35 1.0
-516.723 92.276 660.35 1.0
-516.635 92.919 660.35 1.0
-516.521 93.475 660.35 1.0
-499.778 163.731 660.35 1.0
-499.624 164.278 660.35 1.0
-499.436 164.814 660.35 1.0
-473.508 232.135 660.35 1.0
-473.253 232.732 660.35 1.0
-472.996 233.238 660.35 1.0
-438.326 296.503 660.35 1.0
-437.994 297.061 660.35 1.0
-437.672 297.528 660.35 1.0
-394.879 355.607 660.35 1.0
-394.475 356.116 660.35 1.0
-394.093 356.536 660.35 1.0
-343.941 408.393 660.35 1.0
-343.473 408.844 660.35 1.0
-343.039 409.209 660.35 1.0
-286.422 453.919 660.35 1.0
-285.898 454.303 660.35 1.0
-285.419 454.607 660.35 1.0
-223.348 491.372 660.35 1.0
-222.778 491.683 660.35 1.0
-222.263 491.921 660.35 1.0
-155.845 520.084 660.35 1.0
-155.239 520.316 660.35 1.0
-154.697 520.483 660.35 1.0
-85.118 539.543 660.35 1.0
-84.488 539.691 660.35 1.0
-83.926 539.785 660.35 1.0
-12.428 549.4 660.35 1.0
-11.844 549.46 660.35 1.0
-10.67 549.482 660.35 1.0
-10.67 550.026 660.35 1.0
-10.67 554.049 660.35 1.0
-10.67 710.187 660.35 1.0
-20.64 710.187 660.35 1.0
-110.887 698.551 660.35 1.0
-198.904 675.47 660.35 1.0
-283.247 641.323 660.35 1.0
-362.531 596.671 660.35 1.0
-435.455 542.247 660.35 1.0
-500.82 478.945 660.35 1.0
-557.553 407.803 660.35 1.0
-604.723 329.991 660.35 1.0
-641.556 246.786 660.35 1.0
-667.446 159.553 660.35 1.0
-681.969 69.726 660.35 1.0
-683.864 10.601 660.35 1.0
-528.265 10.601 660.35 1.0
-526.695 10.601 660.35 1.0
-526.695 10.601 680.35 0.0
-497.862 10.589 680.35 0.0
-498.124 18.417 680.35 1.0
-498.128 18.841 680.35 1.0
-498.083 19.632 680.35 1.0
-491.208 87.972 680.35 1.0
-491.12 88.615 680.35 1.0
-491.005 89.172 680.35 1.0
-475.064 156.065 680.35 1.0
-474.91 156.611 680.35 1.0
-474.723 157.147 680.35 1.0
-450.037 221.243 680.35 1.0
-449.782 221.84 680.35 1.0
-449.525 222.346 680.35 1.0
-416.516 282.58 680.35 1.0
-416.184 283.138 680.35 1.0
-415.861 283.605 680.35 1.0
-375.118 338.901 680.35 1.0
-374.715 339.41 680.35 1.0
-374.333 339.83 680.35 1.0
-326.584 389.203 680.35 1.0
-326.116 389.653 680.35 1.0
-325.682 390.018 680.35 1.0
-271.778 432.586 680.35 1.0
-271.254 432.97 680.35 1.0
-270.775 433.275 680.35 1.0
-211.678 468.278 680.35 1.0
-211.108 468.588 680.35 1.0
-210.593 468.826 680.35 1.0
-147.358 495.64 680.35 1.0
-146.751 495.872 680.35 1.0
-146.209 496.039 680.35 1.0
-79.964 514.185 680.35 1.0
-79.289 514.343 680.35 1.0
-78.772 514.428 680.35 1.0
-10.673 523.584 680.35 1.0
-10.673 528.195 680.35 1.0
-10.673 687.468 680.35 1.0
-19.182 687.468 680.35 1.0
-106.535 676.205 680.35 1.0
-191.73 653.864 680.35 1.0
-273.369 620.812 680.35 1.0
-350.112 577.591 680.35 1.0
-420.697 524.912 680.35 1.0
-483.966 463.639 680.35 1.0
-538.881 394.779 680.35 1.0
-584.539 319.461 680.35 1.0
-620.191 238.923 680.35 1.0
-645.251 154.487 680.35 1.0
-659.308 67.54 680.35 1.0
-661.134 10.589 680.35 1.0
-502.432 10.589 680.35 1.0
-500.862 10.589 680.35 1.0
-500.862 10.589 700.35 0.0
-10.676 496.416 700.35 0.0
-10.676 502.144 700.35 1.0
-10.676 664.748 700.35 1.0
-17.723 664.748 700.35 1.0
-102.183 653.859 700.35 1.0
-184.556 632.258 700.35 1.0
-263.492 600.3 700.35 1.0
-337.692 558.511 700.35 1.0
-405.939 507.577 700.35 1.0
-467.113 448.334 700.35 1.0
-520.209 381.754 700.35 1.0
-564.355 308.931 700.35 1.0
-598.825 231.061 700.35 1.0
-623.055 149.421 700.35 1.0
-636.647 65.354 700.35 1.0
-638.403 10.578 700.35 1.0
-476.602 10.578 700.35 1.0
-470.919 10.578 700.35 1.0
-471.151 17.515 700.35 1.0
-471.155 17.939 700.35 1.0
-471.11 18.73 700.35 1.0
-464.596 83.484 700.35 1.0
-464.503 84.158 700.35 1.0
-464.394 84.683 700.35 1.0
-449.288 148.069 700.35 1.0
-449.134 148.616 700.35 1.0
-448.947 149.152 700.35 1.0
-425.527 209.959 700.35 1.0
-425.302 210.48 700.35 1.0
-425.044 210.986 700.35 1.0
-393.768 268.058 700.35 1.0
-393.436 268.616 700.35 1.0
-393.114 269.083 700.35 1.0
-354.509 321.477 700.35 1.0
-354.106 321.986 700.35 1.0
-353.724 322.406 700.35 1.0
-308.481 369.187 700.35 1.0
-307.987 369.661 700.35 1.0
-307.579 370.003 700.35 1.0
-256.504 410.337 700.35 1.0
-255.951 410.74 700.35 1.0
-255.502 411.025 700.35 1.0
-199.506 444.191 700.35 1.0
-198.904 444.517 700.35 1.0
-198.421 444.739 700.35 1.0
-138.505 470.146 700.35 1.0
-137.865 470.389 700.35 1.0
-137.356 470.545 700.35 1.0
-74.588 487.739 700.35 1.0
-73.902 487.898 700.35 1.0
-73.397 487.981 700.35 1.0
-13.649 496.016 700.35 1.0
-13.649 496.016 720.35 0.0
-10.679 642.029 720.35 0.0
-16.264 642.029 720.35 1.0
-97.831 631.512 720.35 1.0
-177.383 610.651 720.35 1.0
-253.614 579.789 720.35 1.0
-325.272 539.431 720.35 1.0
-391.182 490.242 720.35 1.0
-450.26 433.028 720.35 1.0
-501.537 368.729 720.35 1.0
-544.17 298.401 720.35 1.0
-577.46 223.198 720.35 1.0
-600.86 144.356 720.35 1.0
-613.986 63.168 720.35 1.0
-615.673 10.567 720.35 1.0
-449.657 10.567 720.35 1.0
-441.036 10.567 720.35 1.0
-441.235 16.514 720.35 1.0
-441.239 16.939 720.35 1.0
-441.194 17.73 720.35 1.0
-435.08 78.505 720.35 1.0
-434.987 79.181 720.35 1.0
-434.878 79.704 720.35 1.0
-420.718 139.122 720.35 1.0
-420.535 139.781 720.35 1.0
-420.358 140.283 720.35 1.0
-398.349 197.425 720.35 1.0
-398.135 197.913 720.35 1.0
-397.893 198.387 720.35 1.0
-368.538 251.952 720.35 1.0
-368.187 252.54 720.35 1.0
-367.884 252.977 720.35 1.0
-331.651 302.152 720.35 1.0
-331.225 302.688 720.35 1.0
-330.866 303.081 720.35 1.0
-288.403 346.988 720.35 1.0
-287.908 347.462 720.35 1.0
-287.501 347.803 720.35 1.0
-239.564 385.659 720.35 1.0
-239.011 386.063 720.35 1.0
-238.561 386.347 720.35 1.0
-186.006 417.475 720.35 1.0
-185.404 417.802 720.35 1.0
-184.921 418.024 720.35 1.0
-128.686 441.869 720.35 1.0
-128.046 442.113 720.35 1.0
-127.537 442.268 720.35 1.0
-68.626 458.406 720.35 1.0
-67.973 458.559 720.35 1.0
-67.434 458.648 720.35 1.0
-10.679 466.281 720.35 1.0
-10.679 474.974 720.35 1.0
-10.679 639.029 720.35 1.0
-10.679 639.029 740.35 0.0
-10.682 619.31 740.35 0.0
-14.806 619.31 740.35 1.0
-93.479 609.166 740.35 1.0
-170.209 589.045 740.35 1.0
-243.736 559.277 740.35 1.0
-312.853 520.351 740.35 1.0
-376.424 472.907 740.35 1.0
-433.407 417.722 740.35 1.0
-482.865 355.704 740.35 1.0
-523.986 287.87 740.35 1.0
-556.095 215.335 740.35 1.0
-578.665 139.29 740.35 1.0
-591.325 60.982 740.35 1.0
-592.942 10.555 740.35 1.0
-419.774 10.555 740.35 1.0
-411.153 10.555 740.35 1.0
-411.319 15.514 740.35 1.0
-411.318 16.144 740.35 1.0
-411.278 16.73 740.35 1.0
-405.565 73.526 740.35 1.0
-405.479 74.153 740.35 1.0
-405.362 74.725 740.35 1.0
-392.129 130.253 740.35 1.0
-391.936 130.943 740.35 1.0
-391.769 131.415 740.35 1.0
-371.173 184.883 740.35 1.0
-370.969 185.341 740.35 1.0
-370.741 185.787 740.35 1.0
-343.308 235.846 740.35 1.0
-342.939 236.459 740.35 1.0
-342.653 236.871 740.35 1.0
-308.793 282.827 740.35 1.0
-308.346 283.386 740.35 1.0
-308.008 283.755 740.35 1.0
-268.324 324.788 740.35 1.0
-267.806 325.283 740.35 1.0
-267.422 325.604 740.35 1.0
-222.623 360.981 740.35 1.0
-222.044 361.402 740.35 1.0
-221.621 361.669 740.35 1.0
-172.507 390.759 740.35 1.0
-171.876 391.1 740.35 1.0
-171.421 391.308 740.35 1.0
-118.868 413.593 740.35 1.0
-118.198 413.846 740.35 1.0
-117.719 413.992 740.35 1.0
-62.664 429.073 740.35 1.0
-61.997 429.229 740.35 1.0
-61.472 429.315 740.35 1.0
-10.682 436.146 740.35 1.0
-10.682 444.839 740.35 1.0
-10.682 616.31 740.35 1.0
-10.682 616.31 760.35 0.0
-10.685 593.67 760.35 0.0
-13.16 593.67 760.35 1.0
-88.568 583.947 760.35 1.0
-162.113 564.662 760.35 1.0
-232.588 536.129 760.35 1.0
-298.836 498.819 760.35 1.0
-359.77 453.343 760.35 1.0
-414.387 400.449 760.35 1.0
-461.793 341.005 760.35 1.0
-501.207 275.987 760.35 1.0
-531.983 206.462 760.35 1.0
-553.617 133.573 760.35 1.0
-565.751 58.515 760.35 1.0
-567.29 10.544 760.35 1.0
-389.891 10.544 760.35 1.0
-376.947 10.544 760.35 1.0
-377.075 14.369 760.35 1.0
-377.075 14.999 760.35 1.0
-377.035 15.585 760.35 1.0
-371.779 67.827 760.35 1.0
-371.686 68.5 760.35 1.0
-371.577 69.026 760.35 1.0
-359.405 120.102 760.35 1.0
-359.212 120.791 760.35 1.0
-359.045 121.264 760.35 1.0
-340.094 170.461 760.35 1.0
-339.89 170.919 760.35 1.0
-339.661 171.364 760.35 1.0
-314.428 217.409 760.35 1.0
-314.059 218.023 760.35 1.0
-313.774 218.434 760.35 1.0
-282.628 260.706 760.35 1.0
-282.181 261.265 760.35 1.0
-281.843 261.634 760.35 1.0
-245.341 299.377 760.35 1.0
-244.823 299.872 760.35 1.0
-244.439 300.193 760.35 1.0
-203.233 332.733 760.35 1.0
-202.654 333.155 760.35 1.0
-202.23 333.421 760.35 1.0
-156.867 360.287 760.35 1.0
-156.424 360.52 760.35 1.0
-155.968 360.728 760.35 1.0
-107.629 381.226 760.35 1.0
-107.036 381.453 760.35 1.0
-106.497 381.62 760.35 1.0
-55.839 395.497 760.35 1.0
-55.218 395.644 760.35 1.0
-54.648 395.739 760.35 1.0
-10.685 401.651 760.35 1.0
-10.685 414.704 760.35 1.0
-10.685 446.01 760.35 1.0
-10.685 590.67 760.35 1.0
-10.685 590.67 780.35 0.0
-10.688 565.848 780.35 0.0
-11.373 565.848 780.35 1.0
-83.238 556.582 780.35 1.0
-153.328 538.202 780.35 1.0
-220.492 511.011 780.35 1.0
-283.627 475.453 780.35 1.0
-341.697 432.115 780.35 1.0
-393.749 381.706 780.35 1.0
-438.927 325.055 780.35 1.0
-476.489 263.091 780.35 1.0
-505.819 196.833 780.35 1.0
-526.436 127.369 780.35 1.0
-538.001 55.838 780.35 1.0
-539.453 10.533 780.35 1.0
-355.685 10.533 780.35 1.0
-341.824 10.533 780.35 1.0
-341.913 13.194 780.35 1.0
-341.913 13.823 780.35 1.0
-341.873 14.409 780.35 1.0
-337.088 61.975 780.35 1.0
-337.002 62.602 780.35 1.0
-336.885 63.175 780.35 1.0
-325.803 109.679 780.35 1.0
-325.622 110.33 780.35 1.0
-325.442 110.84 780.35 1.0
-308.26 155.452 780.35 1.0
-307.994 156.074 780.35 1.0
-307.748 156.555 780.35 1.0
-284.774 198.479 780.35 1.0
-284.427 199.059 780.35 1.0
-284.119 199.504 780.35 1.0
-255.762 237.991 780.35 1.0
-255.34 238.52 780.35 1.0
-254.976 238.92 780.35 1.0
-221.742 273.284 780.35 1.0
-221.254 273.753 780.35 1.0
-220.84 274.1 780.35 1.0
-183.322 303.728 780.35 1.0
-182.776 304.127 780.35 1.0
-182.319 304.416 780.35 1.0
-141.069 328.847 780.35 1.0
-140.592 329.102 780.35 1.0
-140.101 329.328 780.35 1.0
-96.088 347.991 780.35 1.0
-95.46 348.23 780.35 1.0
-94.939 348.39 780.35 1.0
-48.832 361.02 780.35 1.0
-48.198 361.169 780.35 1.0
-47.64 361.262 780.35 1.0
-10.688 366.232 780.35 1.0
-10.688 380.209 780.35 1.0
-10.688 403.517 780.35 1.0
-10.688 562.848 780.35 1.0
-10.688 562.848 800.35 0.0
-10.691 537.883 800.35 0.0
-77.909 529.217 800.35 1.0
-144.543 511.743 800.35 1.0
-208.395 485.892 800.35 1.0
-268.418 452.088 800.35 1.0
-323.625 410.886 800.35 1.0
-373.11 362.962 800.35 1.0
-416.06 309.104 800.35 1.0
-451.771 250.196 800.35 1.0
-479.655 187.205 800.35 1.0
-499.256 121.165 800.35 1.0
-510.25 53.161 800.35 1.0
-511.617 10.522 800.35 1.0
-320.562 10.522 800.35 1.0
-301.406 10.522 800.35 1.0
-301.45 11.841 800.35 1.0
-301.45 12.47 800.35 1.0
-301.41 13.057 800.35 1.0
-297.166 55.242 800.35 1.0
-297.071 55.922 800.35 1.0
-296.964 56.441 800.35 1.0
-287.135 97.684 800.35 1.0
-286.945 98.362 800.35 1.0
-286.775 98.845 800.35 1.0
-271.536 138.41 800.35 1.0
-271.258 139.058 800.35 1.0
-271.024 139.513 800.35 1.0
-250.649 176.694 800.35 1.0
-250.286 177.299 800.35 1.0
-249.994 177.719 800.35 1.0
-224.845 211.853 800.35 1.0
-224.405 212.403 800.35 1.0
-224.06 212.781 800.35 1.0
-194.585 243.258 800.35 1.0
-194.075 243.745 800.35 1.0
-193.683 244.074 800.35 1.0
-160.409 270.35 800.35 1.0
-159.839 270.765 800.35 1.0
-159.406 271.038 800.35 1.0
-122.755 292.744 800.35 1.0
-122.307 292.981 800.35 1.0
-121.842 293.194 800.35 1.0
-82.808 309.745 800.35 1.0
-82.177 309.986 800.35 1.0
-81.659 310.144 800.35 1.0
-40.767 321.345 800.35 1.0
-40.2 321.482 800.35 1.0
-39.576 321.588 800.35 1.0
-10.691 325.472 800.35 1.0
-10.691 344.79 800.35 1.0
-10.691 354.617 800.35 1.0
-10.691 534.883 800.35 1.0
-10.691 534.883 820.35 0.0
-10.694 509.831 820.35 0.0
-72.579 501.851 820.35 1.0
-135.758 485.284 820.35 1.0
-196.299 460.774 820.35 1.0
-253.209 428.722 820.35 1.0
-305.553 389.657 820.35 1.0
-352.472 344.219 820.35 1.0
-393.194 293.154 820.35 1.0
-427.053 237.301 820.35 1.0
-453.491 177.576 820.35 1.0
-472.075 114.961 820.35 1.0
-482.499 50.484 820.35 1.0
-483.781 10.51 820.35 1.0
-280.144 10.51 820.35 1.0
-258.94 10.51 820.35 1.0
-258.94 11.049 820.35 1.0
-258.9 11.635 820.35 1.0
-255.224 48.167 820.35 1.0
-255.128 48.86 820.35 1.0
-255.022 49.366 820.35 1.0
-246.511 85.082 820.35 1.0
-246.332 85.728 820.35 1.0
-246.151 86.244 820.35 1.0
-232.955 120.506 820.35 1.0
-232.691 121.122 820.35 1.0
-232.443 121.61 820.35 1.0
-214.797 153.808 820.35 1.0
-214.454 154.382 820.35 1.0
-214.143 154.833 820.35 1.0
-192.364 184.392 820.35 1.0
-191.947 184.916 820.35 1.0
-191.579 185.321 820.35 1.0
-166.054 211.713 820.35 1.0
-165.571 212.177 820.35 1.0
-165.152 212.529 820.35 1.0
-136.337 235.283 820.35 1.0
-135.797 235.679 820.35 1.0
-135.334 235.972 820.35 1.0
-103.572 254.782 820.35 1.0
-103.124 255.019 820.35 1.0
-102.658 255.232 820.35 1.0
-68.856 269.565 820.35 1.0
-68.243 269.799 820.35 1.0
-67.707 269.964 820.35 1.0
-32.295 279.664 820.35 1.0
-31.728 279.8 820.35 1.0
-31.104 279.906 820.35 1.0
-10.694 282.651 820.35 1.0
-10.694 303.245 820.35 1.0
-10.694 304.031 820.35 1.0
-10.694 506.831 820.35 1.0
-10.694 506.831 840.35 0.0
-10.697 479.458 840.35 0.0
-66.809 472.223 840.35 1.0
-126.246 456.637 840.35 1.0
-183.202 433.578 840.35 1.0
-236.742 403.425 840.35 1.0
-285.986 366.673 840.35 1.0
-330.126 323.926 840.35 1.0
-368.438 275.885 840.35 1.0
-400.291 223.339 840.35 1.0
-425.163 167.151 840.35 1.0
-442.647 108.244 840.35 1.0
-452.454 47.585 840.35 1.0
-453.643 10.499 840.35 1.0
-237.657 10.499 840.35 1.0
-206.825 10.499 840.35 1.0
-203.906 39.511 840.35 1.0
-203.835 40.051 840.35 1.0
-203.704 40.71 840.35 1.0
-196.804 69.663 840.35 1.0
-196.612 70.348 840.35 1.0
-196.444 70.824 840.35 1.0
-185.747 98.6 840.35 1.0
-185.486 99.21 840.35 1.0
-185.235 99.703 840.35 1.0
-170.93 125.804 840.35 1.0
-170.59 126.374 840.35 1.0
-170.276 126.829 840.35 1.0
-152.621 150.791 840.35 1.0
-152.208 151.311 840.35 1.0
-151.836 151.72 840.35 1.0
-131.067 173.194 840.35 1.0
-130.665 173.575 840.35 1.0
-130.242 173.931 840.35 1.0
-106.883 192.377 840.35 1.0
-106.352 192.766 840.35 1.0
-105.889 193.06 840.35 1.0
-80.272 208.233 840.35 1.0
-79.654 208.567 840.35 1.0
-79.186 208.782 840.35 1.0
-51.784 220.401 840.35 1.0
-51.147 220.644 840.35 1.0
-50.635 220.8 840.35 1.0
-21.929 228.663 840.35 1.0
-21.362 228.799 840.35 1.0
-20.737 228.906 840.35 1.0
-10.697 230.256 840.35 1.0
-10.697 240.387 840.35 1.0
-10.697 261.209 840.35 1.0
-10.697 476.458 840.35 1.0
-10.697 476.458 860.35 0.0
-10.7 444.021 860.35 0.0
-60.077 437.655 860.35 1.0
-115.149 423.213 860.35 1.0
-167.922 401.848 860.35 1.0
-217.529 373.909 860.35 1.0
-263.157 339.856 860.35 1.0
-304.055 300.249 860.35 1.0
-339.553 255.736 860.35 1.0
-369.067 207.049 860.35 1.0
-392.113 154.988 860.35 1.0
-408.312 100.408 860.35 1.0
-417.399 44.204 860.35 1.0
-418.48 10.488 860.35 1.0
-185.469 10.488 860.35 1.0
-145.223 10.488 860.35 1.0
-143.331 29.293 860.35 1.0
-143.266 29.799 860.35 1.0
-143.129 30.492 860.35 1.0
-138.131 51.462 860.35 1.0
-137.946 52.128 860.35 1.0
-137.771 52.624 860.35 1.0
-130.023 72.741 860.35 1.0
-129.746 73.385 860.35 1.0
-129.511 73.844 860.35 1.0
-119.151 92.749 860.35 1.0
-118.786 93.358 860.35 1.0
-118.496 93.774 860.35 1.0
-105.709 111.13 860.35 1.0
-105.266 111.684 860.35 1.0
-104.924 112.058 860.35 1.0
-89.937 127.555 860.35 1.0
-89.438 128.033 860.35 1.0
-89.035 128.37 860.35 1.0
-72.117 141.731 860.35 1.0
-71.566 142.133 860.35 1.0
-71.114 142.419 860.35 1.0
-52.566 153.405 860.35 1.0
-51.984 153.721 860.35 1.0
-51.48 153.953 860.35 1.0
-31.634 162.369 860.35 1.0
-31.01 162.607 860.35 1.0
-30.485 162.768 860.35 1.0
-10.7 168.188 860.35 1.0
-10.7 208.814 860.35 1.0
-10.7 441.021 860.35 1.0
-10.7 441.021 880.35 0.0
-10.703 408.584 880.35 0.0
-53.345 403.086 880.35 1.0
-104.051 389.79 880.35 1.0
-152.641 370.118 880.35 1.0
-198.317 344.394 880.35 1.0
-240.328 313.04 880.35 1.0
-277.984 276.572 880.35 1.0
-310.668 235.587 880.35 1.0
-337.843 190.76 880.35 1.0
-359.062 142.825 880.35 1.0
-373.977 92.571 880.35 1.0
-382.344 40.822 880.35 1.0
-383.317 10.476 880.35 1.0
-123.867 10.476 880.35 1.0
-65.056 10.476 880.35 1.0
-64.448 16.42 880.35 1.0
-64.298 17.195 880.35 1.0
-61.776 27.777 880.35 1.0
-61.607 28.39 880.35 1.0
-61.416 28.938 880.35 1.0
-57.506 39.09 880.35 1.0
-57.255 39.679 880.35 1.0
-56.994 40.193 880.35 1.0
-51.725 49.807 880.35 1.0
-51.436 50.287 880.35 1.0
-51.112 50.757 880.35 1.0
-44.66 59.515 880.35 1.0
-44.232 60.052 880.35 1.0
-43.874 60.444 880.35 1.0
-36.259 68.318 880.35 1.0
-35.843 68.715 880.35 1.0
-35.41 69.08 880.35 1.0
-26.872 75.821 880.35 1.0
-26.414 76.16 880.35 1.0
-25.87 76.509 880.35 1.0
-16.182 82.238 880.35 1.0
-15.424 82.602 880.35 1.0
-10.703 84.604 880.35 1.0
-10.703 146.154 880.35 1.0
-10.703 405.584 880.35 1.0
-10.703 405.584 900.35 0.0
-10.706 373.148 900.35 0.0
-46.613 368.518 900.35 1.0
-92.954 356.366 900.35 1.0
-137.361 338.387 900.35 1.0
-179.104 314.878 900.35 1.0
-217.498 286.224 900.35 1.0
-251.913 252.895 900.35 1.0
-281.784 215.439 900.35 1.0
-306.619 174.47 900.35 1.0
-326.011 130.662 900.35 1.0
-339.642 84.734 900.35 1.0
-347.289 37.44 900.35 1.0
-348.154 10.465 900.35 1.0
-43.699 10.465 900.35 1.0
-10.706 10.465 900.35 1.0
-10.706 60.793 900.35 1.0
-10.706 151.709 900.35 1.0
-10.706 370.148 900.35 1.0
-10.706 370.148 920.35 0.0
-10.709 10.454 920.35 0.0
-10.709 132.437 920.35 1.0
-10.709 326.432 920.35 1.0
-37.738 322.947 920.35 1.0
-78.325 312.304 920.35 1.0
-117.217 296.558 920.35 1.0
-153.777 275.968 920.35 1.0
-187.403 250.872 920.35 1.0
-217.545 221.682 920.35 1.0
-243.706 188.877 920.35 1.0
-265.457 152.996 920.35 1.0
-282.441 114.628 920.35 1.0
-294.38 74.403 920.35 1.0
-301.077 32.982 920.35 1.0
-301.799 10.454 920.35 1.0
-13.709 10.454 920.35 1.0
-13.709 10.454 940.35 0.0
-10.712 10.442 940.35 0.0
-10.712 112.744 940.35 1.0
-10.712 278.693 940.35 1.0
-28.668 276.378 940.35 1.0
-63.375 267.277 940.35 1.0
-96.632 253.813 940.35 1.0
-127.894 236.206 940.35 1.0
-156.649 214.746 940.35 1.0
-182.423 189.785 940.35 1.0
-204.794 161.734 940.35 1.0
-223.393 131.051 940.35 1.0
-237.917 98.243 940.35 1.0
-248.125 63.846 940.35 1.0
-253.852 28.426 940.35 1.0
-254.428 10.442 940.35 1.0
-13.712 10.442 940.35 1.0
-13.712 10.442 960.35 0.0
-10.715 10.431 960.35 0.0
-10.715 92.223 960.35 1.0
-10.715 228.947 960.35 1.0
-19.218 227.85 960.35 1.0
-47.796 220.357 960.35 1.0
-75.181 209.27 960.35 1.0
-100.924 194.772 960.35 1.0
-124.601 177.101 960.35 1.0
-145.824 156.547 960.35 1.0
-164.245 133.449 960.35 1.0
-179.56 108.184 960.35 1.0
-191.519 81.168 960.35 1.0
-199.926 52.845 960.35 1.0
-204.641 23.679 960.35 1.0
-205.066 10.431 960.35 1.0
-13.715 10.431 960.35 1.0
-13.715 10.431 980.35 0.0
-10.717 10.42 980.35 0.0
-10.718 62.479 980.35 1.0
-10.718 156.162 980.35 1.0
-25.219 152.359 980.35 1.0
-44.094 144.717 980.35 1.0
-61.837 134.724 980.35 1.0
-78.157 122.545 980.35 1.0
-92.785 108.379 980.35 1.0
-105.481 92.458 980.35 1.0
-116.037 75.044 980.35 1.0
-124.28 56.423 980.35 1.0
-130.074 36.902 980.35 1.0
-133.324 16.799 980.35 1.0
-133.529 10.42 980.35 1.0
-13.717 10.42 980.35 1.0
-13.717 10.42 1000.35 0.0
-14.574 14.262 1000.35 0.0
-14.574 27.22 1000.35 1.0
-14.574 61.025 1000.35 1.0
-21.429 55.909 1000.35 1.0
-28.002 49.544 1000.35 1.0
-33.706 42.39 1000.35 1.0
-38.45 34.567 1000.35 1.0
-42.153 26.2 1000.35 1.0
-44.756 17.428 1000.35 1.0
-45.268 14.262 1000.35 1.0
-17.574 14.262 1000.35 1.0
