-0.164 1039.237 0.35 0.0
94.34 1039.235 0.35 1.0
232.031 1020.715 0.35 1.0
366.025 984.007 0.35 1.0
493.931 929.768 0.35 1.0
613.466 858.964 0.35 1.0
722.498 772.86 0.35 1.0
819.055 673.021 0.35 1.0
901.49 561.141 0.35 1.0
968.238 439.339 0.35 1.0
988.832 391.89 0.35 1.0
1159.374 391.89 0.35 1.0
1151.111 415.113 0.35 1.0
1150.893 415.727 0.35 1.0
1088.586 556.487 0.35 1.0
1008.887 687.957 0.35 1.0
913.031 808.157 0.35 1.0
802.592 915.112 0.35 1.0
679.381 1007.066 0.35 1.0
545.424 1082.51 0.35 1.0
402.919 1140.203 0.35 1.0
254.206 1179.2 0.35 1.0
101.727 1198.86 0.35 1.0
-0.164 1198.86 0.35 1.0
-0.164 1042.237 0.35 1.0
-0.164 1042.237 20.35 0.0
10.745 1059.153 20.35 0.0
95.046 1059.153 20.35 1.0
95.68 1059.131 20.35 1.0
96.259 1059.072 20.35 1.0
235.386 1040.361 20.35 1.0
236.031 1040.25 20.35 1.0
236.577 1040.119 20.35 1.0
371.968 1003.031 20.35 1.0
372.593 1002.836 20.35 1.0
373.117 1002.632 20.35 1.0
502.357 947.83 20.35 1.0
502.95 947.553 20.35 1.0
503.443 947.282 20.35 1.0
624.225 875.742 20.35 1.0
624.776 875.388 20.35 1.0
625.227 875.054 20.35 1.0
735.396 788.054 20.35 1.0
735.895 787.63 20.35 1.0
736.298 787.238 20.35 1.0
833.953 686.263 20.35 1.0
834.327 685.844 20.35 1.0
834.674 685.402 20.35 1.0
917.944 572.387 20.35 1.0
918.313 571.846 20.35 1.0
918.598 571.362 20.35 1.0
986.055 448.269 20.35 1.0
986.304 447.779 20.35 1.0
986.524 447.275 20.35 1.0
989.852 438.956 20.35 1.0
1005.551 402.79 20.35 1.0
1153.048 402.79 20.35 1.0
1152.377 404.674 20.35 1.0
1148.28 414.282 20.35 1.0
1085.941 555.107 20.35 1.0
1006.441 686.251 20.35 1.0
910.823 806.152 20.35 1.0
800.658 912.841 20.35 1.0
677.754 1004.566 20.35 1.0
544.13 1079.822 20.35 1.0
401.979 1137.373 20.35 1.0
253.636 1176.272 20.35 1.0
101.536 1195.884 20.35 1.0
10.745 1195.884 20.35 1.0
10.745 1062.153 20.35 1.0
10.762 1076.874 40.35 0.0
96.232 1076.874 40.35 1.0
96.86 1076.852 40.35 1.0
97.445 1076.793 40.35 1.0
238.923 1057.766 40.35 1.0
239.569 1057.655 40.35 1.0
240.115 1057.523 40.35 1.0
377.794 1019.809 40.35 1.0
378.419 1019.613 40.35 1.0
378.943 1019.41 40.35 1.0
510.367 963.682 40.35 1.0
510.961 963.405 40.35 1.0
511.453 963.133 40.35 1.0
634.276 890.384 40.35 1.0
634.827 890.031 40.35 1.0
635.279 889.696 40.35 1.0
747.31 801.226 40.35 1.0
747.809 800.802 40.35 1.0
748.212 800.41 40.35 1.0
847.516 697.73 40.35 1.0
847.89 697.31 40.35 1.0
848.237 696.869 40.35 1.0
932.914 581.944 40.35 1.0
933.283 581.403 40.35 1.0
933.569 580.919 40.35 1.0
1002.165 455.745 40.35 1.0
1002.393 455.3 40.35 1.0
1002.634 454.751 40.35 1.0
1012.417 430.296 40.35 1.0
1024.357 402.79 40.35 1.0
1170.131 402.79 40.35 1.0
1162.926 419.672 40.35 1.0
1099.778 562.325 40.35 1.0
1019.241 695.179 40.35 1.0
922.376 816.644 40.35 1.0
810.774 924.724 40.35 1.0
686.268 1017.645 40.35 1.0
550.901 1093.883 40.35 1.0
406.897 1152.184 40.35 1.0
256.619 1191.591 40.35 1.0
102.536 1211.458 40.35 1.0
10.762 1211.458 40.35 1.0
10.762 1079.874 40.35 1.0
10.762 1079.874 60.35 0.0
10.779 1094.595 60.35 0.0
97.418 1094.595 60.35 1.0
98.04 1094.573 60.35 1.0
98.632 1094.513 60.35 1.0
242.461 1075.17 60.35 1.0
243.106 1075.06 60.35 1.0
243.653 1074.928 60.35 1.0
383.62 1036.587 60.35 1.0
384.245 1036.391 60.35 1.0
384.769 1036.188 60.35 1.0
518.377 979.533 60.35 1.0
519.019 979.231 60.35 1.0
519.463 978.985 60.35 1.0
644.328 905.027 60.35 1.0
644.924 904.642 60.35 1.0
645.33 904.339 60.35 1.0
759.224 814.398 60.35 1.0
759.763 813.937 60.35 1.0
760.126 813.582 60.35 1.0
861.154 709.117 60.35 1.0
861.488 708.735 60.35 1.0
861.8 708.335 60.35 1.0
947.884 591.5 60.35 1.0
948.283 590.913 60.35 1.0
948.539 590.475 60.35 1.0
1018.276 463.221 60.35 1.0
1018.504 462.776 60.35 1.0
1018.745 462.227 60.35 1.0
1034.983 421.636 60.35 1.0
1043.164 402.79 60.35 1.0
1187.077 402.79 60.35 1.0
1177.572 425.062 60.35 1.0
1113.614 569.544 60.35 1.0
1032.04 704.108 60.35 1.0
933.929 827.136 60.35 1.0
820.891 936.607 60.35 1.0
694.782 1030.725 60.35 1.0
557.672 1107.943 60.35 1.0
411.814 1166.995 60.35 1.0
259.602 1206.909 60.35 1.0
103.536 1227.032 60.35 1.0
10.779 1227.032 60.35 1.0
10.779 1097.595 60.35 1.0
10.779 1097.595 80.35 0.0
10.796 1112.208 80.35 0.0
98.597 1112.208 80.35 1.0
99.312 1112.179 80.35 1.0
99.811 1112.126 80.35 1.0
245.977 1092.469 80.35 1.0
246.676 1092.347 80.35 1.0
247.169 1092.227 80.35 1.0
389.411 1053.263 80.35 1.0
390.087 1053.049 80.35 1.0
390.559 1052.864 80.35 1.0
526.339 995.288 80.35 1.0
526.981 994.986 80.35 1.0
527.424 994.74 80.35 1.0
654.318 919.58 80.35 1.0
654.914 919.195 80.35 1.0
655.321 918.892 80.35 1.0
771.065 827.49 80.35 1.0
771.604 827.029 80.35 1.0
771.967 826.674 80.35 1.0
874.634 720.514 80.35 1.0
874.968 720.132 80.35 1.0
875.28 719.732 80.35 1.0
962.763 600.999 80.35 1.0
963.162 600.411 80.35 1.0
963.418 599.974 80.35 1.0
1034.465 470.309 80.35 1.0
1034.677 469.846 80.35 1.0
1036.894 464.608 80.35 1.0
1057.548 412.977 80.35 1.0
1061.97 402.79 80.35 1.0
1202.933 402.79 80.35 1.0
1199.363 413.633 80.35 1.0
1199.253 413.967 80.35 1.0
1192.218 430.452 80.35 1.0
1127.45 576.762 80.35 1.0
1044.84 713.036 80.35 1.0
945.482 837.628 80.35 1.0
831.007 948.49 80.35 1.0
703.295 1043.804 80.35 1.0
564.443 1122.004 80.35 1.0
416.732 1181.806 80.35 1.0
262.585 1222.228 80.35 1.0
104.535 1242.606 80.35 1.0
10.796 1242.606 80.35 1.0
10.796 1115.208 80.35 1.0
10.796 1115.208 100.35 0.0
10.812 1129.013 100.35 0.0
99.722 1129.013 100.35 1.0
100.433 1128.985 100.35 1.0
100.936 1128.931 100.35 1.0
249.332 1108.974 100.35 1.0
250.03 1108.852 100.35 1.0
250.524 1108.732 100.35 1.0
394.935 1069.173 100.35 1.0
395.612 1068.959 100.35 1.0
396.084 1068.774 100.35 1.0
533.935 1010.321 100.35 1.0
534.577 1010.018 100.35 1.0
535.02 1009.772 100.35 1.0
663.85 933.466 100.35 1.0
664.446 933.081 100.35 1.0
664.853 932.778 100.35 1.0
782.362 839.981 100.35 1.0
782.902 839.52 100.35 1.0
783.264 839.166 100.35 1.0
887.496 731.388 100.35 1.0
887.83 731.006 100.35 1.0
888.142 730.606 100.35 1.0
976.96 610.061 100.35 1.0
977.358 609.474 100.35 1.0
977.614 609.036 100.35 1.0
1049.743 477.399 100.35 1.0
1049.955 476.936 100.35 1.0
1069.872 429.914 100.35 1.0
1080.114 404.317 100.35 1.0
1080.777 402.79 100.35 1.0
1218.411 402.79 100.35 1.0
1210.028 428.247 100.35 1.0
1209.77 429.032 100.35 1.0
1206.864 435.841 100.35 1.0
1141.287 583.981 100.35 1.0
1057.64 721.965 100.35 1.0
957.035 848.12 100.35 1.0
841.123 960.374 100.35 1.0
711.809 1056.883 100.35 1.0
571.215 1136.065 100.35 1.0
421.649 1196.617 100.35 1.0
265.569 1237.546 100.35 1.0
105.535 1258.18 100.35 1.0
10.812 1258.18 100.35 1.0
10.812 1132.013 100.35 1.0
10.812 1132.013 120.35 0.0
10.829 1145.818 120.35 0.0
100.847 1145.818 120.35 1.0
101.552 1145.79 120.35 1.0
102.061 1145.736 120.35 1.0
252.887 1125.45 120.35 1.0
253.385 1125.357 120.35 1.0
253.878 1125.237 120.35 1.0
400.655 1085.028 120.35 1.0
401.136 1084.87 120.35 1.0
401.609 1084.685 120.35 1.0
541.531 1025.353 120.35 1.0
542.173 1025.051 120.35 1.0
542.617 1024.804 120.35 1.0
673.382 947.352 120.35 1.0
673.978 946.967 120.35 1.0
674.385 946.664 120.35 1.0
793.66 852.473 120.35 1.0
794.199 852.012 120.35 1.0
794.562 851.657 120.35 1.0
900.219 742.409 120.35 1.0
900.692 741.88 120.35 1.0
901.004 741.48 120.35 1.0
991.156 619.124 120.35 1.0
991.555 618.537 120.35 1.0
991.811 618.099 120.35 1.0
1065.021 484.488 120.35 1.0
1065.233 484.025 120.35 1.0
1099.642 402.79 120.35 1.0
1233.889 402.79 120.35 1.0
1228.827 418.163 120.35 1.0
1221.675 438.017 120.35 1.0
1220.535 441.27 120.35 1.0
1154.345 590.793 120.35 1.0
1069.72 730.391 120.35 1.0
967.938 858.022 120.35 1.0
850.671 971.589 120.35 1.0
719.844 1069.227 120.35 1.0
577.605 1149.335 120.35 1.0
426.291 1210.596 120.35 1.0
268.384 1252.003 120.35 1.0
106.479 1272.879 120.35 1.0
10.829 1272.879 120.35 1.0
10.829 1148.818 120.35 1.0
10.829 1148.818 140.35 0.0
10.846 1162.159 140.35 0.0
101.941 1162.159 140.35 1.0
102.637 1162.132 140.35 1.0
103.155 1162.077 140.35 1.0
256.149 1141.499 140.35 1.0
256.647 1141.407 140.35 1.0
257.141 1141.286 140.35 1.0
406.027 1100.5 140.35 1.0
406.509 1100.341 140.35 1.0
406.981 1100.156 140.35 1.0
548.918 1039.97 140.35 1.0
549.559 1039.668 140.35 1.0
550.003 1039.422 140.35 1.0
682.651 960.854 140.35 1.0
683.247 960.469 140.35 1.0
683.654 960.166 140.35 1.0
804.646 864.619 140.35 1.0
805.185 864.158 140.35 1.0
805.548 863.804 140.35 1.0
912.725 752.983 140.35 1.0
913.198 752.454 140.35 1.0
913.511 752.054 140.35 1.0
1004.961 627.937 140.35 1.0
1005.359 627.349 140.35 1.0
1005.615 626.912 140.35 1.0
1079.699 491.726 140.35 1.0
1079.949 491.235 140.35 1.0
1080.169 490.73 140.35 1.0
1115.315 402.79 140.35 1.0
1246.98 402.79 140.35 1.0
1238.104 427.414 140.35 1.0
1231.799 445.416 140.35 1.0
1164.987 596.345 140.35 1.0
1079.564 737.258 140.35 1.0
976.824 866.091 140.35 1.0
858.452 980.728 140.35 1.0
726.392 1079.287 140.35 1.0
582.813 1160.149 140.35 1.0
430.073 1221.987 140.35 1.0
270.679 1263.785 140.35 1.0
107.248 1284.857 140.35 1.0
10.846 1284.857 140.35 1.0
10.846 1165.159 140.35 1.0
10.846 1165.159 160.35 0.0
10.863 1176.516 160.35 0.0
102.902 1176.516 160.35 1.0
103.592 1176.49 160.35 1.0
104.116 1176.435 160.35 1.0
259.015 1155.601 160.35 1.0
259.514 1155.508 160.35 1.0
260.007 1155.388 160.35 1.0
410.659 1114.119 160.35 1.0
411.186 1113.951 160.35 1.0
411.702 1113.75 160.35 1.0
555.408 1052.813 160.35 1.0
556.008 1052.532 160.35 1.0
556.493 1052.265 160.35 1.0
690.795 972.718 160.35 1.0
691.353 972.359 160.35 1.0
691.797 972.03 160.35 1.0
814.298 875.292 160.35 1.0
814.804 874.862 160.35 1.0
815.2 874.476 160.35 1.0
923.714 762.273 160.35 1.0
924.158 761.78 160.35 1.0
924.499 761.344 160.35 1.0
1017.09 635.68 160.35 1.0
1017.464 635.131 160.35 1.0
1017.744 634.654 160.35 1.0
1092.752 497.784 160.35 1.0
1093.0 497.296 160.35 1.0
1093.219 496.794 160.35 1.0
1130.883 402.79 160.35 1.0
1259.587 402.79 160.35 1.0
1254.533 416.811 160.35 1.0
1243.063 449.561 160.35 1.0
1175.628 601.897 160.35 1.0
1089.409 744.125 160.35 1.0
985.709 874.161 160.35 1.0
866.232 989.867 160.35 1.0
732.94 1089.346 160.35 1.0
588.021 1170.963 160.35 1.0
433.855 1233.378 160.35 1.0
272.973 1275.566 160.35 1.0
108.017 1296.835 160.35 1.0
10.863 1296.835 160.35 1.0
10.863 1179.516 160.35 1.0
10.863 1179.516 180.35 0.0
10.88 1190.874 180.35 0.0
103.863 1190.874 180.35 1.0
104.547 1190.848 180.35 1.0
105.077 1190.793 180.35 1.0
261.791 1169.716 180.35 1.0
262.335 1169.619 180.35 1.0
262.873 1169.489 180.35 1.0
415.379 1127.713 180.35 1.0
415.906 1127.544 180.35 1.0
416.422 1127.344 180.35 1.0
561.898 1065.656 180.35 1.0
562.498 1065.375 180.35 1.0
562.983 1065.108 180.35 1.0
698.939 984.581 180.35 1.0
699.497 984.223 180.35 1.0
699.941 983.893 180.35 1.0
823.951 885.964 180.35 1.0
824.456 885.534 180.35 1.0
824.853 885.148 180.35 1.0
934.703 771.564 180.35 1.0
935.146 771.07 180.35 1.0
935.488 770.635 180.35 1.0
1029.219 643.422 180.35 1.0
1029.593 642.874 180.35 1.0
1029.873 642.397 180.35 1.0
1105.805 503.841 180.35 1.0
1106.052 503.356 180.35 1.0
1106.269 502.858 180.35 1.0
1146.451 402.79 180.35 1.0
1272.195 402.79 180.35 1.0
1270.962 406.208 180.35 1.0
1254.327 453.706 180.35 1.0
1186.27 607.448 180.35 1.0
1099.253 750.992 180.35 1.0
994.594 882.23 180.35 1.0
874.012 999.007 180.35 1.0
739.488 1099.405 180.35 1.0
593.229 1181.777 180.35 1.0
437.637 1244.769 180.35 1.0
275.267 1287.347 180.35 1.0
108.786 1308.813 180.35 1.0
10.88 1308.813 180.35 1.0
10.88 1193.874 180.35 1.0
10.88 1193.874 200.35 0.0
10.897 1204.537 200.35 0.0
104.778 1204.537 200.35 1.0
105.456 1204.512 200.35 1.0
105.992 1204.456 200.35 1.0
264.518 1183.135 200.35 1.0
265.062 1183.038 200.35 1.0
265.601 1182.908 200.35 1.0
419.871 1140.649 200.35 1.0
420.398 1140.48 200.35 1.0
420.914 1140.28 200.35 1.0
568.074 1077.878 200.35 1.0
568.674 1077.597 200.35 1.0
569.159 1077.33 200.35 1.0
706.689 995.871 200.35 1.0
707.247 995.512 200.35 1.0
707.691 995.183 200.35 1.0
833.136 896.12 200.35 1.0
833.642 895.69 200.35 1.0
834.038 895.304 200.35 1.0
945.16 780.405 200.35 1.0
945.604 779.911 200.35 1.0
945.945 779.476 200.35 1.0
1040.761 650.791 200.35 1.0
1041.135 650.243 200.35 1.0
1041.416 649.766 200.35 1.0
1118.236 509.586 200.35 1.0
1118.544 508.97 200.35 1.0
1118.765 508.44 200.35 1.0
1122.392 498.877 200.35 1.0
1161.447 402.79 200.35 1.0
1284.875 402.79 200.35 1.0
1265.591 457.852 200.35 1.0
1196.911 613.0 200.35 1.0
1109.097 757.859 200.35 1.0
1003.48 890.299 200.35 1.0
881.793 1008.146 200.35 1.0
746.036 1109.465 200.35 1.0
598.436 1192.591 200.35 1.0
441.419 1256.16 200.35 1.0
277.562 1299.129 200.35 1.0
109.555 1320.791 200.35 1.0
10.897 1320.791 200.35 1.0
10.897 1207.537 200.35 1.0
10.897 1207.537 220.35 0.0
10.914 1216.773 220.35 0.0
105.597 1216.773 220.35 1.0
106.273 1216.748 220.35 1.0
106.811 1216.692 220.35 1.0
266.961 1195.153 220.35 1.0
267.505 1195.056 220.35 1.0
268.043 1194.926 220.35 1.0
423.894 1152.234 220.35 1.0
424.42 1152.065 220.35 1.0
424.936 1151.865 220.35 1.0
573.605 1088.824 220.35 1.0
574.205 1088.543 220.35 1.0
574.69 1088.275 220.35 1.0
713.629 1005.982 220.35 1.0
714.187 1005.623 220.35 1.0
714.632 1005.293 220.35 1.0
841.363 905.215 220.35 1.0
841.868 904.785 220.35 1.0
842.265 904.399 220.35 1.0
954.525 788.322 220.35 1.0
954.969 787.829 220.35 1.0
955.31 787.394 220.35 1.0
1051.098 657.39 220.35 1.0
1051.472 656.841 220.35 1.0
1051.753 656.365 220.35 1.0
1129.36 514.748 220.35 1.0
1129.668 514.132 220.35 1.0
1129.889 513.602 220.35 1.0
1144.578 474.876 220.35 1.0
1173.877 402.79 220.35 1.0
1297.419 402.79 220.35 1.0
1293.804 413.601 220.35 1.0
1276.855 461.997 220.35 1.0
1207.553 618.552 220.35 1.0
1118.941 764.726 220.35 1.0
1012.365 898.369 220.35 1.0
889.573 1017.286 220.35 1.0
752.583 1119.524 220.35 1.0
603.644 1203.405 220.35 1.0
445.201 1267.551 220.35 1.0
279.856 1310.91 220.35 1.0
110.324 1332.769 220.35 1.0
10.914 1332.769 220.35 1.0
10.914 1219.773 220.35 1.0
10.914 1219.773 240.35 0.0
10.931 1229.009 240.35 0.0
106.416 1229.009 240.35 1.0
107.087 1228.985 240.35 1.0
107.63 1228.928 240.35 1.0
269.404 1207.171 240.35 1.0
269.948 1207.074 240.35 1.0
270.486 1206.944 240.35 1.0
427.917 1163.819 240.35 1.0
428.443 1163.65 240.35 1.0
428.959 1163.45 240.35 1.0
579.136 1099.77 240.35 1.0
579.736 1099.489 240.35 1.0
580.221 1099.221 240.35 1.0
720.57 1016.092 240.35 1.0
721.128 1015.734 240.35 1.0
721.572 1015.404 240.35 1.0
849.589 914.31 240.35 1.0
850.094 913.881 240.35 1.0
850.491 913.495 240.35 1.0
963.89 796.24 240.35 1.0
964.334 795.747 240.35 1.0
964.676 795.311 240.35 1.0
1061.435 663.988 240.35 1.0
1061.809 663.44 240.35 1.0
1062.09 662.963 240.35 1.0
1140.485 519.91 240.35 1.0
1140.793 519.294 240.35 1.0
1141.013 518.764 240.35 1.0
1166.764 450.875 240.35 1.0
1186.308 402.79 240.35 1.0
1308.108 402.79 240.35 1.0
1292.029 450.876 240.35 1.0
1286.77 465.606 240.35 1.0
1216.905 623.431 240.35 1.0
1127.593 770.761 240.35 1.0
1020.174 905.461 240.35 1.0
896.411 1025.318 240.35 1.0
758.338 1128.364 240.35 1.0
608.221 1212.909 240.35 1.0
448.525 1277.562 240.35 1.0
281.873 1321.264 240.35 1.0
111.0 1343.295 240.35 1.0
10.931 1343.296 240.35 1.0
10.931 1232.009 240.35 1.0
10.931 1232.009 260.35 0.0
10.947 1240.969 260.35 0.0
107.217 1240.968 260.35 1.0
107.88 1240.944 260.35 1.0
108.43 1240.887 260.35 1.0
271.791 1218.917 260.35 1.0
272.335 1218.82 260.35 1.0
272.874 1218.69 260.35 1.0
431.848 1175.142 260.35 1.0
432.375 1174.973 260.35 1.0
432.891 1174.772 260.35 1.0
584.541 1110.467 260.35 1.0
585.142 1110.186 260.35 1.0
585.627 1109.919 260.35 1.0
727.353 1025.974 260.35 1.0
727.911 1025.615 260.35 1.0
728.356 1025.286 260.35 1.0
857.629 923.2 260.35 1.0
858.134 922.77 260.35 1.0
858.531 922.384 260.35 1.0
973.044 803.979 260.35 1.0
973.487 803.485 260.35 1.0
973.829 803.05 260.35 1.0
1071.538 670.438 260.35 1.0
1071.912 669.89 260.35 1.0
1072.193 669.413 260.35 1.0
1151.353 524.962 260.35 1.0
1151.625 524.426 260.35 1.0
1151.86 523.873 260.35 1.0
1153.887 518.634 260.35 1.0
1157.282 510.363 260.35 1.0
1188.949 426.874 260.35 1.0
1198.738 402.79 260.35 1.0
1318.338 402.79 260.35 1.0
1311.286 423.88 260.35 1.0
1295.251 468.727 260.35 1.0
1224.918 627.611 260.35 1.0
1135.005 775.932 260.35 1.0
1026.864 911.536 260.35 1.0
902.27 1032.199 260.35 1.0
763.268 1135.939 260.35 1.0
612.142 1221.051 260.35 1.0
451.373 1286.139 260.35 1.0
283.6 1330.135 260.35 1.0
111.579 1352.314 260.35 1.0
10.947 1352.314 260.35 1.0
10.947 1243.969 260.35 1.0
10.947 1243.969 280.35 0.0
10.964 1251.281 280.35 0.0
107.907 1251.281 280.35 1.0
108.566 1251.257 280.35 1.0
109.121 1251.2 280.35 1.0
273.85 1229.045 280.35 1.0
274.394 1228.948 280.35 1.0
274.932 1228.818 280.35 1.0
435.239 1184.905 280.35 1.0
435.765 1184.737 280.35 1.0
436.281 1184.536 280.35 1.0
589.203 1119.692 280.35 1.0
589.804 1119.411 280.35 1.0
590.288 1119.143 280.35 1.0
733.202 1034.495 280.35 1.0
733.76 1034.136 280.35 1.0
734.205 1033.807 280.35 1.0
864.562 930.865 280.35 1.0
865.067 930.435 280.35 1.0
865.464 930.049 280.35 1.0
980.936 810.651 280.35 1.0
981.38 810.158 280.35 1.0
981.721 809.723 280.35 1.0
1080.25 675.999 280.35 1.0
1080.624 675.451 280.35 1.0
1080.904 674.974 280.35 1.0
1160.729 529.313 280.35 1.0
1161.0 528.777 280.35 1.0
1161.235 528.223 280.35 1.0
1177.277 486.774 280.35 1.0
1203.749 422.335 280.35 1.0
1211.169 402.79 280.35 1.0
1328.429 402.79 280.35 1.0
1303.732 471.848 280.35 1.0
1232.93 631.791 280.35 1.0
1142.418 781.102 280.35 1.0
1033.554 917.612 280.35 1.0
908.128 1039.081 280.35 1.0
768.198 1143.513 280.35 1.0
616.063 1229.194 280.35 1.0
454.221 1294.716 280.35 1.0
285.328 1339.005 280.35 1.0
112.158 1361.333 280.35 1.0
10.964 1361.333 280.35 1.0
10.964 1254.281 280.35 1.0
10.964 1254.281 300.35 0.0
10.981 1261.593 300.35 0.0
108.598 1261.593 300.35 1.0
109.252 1261.57 300.35 1.0
109.811 1261.512 300.35 1.0
275.908 1239.173 300.35 1.0
276.453 1239.077 300.35 1.0
276.991 1238.947 300.35 1.0
438.629 1194.669 300.35 1.0
439.155 1194.5 300.35 1.0
439.671 1194.3 300.35 1.0
593.864 1128.916 300.35 1.0
594.416 1128.66 300.35 1.0
594.95 1128.368 300.35 1.0
739.052 1043.016 300.35 1.0
739.564 1042.689 300.35 1.0
740.054 1042.328 300.35 1.0
871.494 938.53 300.35 1.0
871.959 938.138 300.35 1.0
872.396 937.715 300.35 1.0
988.829 817.324 300.35 1.0
989.237 816.873 300.35 1.0
989.614 816.396 300.35 1.0
1088.961 681.56 300.35 1.0
1089.306 681.059 300.35 1.0
1089.616 680.535 300.35 1.0
1170.104 533.663 300.35 1.0
1170.375 533.127 300.35 1.0
1170.61 532.574 300.35 1.0
1200.667 454.913 300.35 1.0
1222.08 402.79 300.35 1.0
1337.881 402.79 300.35 1.0
1336.791 406.239 300.35 1.0
1312.214 474.97 300.35 1.0
1240.943 635.971 300.35 1.0
1149.83 786.272 300.35 1.0
1040.244 923.688 300.35 1.0
913.986 1045.962 300.35 1.0
773.129 1151.087 300.35 1.0
619.984 1237.336 300.35 1.0
457.068 1303.293 300.35 1.0
287.055 1347.876 300.35 1.0
112.737 1370.352 300.35 1.0
10.981 1370.352 300.35 1.0
10.981 1264.593 300.35 1.0
10.981 1264.593 320.35 0.0
10.998 1271.906 320.35 0.0
109.288 1271.906 320.35 1.0
109.937 1271.882 320.35 1.0
110.501 1271.824 320.35 1.0
277.858 1249.317 320.35 1.0
278.457 1249.216 320.35 1.0
279.05 1249.075 320.35 1.0
441.913 1204.462 320.35 1.0
442.493 1204.282 320.35 1.0
443.062 1204.063 320.35 1.0
598.525 1138.141 320.35 1.0
599.077 1137.885 320.35 1.0
599.611 1137.592 320.35 1.0
744.901 1051.537 320.35 1.0
745.413 1051.21 320.35 1.0
745.904 1050.849 320.35 1.0
878.427 946.196 320.35 1.0
878.892 945.803 320.35 1.0
879.329 945.38 320.35 1.0
996.722 823.997 320.35 1.0
997.13 823.546 320.35 1.0
997.507 823.068 320.35 1.0
1097.673 687.122 320.35 1.0
1098.017 686.62 320.35 1.0
1098.327 686.097 320.35 1.0
1179.479 538.014 320.35 1.0
1179.75 537.478 320.35 1.0
1179.986 536.924 320.35 1.0
1224.057 423.052 320.35 1.0
1232.381 402.79 320.35 1.0
1346.341 402.79 320.35 1.0
1336.716 433.242 320.35 1.0
1336.585 433.658 320.35 1.0
1320.695 478.091 320.35 1.0
1248.956 640.152 320.35 1.0
1157.242 791.443 320.35 1.0
1046.934 929.764 320.35 1.0
919.844 1052.844 320.35 1.0
778.059 1158.661 320.35 1.0
623.906 1245.478 320.35 1.0
459.916 1311.87 320.35 1.0
288.783 1356.747 320.35 1.0
113.316 1379.371 320.35 1.0
10.998 1379.371 320.35 1.0
10.998 1274.906 320.35 1.0
10.998 1274.906 340.35 0.0
11.015 1280.925 340.35 0.0
109.892 1280.925 340.35 1.0
110.539 1280.902 340.35 1.0
111.105 1280.844 340.35 1.0
279.658 1258.176 340.35 1.0
280.258 1258.075 340.35 1.0
280.85 1257.933 340.35 1.0
444.878 1213.002 340.35 1.0
445.459 1212.821 340.35 1.0
446.027 1212.603 340.35 1.0
602.602 1146.209 340.35 1.0
603.154 1145.953 340.35 1.0
603.688 1145.66 340.35 1.0
750.017 1058.989 340.35 1.0
750.529 1058.662 340.35 1.0
751.02 1058.301 340.35 1.0
884.491 952.9 340.35 1.0
884.955 952.507 340.35 1.0
885.393 952.084 340.35 1.0
1003.625 829.833 340.35 1.0
1004.033 829.382 340.35 1.0
1004.41 828.905 340.35 1.0
1105.292 691.986 340.35 1.0
1105.637 691.484 340.35 1.0
1105.947 690.961 340.35 1.0
1187.686 541.806 340.35 1.0
1188.027 541.116 340.35 1.0
1188.234 540.606 340.35 1.0
1196.542 518.282 340.35 1.0
1242.51 402.79 340.35 1.0
1354.8 402.79 340.35 1.0
1336.642 460.245 340.35 1.0
1336.393 461.031 340.35 1.0
1329.176 481.212 340.35 1.0
1256.968 644.332 340.35 1.0
1164.654 796.613 340.35 1.0
1053.625 935.84 340.35 1.0
925.703 1059.725 340.35 1.0
782.989 1166.235 340.35 1.0
627.827 1253.621 340.35 1.0
462.764 1320.447 340.35 1.0
290.51 1365.618 340.35 1.0
113.895 1388.39 340.35 1.0
11.015 1388.39 340.35 1.0
11.015 1283.925 340.35 1.0
11.015 1283.925 360.35 0.0
11.032 1289.498 360.35 0.0
110.466 1289.498 360.35 1.0
111.112 1289.475 360.35 1.0
111.679 1289.417 360.35 1.0
281.37 1266.595 360.35 1.0
281.969 1266.494 360.35 1.0
282.561 1266.353 360.35 1.0
447.696 1221.118 360.35 1.0
448.277 1220.938 360.35 1.0
448.845 1220.719 360.35 1.0
606.477 1153.877 360.35 1.0
607.029 1153.621 360.35 1.0
607.563 1153.329 360.35 1.0
754.879 1066.073 360.35 1.0
755.392 1065.746 360.35 1.0
755.882 1065.385 360.35 1.0
890.254 959.272 360.35 1.0
890.719 958.88 360.35 1.0
891.156 958.456 360.35 1.0
1010.186 835.381 360.35 1.0
1010.594 834.93 360.35 1.0
1010.971 834.452 360.35 1.0
1112.534 696.609 360.35 1.0
1112.879 696.108 360.35 1.0
1113.189 695.584 360.35 1.0
1195.479 545.423 360.35 1.0
1195.82 544.733 360.35 1.0
1196.028 544.223 360.35 1.0
1215.501 491.895 360.35 1.0
1250.967 402.79 360.35 1.0
1363.259 402.79 360.35 1.0
1340.654 474.315 360.35 1.0
1340.312 475.397 360.35 1.0
1337.278 484.278 360.35 1.0
1264.652 648.341 360.35 1.0
1171.763 801.572 360.35 1.0
1060.041 941.667 360.35 1.0
931.321 1066.325 360.35 1.0
787.717 1173.499 360.35 1.0
631.587 1261.43 360.35 1.0
465.495 1328.673 360.35 1.0
292.167 1374.125 360.35 1.0
114.45 1397.039 360.35 1.0
11.032 1397.039 360.35 1.0
11.032 1292.498 360.35 1.0
11.032 1292.498 380.35 0.0
11.049 1298.07 380.35 0.0
111.039 1298.07 380.35 1.0
111.679 1298.048 380.35 1.0
112.253 1297.989 380.35 1.0
283.081 1275.015 380.35 1.0
283.68 1274.914 380.35 1.0
284.273 1274.773 380.35 1.0
450.515 1229.234 380.35 1.0
451.095 1229.054 380.35 1.0
451.664 1228.835 380.35 1.0
610.352 1161.546 380.35 1.0
610.904 1161.29 380.35 1.0
611.438 1160.997 380.35 1.0
759.742 1073.156 380.35 1.0
760.254 1072.829 380.35 1.0
760.745 1072.468 380.35 1.0
896.017 965.644 380.35 1.0
896.482 965.252 380.35 1.0
896.919 964.828 380.35 1.0
1016.747 840.928 380.35 1.0
1017.155 840.477 380.35 1.0
1017.532 839.999 380.35 1.0
1119.777 701.232 380.35 1.0
1120.121 700.731 380.35 1.0
1120.431 700.207 380.35 1.0
1203.273 549.04 380.35 1.0
1203.614 548.35 380.35 1.0
1203.821 547.84 380.35 1.0
1234.46 465.509 380.35 1.0
1259.423 402.79 380.35 1.0
1371.719 402.79 380.35 1.0
1368.929 411.618 380.35 1.0
1343.339 486.509 380.35 1.0
1270.379 651.328 380.35 1.0
1177.06 805.267 380.35 1.0
1064.822 946.009 380.35 1.0
935.508 1071.243 380.35 1.0
791.241 1178.912 380.35 1.0
634.39 1267.249 380.35 1.0
467.53 1334.803 380.35 1.0
293.402 1380.465 380.35 1.0
114.864 1403.485 380.35 1.0
11.049 1403.485 380.35 1.0
11.049 1301.07 380.35 1.0
11.049 1301.07 400.35 0.0
11.066 1306.431 400.35 0.0
111.599 1306.431 400.35 1.0
112.233 1306.409 400.35 1.0
112.813 1306.35 400.35 1.0
284.75 1283.226 400.35 1.0
285.349 1283.125 400.35 1.0
285.942 1282.984 400.35 1.0
453.263 1237.15 400.35 1.0
453.844 1236.97 400.35 1.0
454.412 1236.751 400.35 1.0
614.131 1169.024 400.35 1.0
614.683 1168.768 400.35 1.0
615.217 1168.476 400.35 1.0
764.484 1080.064 400.35 1.0
764.997 1079.737 400.35 1.0
765.487 1079.376 400.35 1.0
901.638 971.859 400.35 1.0
902.102 971.466 400.35 1.0
902.54 971.043 400.35 1.0
1023.146 846.337 400.35 1.0
1023.554 845.886 400.35 1.0
1023.931 845.409 400.35 1.0
1126.839 705.741 400.35 1.0
1127.183 705.239 400.35 1.0
1127.494 704.716 400.35 1.0
1210.865 552.582 400.35 1.0
1211.129 552.061 400.35 1.0
1211.36 551.523 400.35 1.0
1216.154 539.26 400.35 1.0
1253.419 439.122 400.35 1.0
1267.88 402.79 400.35 1.0
1378.772 402.79 400.35 1.0
1349.401 488.74 400.35 1.0
1276.106 654.316 400.35 1.0
1182.358 808.963 400.35 1.0
1069.604 950.352 400.35 1.0
939.695 1076.162 400.35 1.0
794.765 1184.326 400.35 1.0
637.193 1273.069 400.35 1.0
469.566 1340.933 400.35 1.0
294.637 1386.805 400.35 1.0
115.278 1409.931 400.35 1.0
11.066 1409.931 400.35 1.0
11.066 1309.431 400.35 1.0
11.066 1309.431 420.35 0.0
11.082 1313.407 420.35 0.0
112.066 1313.407 420.35 1.0
112.698 1313.385 420.35 1.0
113.28 1313.326 420.35 1.0
286.143 1290.078 420.35 1.0
286.742 1289.976 420.35 1.0
287.334 1289.835 420.35 1.0
455.557 1243.755 420.35 1.0
456.137 1243.574 420.35 1.0
456.706 1243.356 420.35 1.0
617.285 1175.264 420.35 1.0
617.836 1175.008 420.35 1.0
618.37 1174.716 420.35 1.0
768.441 1085.829 420.35 1.0
768.953 1085.502 420.35 1.0
769.444 1085.14 420.35 1.0
906.328 977.044 420.35 1.0
906.792 976.651 420.35 1.0
907.23 976.228 420.35 1.0
1028.485 850.851 420.35 1.0
1028.893 850.4 420.35 1.0
1029.27 849.923 420.35 1.0
1132.732 709.503 420.35 1.0
1133.077 709.001 420.35 1.0
1133.387 708.478 420.35 1.0
1217.207 555.525 420.35 1.0
1217.471 555.004 420.35 1.0
1217.702 554.466 420.35 1.0
1257.719 452.126 420.35 1.0
1272.377 412.736 420.35 1.0
1276.336 402.79 420.35 1.0
1385.25 402.79 420.35 1.0
1379.102 421.786 420.35 1.0
1355.463 490.971 420.35 1.0
1281.833 657.304 420.35 1.0
1187.656 812.658 420.35 1.0
1074.386 954.694 420.35 1.0
943.882 1081.08 420.35 1.0
798.289 1189.739 420.35 1.0
639.995 1278.888 420.35 1.0
471.601 1347.064 420.35 1.0
295.871 1393.145 420.35 1.0
115.692 1416.377 420.35 1.0
11.082 1416.377 420.35 1.0
11.082 1316.407 420.35 1.0
11.082 1316.407 440.35 0.0
11.099 1320.383 440.35 0.0
112.533 1320.383 440.35 1.0
113.162 1320.361 440.35 1.0
113.747 1320.302 440.35 1.0
287.535 1296.929 440.35 1.0
288.135 1296.828 440.35 1.0
288.727 1296.687 440.35 1.0
457.85 1250.359 440.35 1.0
458.431 1250.179 440.35 1.0
458.999 1249.96 440.35 1.0
620.438 1181.504 440.35 1.0
620.99 1181.249 440.35 1.0
621.523 1180.956 440.35 1.0
772.398 1091.593 440.35 1.0
772.91 1091.266 440.35 1.0
773.401 1090.905 440.35 1.0
911.018 982.229 440.35 1.0
911.482 981.837 440.35 1.0
911.92 981.413 440.35 1.0
1033.824 855.365 440.35 1.0
1034.232 854.914 440.35 1.0
1034.609 854.437 440.35 1.0
1138.626 713.265 440.35 1.0
1138.97 712.763 440.35 1.0
1139.28 712.24 440.35 1.0
1223.549 558.468 440.35 1.0
1223.841 557.888 440.35 1.0
1224.044 557.409 440.35 1.0
1276.038 424.442 440.35 1.0
1284.378 402.79 440.35 1.0
1391.697 402.79 440.35 1.0
1378.851 442.487 440.35 1.0
1361.525 493.202 440.35 1.0
1287.56 660.291 440.35 1.0
1192.954 816.354 440.35 1.0
1079.167 959.037 440.35 1.0
948.069 1085.998 440.35 1.0
801.812 1195.153 440.35 1.0
642.798 1284.708 440.35 1.0
473.636 1353.194 440.35 1.0
297.106 1399.486 440.35 1.0
116.106 1422.823 440.35 1.0
11.099 1422.823 440.35 1.0
11.099 1323.383 440.35 1.0
11.099 1323.383 460.35 0.0
1291.385 402.79 460.35 0.0
1398.144 402.79 460.35 1.0
1378.599 463.187 460.35 1.0
1367.587 495.432 460.35 1.0
1293.286 663.279 460.35 1.0
1198.251 820.049 460.35 1.0
1083.949 963.38 460.35 1.0
952.256 1090.917 460.35 1.0
805.336 1200.566 460.35 1.0
645.6 1290.528 460.35 1.0
475.672 1359.324 460.35 1.0
298.341 1405.826 460.35 1.0
116.52 1429.269 460.35 1.0
11.116 1429.269 460.35 1.0
11.116 1327.359 460.35 1.0
113.0 1327.359 460.35 1.0
113.626 1327.337 460.35 1.0
114.213 1327.278 460.35 1.0
288.928 1303.781 460.35 1.0
289.527 1303.68 460.35 1.0
290.12 1303.538 460.35 1.0
460.143 1256.964 460.35 1.0
460.724 1256.784 460.35 1.0
461.292 1256.565 460.35 1.0
623.591 1187.745 460.35 1.0
624.143 1187.489 460.35 1.0
624.677 1187.196 460.35 1.0
776.355 1097.357 460.35 1.0
776.867 1097.03 460.35 1.0
777.357 1096.669 460.35 1.0
915.708 987.415 460.35 1.0
916.172 987.022 460.35 1.0
916.61 986.599 460.35 1.0
1039.163 859.879 460.35 1.0
1039.571 859.428 460.35 1.0
1039.948 858.951 460.35 1.0
1144.519 717.027 460.35 1.0
1144.863 716.526 460.35 1.0
1145.173 716.002 460.35 1.0
1229.891 561.411 460.35 1.0
1230.183 560.831 460.35 1.0
1230.386 560.352 460.35 1.0
1251.351 506.736 460.35 1.0
1290.307 405.589 460.35 1.0
1290.307 405.589 480.35 0.0
1298.03 402.79 480.35 0.0
1404.592 402.79 480.35 1.0
1382.709 470.409 480.35 1.0
1378.192 484.369 480.35 1.0
1373.649 497.663 480.35 1.0
1299.013 666.267 480.35 1.0
1203.549 823.745 480.35 1.0
1088.731 967.722 480.35 1.0
956.444 1095.835 480.35 1.0
808.86 1205.98 480.35 1.0
648.403 1296.347 480.35 1.0
477.707 1365.454 480.35 1.0
299.576 1412.166 480.35 1.0
116.933 1435.715 480.35 1.0
11.133 1435.715 480.35 1.0
11.133 1333.849 480.35 1.0
113.434 1333.849 480.35 1.0
114.059 1333.827 480.35 1.0
114.648 1333.768 480.35 1.0
290.224 1310.155 480.35 1.0
290.823 1310.054 480.35 1.0
291.415 1309.913 480.35 1.0
462.277 1263.109 480.35 1.0
462.858 1262.929 480.35 1.0
463.426 1262.71 480.35 1.0
626.525 1193.55 480.35 1.0
627.076 1193.294 480.35 1.0
627.61 1193.001 480.35 1.0
780.036 1102.72 480.35 1.0
780.548 1102.392 480.35 1.0
781.039 1102.031 480.35 1.0
920.071 992.239 480.35 1.0
920.535 991.846 480.35 1.0
920.973 991.423 480.35 1.0
1044.13 864.079 480.35 1.0
1044.538 863.628 480.35 1.0
1044.916 863.15 480.35 1.0
1150.001 720.527 480.35 1.0
1150.345 720.025 480.35 1.0
1150.656 719.502 480.35 1.0
1235.794 564.145 480.35 1.0
1236.068 563.602 480.35 1.0
1236.306 563.042 480.35 1.0
1296.951 405.589 480.35 1.0
1296.951 405.589 500.35 0.0
1303.908 402.79 500.35 0.0
1410.403 402.79 500.35 1.0
1388.652 470.364 500.35 1.0
1380.847 494.61 500.35 1.0
1379.138 499.723 500.35 1.0
1304.213 668.98 500.35 1.0
1208.36 827.1 500.35 1.0
1093.073 971.666 500.35 1.0
960.246 1100.301 500.35 1.0
812.06 1210.895 500.35 1.0
650.948 1301.632 500.35 1.0
479.555 1371.021 500.35 1.0
300.697 1417.923 500.35 1.0
117.309 1441.568 500.35 1.0
11.15 1441.568 500.35 1.0
11.15 1339.338 500.35 1.0
113.802 1339.338 500.35 1.0
114.426 1339.317 500.35 1.0
115.015 1339.257 500.35 1.0
291.319 1315.546 500.35 1.0
291.919 1315.445 500.35 1.0
292.511 1315.304 500.35 1.0
464.082 1268.306 500.35 1.0
464.662 1268.126 500.35 1.0
465.231 1267.907 500.35 1.0
629.006 1198.46 500.35 1.0
629.558 1198.204 500.35 1.0
630.092 1197.912 500.35 1.0
783.15 1107.255 500.35 1.0
783.662 1106.928 500.35 1.0
784.152 1106.567 500.35 1.0
923.761 996.319 500.35 1.0
924.226 995.926 500.35 1.0
924.663 995.503 500.35 1.0
1048.332 867.631 500.35 1.0
1048.74 867.18 500.35 1.0
1049.117 866.702 500.35 1.0
1154.638 723.487 500.35 1.0
1154.983 722.986 500.35 1.0
1155.293 722.462 500.35 1.0
1240.784 566.46 500.35 1.0
1241.059 565.918 500.35 1.0
1241.296 565.357 500.35 1.0
1302.829 405.589 500.35 1.0
1302.829 405.589 520.35 0.0
1309.79 402.79 520.35 0.0
1415.016 402.79 520.35 1.0
1393.524 469.558 520.35 1.0
1392.159 473.8 520.35 1.0
1383.016 501.151 520.35 1.0
1307.877 670.891 520.35 1.0
1211.749 829.465 520.35 1.0
1096.132 974.444 520.35 1.0
962.924 1103.448 520.35 1.0
814.314 1214.359 520.35 1.0
652.741 1305.355 520.35 1.0
480.858 1374.943 520.35 1.0
301.487 1421.98 520.35 1.0
117.574 1445.692 520.35 1.0
11.167 1445.692 520.35 1.0
11.167 1344.827 520.35 1.0
114.169 1344.827 520.35 1.0
114.79 1344.806 520.35 1.0
115.383 1344.746 520.35 1.0
292.415 1320.938 520.35 1.0
293.015 1320.837 520.35 1.0
293.607 1320.695 520.35 1.0
465.886 1273.503 520.35 1.0
466.467 1273.323 520.35 1.0
467.035 1273.104 520.35 1.0
631.488 1203.37 520.35 1.0
632.039 1203.115 520.35 1.0
632.573 1202.822 520.35 1.0
786.263 1111.791 520.35 1.0
786.776 1111.464 520.35 1.0
787.266 1111.103 520.35 1.0
927.452 1000.399 520.35 1.0
927.916 1000.007 520.35 1.0
928.354 999.583 520.35 1.0
1052.533 871.183 520.35 1.0
1052.941 870.732 520.35 1.0
1053.318 870.254 520.35 1.0
1159.276 726.448 520.35 1.0
1159.62 725.946 520.35 1.0
1159.93 725.422 520.35 1.0
1245.775 568.776 520.35 1.0
1246.049 568.233 520.35 1.0
1246.287 567.673 520.35 1.0
1308.712 405.589 520.35 1.0
1308.712 405.589 540.35 0.0
11.184 1350.317 540.35 0.0
114.554 1350.317 540.35 1.0
115.153 1350.296 540.35 1.0
115.75 1350.236 540.35 1.0
293.511 1326.329 540.35 1.0
294.111 1326.228 540.35 1.0
294.703 1326.087 540.35 1.0
467.691 1278.7 540.35 1.0
468.272 1278.52 540.35 1.0
468.84 1278.301 540.35 1.0
633.969 1208.281 540.35 1.0
634.52 1208.025 540.35 1.0
635.054 1207.732 540.35 1.0
789.377 1116.327 540.35 1.0
789.889 1116.0 540.35 1.0
790.38 1115.639 540.35 1.0
931.142 1004.48 540.35 1.0
931.606 1004.087 540.35 1.0
932.044 1003.664 540.35 1.0
1056.734 874.735 540.35 1.0
1057.142 874.284 540.35 1.0
1057.52 873.806 540.35 1.0
1163.913 729.408 540.35 1.0
1164.257 728.906 540.35 1.0
1164.567 728.383 540.35 1.0
1250.765 571.092 540.35 1.0
1251.039 570.549 540.35 1.0
1251.277 569.989 540.35 1.0
1315.673 402.79 540.35 1.0
1419.629 402.79 540.35 1.0
1403.536 452.786 540.35 1.0
1386.895 502.578 540.35 1.0
1311.541 672.802 540.35 1.0
1215.138 831.829 540.35 1.0
1099.191 977.222 540.35 1.0
965.603 1106.595 540.35 1.0
816.568 1217.822 540.35 1.0
654.534 1309.078 540.35 1.0
482.16 1378.865 540.35 1.0
302.277 1426.036 540.35 1.0
117.839 1449.816 540.35 1.0
11.184 1449.816 540.35 1.0
11.184 1353.317 540.35 1.0
11.184 1353.317 560.35 0.0
11.201 1355.323 560.35 0.0
114.882 1355.323 560.35 1.0
115.485 1355.303 560.35 1.0
116.086 1355.242 560.35 1.0
294.511 1331.246 560.35 1.0
295.11 1331.145 560.35 1.0
295.702 1331.004 560.35 1.0
469.337 1283.44 560.35 1.0
469.918 1283.26 560.35 1.0
470.486 1283.041 560.35 1.0
636.232 1212.759 560.35 1.0
636.783 1212.503 560.35 1.0
637.317 1212.211 560.35 1.0
792.217 1120.464 560.35 1.0
792.729 1120.137 560.35 1.0
793.219 1119.775 560.35 1.0
934.508 1008.201 560.35 1.0
934.972 1007.808 560.35 1.0
935.41 1007.385 560.35 1.0
1060.566 877.974 560.35 1.0
1060.974 877.523 560.35 1.0
1061.351 877.046 560.35 1.0
1168.142 732.108 560.35 1.0
1168.487 731.606 560.35 1.0
1168.797 731.083 560.35 1.0
1255.317 573.204 560.35 1.0
1255.591 572.661 560.35 1.0
1255.828 572.101 560.35 1.0
1320.512 404.156 560.35 1.0
1320.739 403.49 560.35 1.0
1320.948 402.79 560.35 1.0
1424.243 402.79 560.35 1.0
1414.821 432.061 560.35 1.0
1390.773 504.005 560.35 1.0
1315.205 674.714 560.35 1.0
1218.528 834.193 560.35 1.0
1102.25 980.0 560.35 1.0
968.282 1109.741 560.35 1.0
818.823 1221.286 560.35 1.0
656.327 1312.802 560.35 1.0
483.462 1382.787 560.35 1.0
303.067 1430.092 560.35 1.0
118.104 1453.94 560.35 1.0
11.201 1453.94 560.35 1.0
11.201 1358.323 560.35 1.0
11.218 1359.409 580.35 0.0
115.154 1359.408 580.35 1.0
115.757 1359.388 580.35 1.0
116.359 1359.327 580.35 1.0
295.326 1335.259 580.35 1.0
295.926 1335.158 580.35 1.0
296.518 1335.016 580.35 1.0
470.68 1287.308 580.35 1.0
471.261 1287.128 580.35 1.0
471.829 1286.909 580.35 1.0
638.078 1216.414 580.35 1.0
638.63 1216.158 580.35 1.0
639.164 1215.865 580.35 1.0
794.534 1123.839 580.35 1.0
795.046 1123.512 580.35 1.0
795.536 1123.151 580.35 1.0
937.254 1011.238 580.35 1.0
937.719 1010.845 580.35 1.0
938.156 1010.422 580.35 1.0
1063.693 880.618 580.35 1.0
1064.101 880.167 580.35 1.0
1064.478 879.689 580.35 1.0
1171.594 734.311 580.35 1.0
1171.938 733.81 580.35 1.0
1172.248 733.286 580.35 1.0
1259.031 574.928 580.35 1.0
1259.305 574.385 580.35 1.0
1259.543 573.824 580.35 1.0
1324.422 405.369 580.35 1.0
1324.649 404.703 580.35 1.0
1325.221 402.79 580.35 1.0
1428.856 402.79 580.35 1.0
1426.105 411.335 580.35 1.0
1394.651 505.432 580.35 1.0
1318.869 676.625 580.35 1.0
1221.917 836.557 580.35 1.0
1105.31 982.779 580.35 1.0
970.961 1112.888 580.35 1.0
821.077 1224.749 580.35 1.0
658.12 1316.525 580.35 1.0
484.764 1386.709 580.35 1.0
303.857 1434.148 580.35 1.0
118.368 1458.064 580.35 1.0
11.217 1458.064 580.35 1.0
11.218 1362.409 580.35 1.0
11.234 1363.494 600.35 0.0
115.426 1363.494 600.35 1.0
116.03 1363.473 600.35 1.0
116.632 1363.413 600.35 1.0
296.142 1339.271 600.35 1.0
296.741 1339.17 600.35 1.0
297.333 1339.029 600.35 1.0
472.023 1291.176 600.35 1.0
472.604 1290.996 600.35 1.0
473.172 1290.777 600.35 1.0
639.925 1220.068 600.35 1.0
640.477 1219.812 600.35 1.0
641.011 1219.519 600.35 1.0
796.851 1127.215 600.35 1.0
797.364 1126.888 600.35 1.0
797.854 1126.527 600.35 1.0
940.001 1014.274 600.35 1.0
940.465 1013.882 600.35 1.0
940.903 1013.458 600.35 1.0
1066.82 883.261 600.35 1.0
1067.228 882.81 600.35 1.0
1067.605 882.333 600.35 1.0
1175.045 736.514 600.35 1.0
1175.389 736.013 600.35 1.0
1175.699 735.489 600.35 1.0
1262.745 576.651 600.35 1.0
1263.019 576.108 600.35 1.0
1263.257 575.548 600.35 1.0
1328.333 406.582 600.35 1.0
1328.56 405.916 600.35 1.0
1329.494 402.79 600.35 1.0
1433.317 402.79 600.35 1.0
1411.354 468.494 600.35 1.0
1398.529 506.86 600.35 1.0
1322.533 678.537 600.35 1.0
1225.306 838.922 600.35 1.0
1108.369 985.557 600.35 1.0
973.64 1116.035 600.35 1.0
823.332 1228.212 600.35 1.0
659.913 1320.248 600.35 1.0
486.066 1390.631 600.35 1.0
304.647 1438.205 600.35 1.0
118.633 1462.188 600.35 1.0
11.234 1462.188 600.35 1.0
11.234 1366.494 600.35 1.0
11.234 1366.494 620.35 0.0
1333.767 402.79 620.35 0.0
1437.088 402.79 620.35 1.0
1424.432 442.39 620.35 1.0
1402.407 508.287 620.35 1.0
1326.196 680.448 620.35 1.0
1228.696 841.286 620.35 1.0
1111.428 988.335 620.35 1.0
976.318 1119.181 620.35 1.0
825.586 1231.676 620.35 1.0
661.706 1323.971 620.35 1.0
487.368 1394.553 620.35 1.0
305.437 1442.261 620.35 1.0
118.898 1466.312 620.35 1.0
11.251 1466.312 620.35 1.0
11.251 1367.579 620.35 1.0
115.698 1367.579 620.35 1.0
116.303 1367.559 620.35 1.0
116.906 1367.498 620.35 1.0
296.957 1343.283 620.35 1.0
297.557 1343.182 620.35 1.0
298.149 1343.041 620.35 1.0
473.366 1295.044 620.35 1.0
473.947 1294.864 620.35 1.0
474.515 1294.645 620.35 1.0
641.772 1223.722 620.35 1.0
642.323 1223.466 620.35 1.0
642.857 1223.174 620.35 1.0
799.168 1130.591 620.35 1.0
799.681 1130.263 620.35 1.0
800.171 1129.902 620.35 1.0
942.747 1017.311 620.35 1.0
943.212 1016.918 620.35 1.0
943.649 1016.495 620.35 1.0
1069.947 885.905 620.35 1.0
1070.354 885.454 620.35 1.0
1070.732 884.976 620.35 1.0
1178.496 738.717 620.35 1.0
1178.84 738.216 620.35 1.0
1179.15 737.692 620.35 1.0
1266.459 578.375 620.35 1.0
1266.733 577.832 620.35 1.0
1266.971 577.271 620.35 1.0
1332.243 407.795 620.35 1.0
1332.471 407.129 620.35 1.0
1332.908 405.664 620.35 1.0
1332.908 405.664 640.35 0.0
11.268 1371.384 640.35 0.0
115.953 1371.384 640.35 1.0
116.557 1371.363 640.35 1.0
117.161 1371.302 640.35 1.0
297.717 1347.02 640.35 1.0
298.316 1346.919 640.35 1.0
298.909 1346.778 640.35 1.0
474.617 1298.646 640.35 1.0
475.198 1298.466 640.35 1.0
475.766 1298.247 640.35 1.0
643.491 1227.125 640.35 1.0
644.043 1226.87 640.35 1.0
644.577 1226.577 640.35 1.0
801.326 1133.734 640.35 1.0
801.839 1133.407 640.35 1.0
802.329 1133.046 640.35 1.0
945.305 1020.139 640.35 1.0
945.769 1019.746 640.35 1.0
946.207 1019.323 640.35 1.0
1072.858 888.367 640.35 1.0
1073.266 887.916 640.35 1.0
1073.644 887.438 640.35 1.0
1181.71 740.769 640.35 1.0
1182.054 740.267 640.35 1.0
1182.364 739.744 640.35 1.0
1269.917 579.98 640.35 1.0
1270.192 579.437 640.35 1.0
1270.429 578.876 640.35 1.0
1335.904 408.875 640.35 1.0
1336.144 408.168 640.35 1.0
1336.367 407.298 640.35 1.0
1337.772 402.79 640.35 1.0
1440.53 402.79 640.35 1.0
1419.791 467.686 640.35 1.0
1407.975 504.659 640.35 1.0
1406.285 509.714 640.35 1.0
1329.86 682.36 640.35 1.0
1232.085 843.65 640.35 1.0
1114.487 991.113 640.35 1.0
978.997 1122.328 640.35 1.0
827.841 1235.139 640.35 1.0
663.499 1327.694 640.35 1.0
488.671 1398.475 640.35 1.0
306.227 1446.317 640.35 1.0
119.163 1470.436 640.35 1.0
11.268 1470.436 640.35 1.0
11.268 1374.384 640.35 1.0
11.285 1374.124 660.35 0.0
116.132 1374.124 660.35 1.0
116.739 1374.103 660.35 1.0
117.344 1374.043 660.35 1.0
298.264 1349.711 660.35 1.0
298.863 1349.61 660.35 1.0
299.456 1349.469 660.35 1.0
475.518 1301.24 660.35 1.0
476.099 1301.06 660.35 1.0
476.667 1300.842 660.35 1.0
644.73 1229.577 660.35 1.0
645.281 1229.321 660.35 1.0
645.815 1229.028 660.35 1.0
802.88 1135.998 660.35 1.0
803.393 1135.671 660.35 1.0
803.883 1135.31 660.35 1.0
947.147 1022.176 660.35 1.0
947.611 1021.783 660.35 1.0
948.049 1021.36 660.35 1.0
1074.956 890.14 660.35 1.0
1075.363 889.689 660.35 1.0
1075.741 889.211 660.35 1.0
1184.025 742.247 660.35 1.0
1184.369 741.745 660.35 1.0
1184.679 741.222 660.35 1.0
1272.409 581.136 660.35 1.0
1272.683 580.593 660.35 1.0
1272.92 580.032 660.35 1.0
1338.527 409.689 660.35 1.0
1338.651 409.348 660.35 1.0
1338.872 408.589 660.35 1.0
1339.791 404.852 660.35 1.0
1340.434 402.79 660.35 1.0
1442.713 402.79 660.35 1.0
1442.66 402.944 660.35 1.0
1408.277 510.526 660.35 1.0
1331.77 683.356 660.35 1.0
1233.852 844.883 660.35 1.0
1116.082 992.562 660.35 1.0
980.394 1123.968 660.35 1.0
829.016 1236.944 660.35 1.0
664.433 1329.635 660.35 1.0
489.349 1400.519 660.35 1.0
306.639 1448.431 660.35 1.0
119.301 1472.586 660.35 1.0
11.285 1472.586 660.35 1.0
11.285 1377.124 660.35 1.0
11.302 1376.864 680.35 0.0
116.314 1376.864 680.35 1.0
116.921 1376.844 680.35 1.0
117.527 1376.783 680.35 1.0
298.811 1352.402 680.35 1.0
299.41 1352.301 680.35 1.0
300.003 1352.16 680.35 1.0
476.419 1303.835 680.35 1.0
476.999 1303.655 680.35 1.0
477.568 1303.436 680.35 1.0
645.969 1232.028 680.35 1.0
646.52 1231.772 680.35 1.0
647.054 1231.479 680.35 1.0
804.435 1138.263 680.35 1.0
804.947 1137.935 680.35 1.0
805.437 1137.574 680.35 1.0
948.989 1024.212 680.35 1.0
949.504 1023.774 680.35 1.0
949.891 1023.397 680.35 1.0
1077.053 891.913 680.35 1.0
1077.504 891.41 680.35 1.0
1077.838 890.984 680.35 1.0
1186.34 743.724 680.35 1.0
1186.72 743.166 680.35 1.0
1186.994 742.699 680.35 1.0
1274.9 582.292 680.35 1.0
1275.202 581.687 680.35 1.0
1275.412 581.189 680.35 1.0
1341.15 410.503 680.35 1.0
1341.274 410.162 680.35 1.0
1341.495 409.403 680.35 1.0
1343.121 402.79 680.35 1.0
1445.218 402.79 680.35 1.0
1439.402 419.543 680.35 1.0
1410.108 511.2 680.35 1.0
1333.5 684.259 680.35 1.0
1235.452 845.999 680.35 1.0
1117.526 993.874 680.35 1.0
981.659 1125.454 680.35 1.0
830.08 1238.58 680.35 1.0
665.28 1331.394 680.35 1.0
489.964 1402.371 680.35 1.0
307.012 1450.347 680.35 1.0
119.426 1474.534 680.35 1.0
11.302 1474.534 680.35 1.0
11.302 1379.864 680.35 1.0
11.319 1379.604 700.35 0.0
116.497 1379.604 700.35 1.0
117.105 1379.584 700.35 1.0
117.711 1379.523 700.35 1.0
299.358 1355.094 700.35 1.0
299.957 1354.993 700.35 1.0
300.55 1354.852 700.35 1.0
477.32 1306.429 700.35 1.0
477.9 1306.249 700.35 1.0
478.468 1306.03 700.35 1.0
647.207 1234.479 700.35 1.0
647.819 1234.192 700.35 1.0
648.293 1233.93 700.35 1.0
805.989 1140.527 700.35 1.0
806.557 1140.161 700.35 1.0
806.992 1139.838 700.35 1.0
950.831 1026.249 700.35 1.0
951.346 1025.811 700.35 1.0
951.733 1025.433 700.35 1.0
1079.15 893.686 700.35 1.0
1079.601 893.183 700.35 1.0
1079.935 892.757 700.35 1.0
1188.654 745.202 700.35 1.0
1189.035 744.644 700.35 1.0
1189.309 744.177 700.35 1.0
1277.391 583.448 700.35 1.0
1277.693 582.843 700.35 1.0
1277.903 582.345 700.35 1.0
1343.773 411.316 700.35 1.0
1343.897 410.975 700.35 1.0
1344.118 410.217 700.35 1.0
1345.944 402.79 700.35 1.0
1447.724 402.79 700.35 1.0
1436.144 436.143 700.35 1.0
1411.94 511.875 700.35 1.0
1335.231 685.161 700.35 1.0
1237.053 847.116 700.35 1.0
1118.971 995.186 700.35 1.0
982.924 1126.94 700.35 1.0
831.145 1240.216 700.35 1.0
666.127 1333.152 700.35 1.0
490.579 1404.223 700.35 1.0
307.385 1452.263 700.35 1.0
119.551 1476.481 700.35 1.0
11.319 1476.481 700.35 1.0
11.319 1382.604 700.35 1.0
11.319 1382.604 720.35 0.0
1348.767 402.79 720.35 0.0
1450.229 402.79 720.35 1.0
1432.887 452.742 720.35 1.0
1413.771 512.549 720.35 1.0
1336.961 686.064 720.35 1.0
1238.654 848.232 720.35 1.0
1120.416 996.498 720.35 1.0
984.189 1128.426 720.35 1.0
832.21 1241.851 720.35 1.0
666.974 1334.91 720.35 1.0
491.194 1406.076 720.35 1.0
307.758 1454.179 720.35 1.0
119.676 1478.429 720.35 1.0
11.336 1478.429 720.35 1.0
11.336 1382.344 720.35 1.0
116.681 1382.344 720.35 1.0
117.288 1382.324 720.35 1.0
117.894 1382.263 720.35 1.0
300.038 1357.766 720.35 1.0
300.57 1357.67 720.35 1.0
301.097 1357.543 720.35 1.0
478.35 1308.987 720.35 1.0
478.865 1308.821 720.35 1.0
479.369 1308.625 720.35 1.0
648.446 1236.93 720.35 1.0
649.058 1236.643 720.35 1.0
649.531 1236.381 720.35 1.0
807.543 1142.791 720.35 1.0
808.111 1142.425 720.35 1.0
808.546 1142.103 720.35 1.0
952.674 1028.286 720.35 1.0
953.188 1027.848 720.35 1.0
953.576 1027.47 720.35 1.0
1081.247 895.459 720.35 1.0
1081.699 894.956 720.35 1.0
1082.032 894.53 720.35 1.0
1190.969 746.68 720.35 1.0
1191.35 746.121 720.35 1.0
1191.624 745.655 720.35 1.0
1279.882 584.604 720.35 1.0
1280.185 583.999 720.35 1.0
1280.394 583.501 720.35 1.0
1346.396 412.13 720.35 1.0
1346.52 411.789 720.35 1.0
1346.741 411.03 720.35 1.0
1348.051 405.703 720.35 1.0
1348.051 405.703 740.35 0.0
1350.942 402.79 740.35 0.0
1452.457 402.79 740.35 1.0
1450.289 409.821 740.35 1.0
1429.629 469.341 740.35 1.0
1415.603 513.223 740.35 1.0
1338.692 686.967 740.35 1.0
1240.254 849.349 740.35 1.0
1121.861 997.81 740.35 1.0
985.454 1129.912 740.35 1.0
833.274 1243.487 740.35 1.0
667.821 1336.669 740.35 1.0
491.809 1407.928 740.35 1.0
308.131 1456.094 740.35 1.0
119.801 1480.377 740.35 1.0
11.353 1480.377 740.35 1.0
11.353 1383.839 740.35 1.0
116.781 1383.839 740.35 1.0
117.388 1383.819 740.35 1.0
117.994 1383.758 740.35 1.0
300.203 1359.253 740.35 1.0
300.803 1359.152 740.35 1.0
301.395 1359.011 740.35 1.0
478.842 1310.402 740.35 1.0
479.356 1310.236 740.35 1.0
479.861 1310.04 740.35 1.0
649.121 1238.267 740.35 1.0
649.733 1237.98 740.35 1.0
650.207 1237.718 740.35 1.0
808.391 1144.026 740.35 1.0
808.959 1143.66 740.35 1.0
809.394 1143.338 740.35 1.0
953.678 1029.397 740.35 1.0
954.193 1028.959 740.35 1.0
954.58 1028.581 740.35 1.0
1082.391 896.426 740.35 1.0
1082.842 895.923 740.35 1.0
1083.176 895.497 740.35 1.0
1192.232 747.486 740.35 1.0
1192.612 746.927 740.35 1.0
1192.886 746.461 740.35 1.0
1281.241 585.234 740.35 1.0
1281.543 584.63 740.35 1.0
1281.753 584.131 740.35 1.0
1347.857 412.496 740.35 1.0
1347.971 412.183 740.35 1.0
1348.178 411.493 740.35 1.0
1348.343 410.708 740.35 1.0
1348.648 408.867 740.35 1.0
1349.882 405.596 740.35 1.0
1349.882 405.596 760.35 0.0
1351.867 402.79 760.35 0.0
1453.485 402.79 760.35 1.0
1439.73 447.397 760.35 1.0
1439.552 447.974 760.35 1.0
1426.372 485.94 760.35 1.0
1417.435 513.897 760.35 1.0
1340.422 687.869 760.35 1.0
1241.855 850.465 760.35 1.0
1123.306 999.122 760.35 1.0
986.719 1131.399 760.35 1.0
834.339 1245.123 760.35 1.0
668.667 1338.427 760.35 1.0
492.424 1409.78 760.35 1.0
308.504 1458.01 760.35 1.0
119.926 1482.324 760.35 1.0
11.369 1482.324 760.35 1.0
11.369 1385.271 760.35 1.0
116.877 1385.271 760.35 1.0
117.484 1385.251 760.35 1.0
118.09 1385.19 760.35 1.0
300.489 1360.66 760.35 1.0
301.089 1360.559 760.35 1.0
301.681 1360.418 760.35 1.0
479.183 1311.795 760.35 1.0
479.763 1311.615 760.35 1.0
480.332 1311.396 760.35 1.0
649.769 1239.548 760.35 1.0
650.381 1239.262 760.35 1.0
650.854 1239.0 760.35 1.0
809.204 1145.21 760.35 1.0
809.772 1144.844 760.35 1.0
810.206 1144.521 760.35 1.0
954.642 1030.462 760.35 1.0
955.156 1030.024 760.35 1.0
955.543 1029.646 760.35 1.0
1083.487 897.353 760.35 1.0
1083.939 896.85 760.35 1.0
1084.272 896.424 760.35 1.0
1193.442 748.258 760.35 1.0
1193.822 747.7 760.35 1.0
1194.096 747.233 760.35 1.0
1282.543 585.839 760.35 1.0
1282.846 585.234 760.35 1.0
1283.055 584.735 760.35 1.0
1349.228 412.921 760.35 1.0
1349.414 412.388 760.35 1.0
1349.58 411.794 760.35 1.0
1349.715 411.133 760.35 1.0
1350.491 406.433 760.35 1.0
1350.807 405.596 760.35 1.0
1350.807 405.596 780.35 0.0
1352.791 402.79 780.35 0.0
1454.513 402.79 780.35 1.0
1434.986 466.117 780.35 1.0
1428.843 486.036 780.35 1.0
1423.114 502.539 780.35 1.0
1419.266 514.571 780.35 1.0
1342.152 688.772 780.35 1.0
1243.456 851.582 780.35 1.0
1124.75 1000.434 780.35 1.0
987.984 1132.885 780.35 1.0
835.404 1246.758 780.35 1.0
669.514 1340.186 780.35 1.0
493.039 1411.632 780.35 1.0
308.877 1459.926 780.35 1.0
120.051 1484.272 780.35 1.0
11.386 1484.272 780.35 1.0
11.386 1386.704 780.35 1.0
116.973 1386.704 780.35 1.0
117.58 1386.684 780.35 1.0
118.186 1386.623 780.35 1.0
300.775 1362.067 780.35 1.0
301.375 1361.966 780.35 1.0
301.967 1361.825 780.35 1.0
479.654 1313.151 780.35 1.0
480.234 1312.971 780.35 1.0
480.803 1312.752 780.35 1.0
650.417 1240.83 780.35 1.0
650.968 1240.574 780.35 1.0
651.502 1240.281 780.35 1.0
810.016 1146.393 780.35 1.0
810.529 1146.066 780.35 1.0
811.019 1145.705 780.35 1.0
955.605 1031.527 780.35 1.0
956.119 1031.088 780.35 1.0
956.507 1030.711 780.35 1.0
1084.584 898.28 780.35 1.0
1085.035 897.777 780.35 1.0
1085.369 897.351 780.35 1.0
1194.652 749.031 780.35 1.0
1195.033 748.472 780.35 1.0
1195.307 748.006 780.35 1.0
1283.845 586.443 780.35 1.0
1284.148 585.839 780.35 1.0
1284.357 585.34 780.35 1.0
1350.599 413.346 780.35 1.0
1350.786 412.814 780.35 1.0
1350.951 412.22 780.35 1.0
1351.086 411.558 780.35 1.0
1352.056 405.684 780.35 1.0
1352.056 405.684 800.35 0.0
1353.976 402.79 800.35 0.0
1455.537 402.79 800.35 1.0
1436.093 465.794 800.35 1.0
1420.841 515.214 800.35 1.0
1343.663 689.56 800.35 1.0
1244.853 852.557 800.35 1.0
1126.012 1001.58 800.35 1.0
989.089 1134.182 800.35 1.0
836.333 1248.187 800.35 1.0
670.254 1341.721 800.35 1.0
493.576 1413.25 800.35 1.0
309.203 1461.598 800.35 1.0
120.16 1485.972 800.35 1.0
11.403 1485.972 800.35 1.0
11.403 1388.136 800.35 1.0
117.069 1388.136 800.35 1.0
117.676 1388.116 800.35 1.0
118.282 1388.055 800.35 1.0
301.061 1363.474 800.35 1.0
301.66 1363.373 800.35 1.0
302.253 1363.231 800.35 1.0
480.125 1314.507 800.35 1.0
480.705 1314.327 800.35 1.0
481.274 1314.108 800.35 1.0
651.064 1242.111 800.35 1.0
651.616 1241.855 800.35 1.0
652.149 1241.563 800.35 1.0
810.829 1147.577 800.35 1.0
811.341 1147.25 800.35 1.0
811.831 1146.888 800.35 1.0
956.568 1032.591 800.35 1.0
957.032 1032.199 800.35 1.0
957.47 1031.776 800.35 1.0
1085.68 899.207 800.35 1.0
1086.131 898.704 800.35 1.0
1086.465 898.278 800.35 1.0
1195.862 749.803 800.35 1.0
1196.243 749.245 800.35 1.0
1196.517 748.778 800.35 1.0
1285.148 587.047 800.35 1.0
1285.45 586.443 800.35 1.0
1285.66 585.944 800.35 1.0
1351.97 413.772 800.35 1.0
1352.157 413.239 800.35 1.0
1352.322 412.645 800.35 1.0
1352.457 411.984 800.35 1.0
1353.487 405.75 800.35 1.0
1353.487 405.75 820.35 0.0
11.42 1388.779 820.35 0.0
117.112 1388.779 820.35 1.0
117.719 1388.759 820.35 1.0
118.325 1388.698 820.35 1.0
301.189 1364.105 820.35 1.0
301.789 1364.004 820.35 1.0
302.381 1363.863 820.35 1.0
480.336 1315.116 820.35 1.0
480.917 1314.936 820.35 1.0
481.485 1314.717 820.35 1.0
651.355 1242.686 820.35 1.0
651.966 1242.399 820.35 1.0
652.44 1242.138 820.35 1.0
811.193 1148.108 820.35 1.0
811.761 1147.742 820.35 1.0
812.196 1147.42 820.35 1.0
957.0 1033.069 820.35 1.0
957.514 1032.631 820.35 1.0
957.902 1032.253 820.35 1.0
1086.172 899.623 820.35 1.0
1086.623 899.12 820.35 1.0
1086.957 898.694 820.35 1.0
1196.405 750.15 820.35 1.0
1196.786 749.592 820.35 1.0
1197.06 749.125 820.35 1.0
1285.732 587.318 820.35 1.0
1286.035 586.714 820.35 1.0
1286.244 586.215 820.35 1.0
1352.522 414.129 820.35 1.0
1354.255 409.068 820.35 1.0
1354.518 408.14 820.35 1.0
1354.621 407.614 820.35 1.0
1355.418 402.79 820.35 1.0
1456.563 402.79 820.35 1.0
1437.044 466.008 820.35 1.0
1436.846 466.649 820.35 1.0
1420.772 515.057 820.35 1.0
1343.551 689.502 820.35 1.0
1244.749 852.484 820.35 1.0
1125.918 1001.495 820.35 1.0
989.007 1134.086 820.35 1.0
836.264 1248.08 820.35 1.0
670.199 1341.607 820.35 1.0
493.536 1413.129 820.35 1.0
309.178 1461.474 820.35 1.0
120.152 1485.846 820.35 1.0
11.42 1485.846 820.35 1.0
11.42 1391.779 820.35 1.0
11.42 1391.779 840.35 0.0
11.437 1388.922 840.35 0.0
117.121 1388.922 840.35 1.0
117.729 1388.901 840.35 1.0
118.335 1388.84 840.35 1.0
301.218 1364.245 840.35 1.0
301.817 1364.144 840.35 1.0
302.41 1364.003 840.35 1.0
480.513 1315.214 840.35 1.0
481.027 1315.048 840.35 1.0
481.532 1314.852 840.35 1.0
651.419 1242.813 840.35 1.0
652.031 1242.527 840.35 1.0
652.504 1242.265 840.35 1.0
811.274 1148.226 840.35 1.0
811.842 1147.86 840.35 1.0
812.277 1147.537 840.35 1.0
957.095 1033.175 840.35 1.0
957.61 1032.737 840.35 1.0
957.997 1032.359 840.35 1.0
1086.281 899.715 840.35 1.0
1086.732 899.212 840.35 1.0
1087.066 898.786 840.35 1.0
1196.526 750.227 840.35 1.0
1196.906 749.668 840.35 1.0
1197.18 749.202 840.35 1.0
1285.862 587.379 840.35 1.0
1286.164 586.774 840.35 1.0
1286.373 586.275 840.35 1.0
1352.658 414.171 840.35 1.0
1356.547 402.79 840.35 1.0
1457.591 402.79 840.35 1.0
1455.289 410.245 840.35 1.0
1420.519 514.964 840.35 1.0
1343.312 689.377 840.35 1.0
1244.528 852.33 840.35 1.0
1125.718 1001.313 840.35 1.0
988.832 1133.88 840.35 1.0
836.117 1247.854 840.35 1.0
670.082 1341.364 840.35 1.0
493.451 1412.874 840.35 1.0
309.127 1461.209 840.35 1.0
120.135 1485.577 840.35 1.0
11.437 1485.577 840.35 1.0
11.437 1391.922 840.35 1.0
11.437 1391.922 860.35 0.0
11.454 1389.064 860.35 0.0
117.131 1389.064 860.35 1.0
117.738 1389.044 860.35 1.0
118.344 1388.983 860.35 1.0
301.38 1364.366 860.35 1.0
301.912 1364.27 860.35 1.0
302.438 1364.142 860.35 1.0
480.56 1315.349 860.35 1.0
481.074 1315.183 860.35 1.0
481.579 1314.987 860.35 1.0
651.483 1242.941 860.35 1.0
652.095 1242.654 860.35 1.0
652.569 1242.392 860.35 1.0
811.355 1148.343 860.35 1.0
811.923 1147.978 860.35 1.0
812.357 1147.655 860.35 1.0
957.191 1033.281 860.35 1.0
957.706 1032.843 860.35 1.0
958.093 1032.465 860.35 1.0
1086.39 899.807 860.35 1.0
1086.841 899.304 860.35 1.0
1087.175 898.878 860.35 1.0
1196.646 750.304 860.35 1.0
1197.026 749.745 860.35 1.0
1197.3 749.279 860.35 1.0
1285.991 587.439 860.35 1.0
1286.293 586.834 860.35 1.0
1286.503 586.335 860.35 1.0
1352.794 414.213 860.35 1.0
1356.697 402.79 860.35 1.0
1457.482 402.79 860.35 1.0
1420.266 514.871 860.35 1.0
1343.073 689.252 860.35 1.0
1244.307 852.176 860.35 1.0
1125.519 1001.132 860.35 1.0
988.657 1133.675 860.35 1.0
835.97 1247.628 860.35 1.0
669.965 1341.121 860.35 1.0
493.366 1412.618 860.35 1.0
309.075 1460.944 860.35 1.0
120.117 1485.308 860.35 1.0
11.454 1485.308 860.35 1.0
11.454 1392.064 860.35 1.0
11.454 1392.064 880.35 0.0
11.471 1389.206 880.35 0.0
117.14 1389.206 880.35 1.0
117.748 1389.186 880.35 1.0
118.354 1389.125 880.35 1.0
301.408 1364.505 880.35 1.0
301.94 1364.41 880.35 1.0
302.466 1364.282 880.35 1.0
480.606 1315.484 880.35 1.0
481.121 1315.318 880.35 1.0
481.625 1315.121 880.35 1.0
651.548 1243.068 880.35 1.0
652.159 1242.781 880.35 1.0
652.633 1242.519 880.35 1.0
811.435 1148.461 880.35 1.0
812.004 1148.095 880.35 1.0
812.438 1147.772 880.35 1.0
957.287 1033.387 880.35 1.0
957.801 1032.948 880.35 1.0
958.189 1032.571 880.35 1.0
1086.499 899.899 880.35 1.0
1086.95 899.396 880.35 1.0
1087.284 898.97 880.35 1.0
1196.766 750.38 880.35 1.0
1197.146 749.822 880.35 1.0
1197.42 749.355 880.35 1.0
1286.12 587.499 880.35 1.0
1286.423 586.894 880.35 1.0
1286.632 586.395 880.35 1.0
1352.931 414.255 880.35 1.0
1355.742 406.034 880.35 1.0
1355.966 405.268 880.35 1.0
1356.575 402.79 880.35 1.0
1456.861 402.79 880.35 1.0
1450.173 423.943 880.35 1.0
1420.013 514.778 880.35 1.0
1342.834 689.128 880.35 1.0
1244.086 852.022 880.35 1.0
1125.319 1000.951 880.35 1.0
988.483 1133.47 880.35 1.0
835.823 1247.403 880.35 1.0
669.848 1340.878 880.35 1.0
493.282 1412.362 880.35 1.0
309.024 1460.68 880.35 1.0
120.1 1485.039 880.35 1.0
11.471 1485.039 880.35 1.0
11.471 1392.206 880.35 1.0
11.471 1392.206 900.35 0.0
11.488 1389.063 900.35 0.0
117.011 1389.063 900.35 1.0
117.806 1389.038 900.35 1.0
118.344 1388.982 900.35 1.0
301.38 1364.365 900.35 1.0
301.912 1364.269 900.35 1.0
302.438 1364.141 900.35 1.0
480.559 1315.348 900.35 1.0
481.074 1315.182 900.35 1.0
481.578 1314.986 900.35 1.0
651.483 1242.94 900.35 1.0
652.095 1242.653 900.35 1.0
652.568 1242.391 900.35 1.0
811.354 1148.342 900.35 1.0
811.922 1147.977 900.35 1.0
812.357 1147.654 900.35 1.0
957.19 1033.28 900.35 1.0
957.705 1032.842 900.35 1.0
958.092 1032.464 900.35 1.0
1086.389 899.806 900.35 1.0
1086.841 899.304 900.35 1.0
1087.174 898.878 900.35 1.0
1196.645 750.303 900.35 1.0
1197.025 749.744 900.35 1.0
1197.299 749.278 900.35 1.0
1285.99 587.438 900.35 1.0
1286.293 586.834 900.35 1.0
1286.502 586.335 900.35 1.0
1352.801 414.193 900.35 1.0
1353.346 412.539 900.35 1.0
1353.515 411.941 900.35 1.0
1355.763 402.79 900.35 1.0
1456.222 402.79 900.35 1.0
1442.487 446.23 900.35 1.0
1419.76 514.685 900.35 1.0
1342.595 689.003 900.35 1.0
1243.865 851.868 900.35 1.0
1125.12 1000.77 900.35 1.0
988.308 1133.265 900.35 1.0
835.676 1247.177 900.35 1.0
669.731 1340.635 900.35 1.0
493.197 1412.106 900.35 1.0
308.972 1460.415 900.35 1.0
120.083 1484.77 900.35 1.0
11.488 1484.77 900.35 1.0
11.488 1392.063 900.35 1.0
11.488 1392.063 920.35 0.0
11.504 1387.954 920.35 0.0
117.056 1387.954 920.35 1.0
117.664 1387.934 920.35 1.0
118.27 1387.873 920.35 1.0
301.025 1363.295 920.35 1.0
301.624 1363.194 920.35 1.0
302.217 1363.053 920.35 1.0
480.195 1314.298 920.35 1.0
480.709 1314.132 920.35 1.0
481.214 1313.936 920.35 1.0
650.982 1241.948 920.35 1.0
651.593 1241.661 920.35 1.0
652.067 1241.4 920.35 1.0
810.725 1147.426 920.35 1.0
811.293 1147.061 920.35 1.0
811.728 1146.738 920.35 1.0
956.445 1032.456 920.35 1.0
956.959 1032.018 920.35 1.0
957.347 1031.64 920.35 1.0
1085.541 899.089 920.35 1.0
1085.992 898.586 920.35 1.0
1086.326 898.16 920.35 1.0
1195.708 749.705 920.35 1.0
1196.089 749.147 920.35 1.0
1196.363 748.68 920.35 1.0
1284.982 586.97 920.35 1.0
1285.285 586.366 920.35 1.0
1285.494 585.867 920.35 1.0
1351.74 413.864 920.35 1.0
1351.916 413.363 920.35 1.0
1353.717 407.726 920.35 1.0
1353.886 407.128 920.35 1.0
1354.952 402.79 920.35 1.0
1455.583 402.79 920.35 1.0
1435.608 465.964 920.35 1.0
1434.692 468.862 920.35 1.0
1419.507 514.592 920.35 1.0
1342.356 688.878 920.35 1.0
1243.644 851.713 920.35 1.0
1124.92 1000.589 920.35 1.0
988.133 1133.059 920.35 1.0
835.529 1246.951 920.35 1.0
669.614 1340.392 920.35 1.0
493.112 1411.85 920.35 1.0
308.921 1460.151 920.35 1.0
120.066 1484.501 920.35 1.0
11.504 1484.501 920.35 1.0
11.504 1390.954 920.35 1.0
11.504 1390.954 940.35 0.0
11.521 1386.846 940.35 0.0
116.982 1386.846 940.35 1.0
117.59 1386.825 940.35 1.0
118.196 1386.764 940.35 1.0
300.803 1362.206 940.35 1.0
301.403 1362.105 940.35 1.0
301.995 1361.964 940.35 1.0
479.7 1313.285 940.35 1.0
480.281 1313.105 940.35 1.0
480.849 1312.886 940.35 1.0
650.481 1240.957 940.35 1.0
651.032 1240.701 940.35 1.0
651.566 1240.408 940.35 1.0
810.097 1146.51 940.35 1.0
810.665 1146.145 940.35 1.0
811.099 1145.822 940.35 1.0
955.7 1031.632 940.35 1.0
956.214 1031.194 940.35 1.0
956.602 1030.816 940.35 1.0
1084.692 898.372 940.35 1.0
1085.144 897.869 940.35 1.0
1085.478 897.443 940.35 1.0
1194.772 749.107 940.35 1.0
1195.152 748.549 940.35 1.0
1195.426 748.082 940.35 1.0
1283.974 586.503 940.35 1.0
1284.277 585.898 940.35 1.0
1284.486 585.4 940.35 1.0
1350.679 413.535 940.35 1.0
1350.855 413.034 940.35 1.0
1354.123 402.79 940.35 1.0
1454.943 402.79 940.35 1.0
1434.859 466.312 940.35 1.0
1426.969 491.266 940.35 1.0
1419.254 514.499 940.35 1.0
1342.117 688.754 940.35 1.0
1243.423 851.559 940.35 1.0
1124.721 1000.407 940.35 1.0
987.958 1132.854 940.35 1.0
835.382 1246.725 940.35 1.0
669.497 1340.15 940.35 1.0
493.027 1411.594 940.35 1.0
308.869 1459.886 940.35 1.0
120.048 1484.232 940.35 1.0
11.521 1484.232 940.35 1.0
11.521 1389.846 940.35 1.0
11.521 1389.846 960.35 0.0
11.538 1385.737 960.35 0.0
116.908 1385.737 960.35 1.0
117.515 1385.717 960.35 1.0
118.121 1385.656 960.35 1.0
300.582 1361.117 960.35 1.0
301.182 1361.016 960.35 1.0
301.774 1360.875 960.35 1.0
479.336 1312.236 960.35 1.0
479.917 1312.056 960.35 1.0
480.485 1311.837 960.35 1.0
649.979 1239.965 960.35 1.0
650.531 1239.709 960.35 1.0
651.065 1239.416 960.35 1.0
809.468 1145.594 960.35 1.0
809.98 1145.267 960.35 1.0
810.47 1144.906 960.35 1.0
954.955 1030.808 960.35 1.0
955.419 1030.415 960.35 1.0
955.857 1029.992 960.35 1.0
1083.844 897.654 960.35 1.0
1084.252 897.203 960.35 1.0
1084.629 896.726 960.35 1.0
1193.835 748.51 960.35 1.0
1194.18 748.008 960.35 1.0
1194.49 747.484 960.35 1.0
1282.967 586.035 960.35 1.0
1283.269 585.431 960.35 1.0
1283.479 584.932 960.35 1.0
1349.617 413.206 960.35 1.0
1349.794 412.704 960.35 1.0
1352.961 402.79 960.35 1.0
1454.304 402.79 960.35 1.0
1434.109 466.66 960.35 1.0
1419.001 514.406 960.35 1.0
1341.878 688.629 960.35 1.0
1243.202 851.405 960.35 1.0
1124.521 1000.226 960.35 1.0
987.784 1132.649 960.35 1.0
835.235 1246.499 960.35 1.0
669.38 1339.907 960.35 1.0
492.942 1411.339 960.35 1.0
308.818 1459.622 960.35 1.0
120.031 1483.963 960.35 1.0
11.538 1483.963 960.35 1.0
11.538 1388.737 960.35 1.0
11.538 1388.737 980.35 0.0
11.555 1384.629 980.35 0.0
116.834 1384.629 980.35 1.0
117.441 1384.608 980.35 1.0
118.047 1384.547 980.35 1.0
300.361 1360.029 980.35 1.0
300.96 1359.927 980.35 1.0
301.553 1359.786 980.35 1.0
478.971 1311.186 980.35 1.0
479.552 1311.006 980.35 1.0
480.12 1310.787 980.35 1.0
649.478 1238.973 980.35 1.0
650.03 1238.717 980.35 1.0
650.564 1238.425 980.35 1.0
808.839 1144.678 980.35 1.0
809.407 1144.313 980.35 1.0
809.842 1143.99 980.35 1.0
954.209 1029.984 980.35 1.0
954.724 1029.546 980.35 1.0
955.111 1029.168 980.35 1.0
1082.995 896.937 980.35 1.0
1083.447 896.434 980.35 1.0
1083.781 896.008 980.35 1.0
1192.899 747.912 980.35 1.0
1193.279 747.353 980.35 1.0
1193.553 746.887 980.35 1.0
1281.959 585.567 980.35 1.0
1282.261 584.963 980.35 1.0
1282.471 584.464 980.35 1.0
1348.556 412.877 980.35 1.0
1348.733 412.375 980.35 1.0
1350.832 405.804 980.35 1.0
1351.688 402.79 980.35 1.0
1452.692 402.79 980.35 1.0
1432.311 466.399 980.35 1.0
1422.7 496.392 980.35 1.0
1417.013 513.692 980.35 1.0
1340.006 687.652 980.35 1.0
1241.47 850.197 980.35 1.0
1122.958 998.807 980.35 1.0
986.415 1131.041 980.35 1.0
834.083 1244.729 980.35 1.0
668.464 1338.004 980.35 1.0
492.276 1409.335 980.35 1.0
308.414 1457.549 980.35 1.0
119.896 1481.856 980.35 1.0
11.555 1481.856 980.35 1.0
11.555 1387.629 980.35 1.0
11.555 1387.629 1000.35 0.0
11.572 1382.589 1000.35 0.0
116.697 1382.589 1000.35 1.0
117.305 1382.569 1000.35 1.0
117.911 1382.508 1000.35 1.0
299.954 1358.026 1000.35 1.0
300.553 1357.925 1000.35 1.0
301.146 1357.783 1000.35 1.0
478.301 1309.255 1000.35 1.0
478.882 1309.075 1000.35 1.0
479.45 1308.857 1000.35 1.0
648.557 1237.149 1000.35 1.0
649.168 1236.863 1000.35 1.0
649.642 1236.601 1000.35 1.0
807.682 1142.993 1000.35 1.0
808.25 1142.628 1000.35 1.0
808.685 1142.305 1000.35 1.0
952.838 1028.468 1000.35 1.0
953.353 1028.03 1000.35 1.0
953.74 1027.652 1000.35 1.0
1081.435 895.618 1000.35 1.0
1081.886 895.115 1000.35 1.0
1082.22 894.689 1000.35 1.0
1191.176 746.812 1000.35 1.0
1191.557 746.253 1000.35 1.0
1191.831 745.787 1000.35 1.0
1280.105 584.707 1000.35 1.0
1280.407 584.103 1000.35 1.0
1280.617 583.604 1000.35 1.0
1346.621 412.228 1000.35 1.0
1346.909 411.349 1000.35 1.0
1347.493 409.205 1000.35 1.0
1349.303 402.79 1000.35 1.0
1450.514 402.79 1000.35 1.0
1430.131 466.403 1000.35 1.0
1426.853 476.634 1000.35 1.0
1414.923 512.922 1000.35 1.0
1338.031 686.622 1000.35 1.0
1239.644 848.923 1000.35 1.0
1121.309 997.309 1000.35 1.0
984.971 1129.345 1000.35 1.0
832.868 1242.863 1000.35 1.0
667.498 1335.998 1000.35 1.0
491.575 1407.221 1000.35 1.0
307.988 1455.363 1000.35 1.0
119.753 1479.633 1000.35 1.0
11.572 1479.633 1000.35 1.0
11.572 1385.589 1000.35 1.0
