1464.382 391.89 0.35 0.0
1439.416 469.807 0.35 1.0
1424.082 516.462 0.35 1.0
1346.745 691.168 0.35 1.0
1247.705 854.546 0.35 1.0
1128.585 1003.917 0.35 1.0
991.342 1136.829 0.35 1.0
838.23 1251.1 0.35 1.0
671.762 1344.853 0.35 1.0
494.672 1416.549 0.35 1.0
309.867 1465.01 0.35 1.0
120.383 1489.442 0.35 1.0
0.68 1489.442 0.35 1.0
0.68 1370.576 0.35 1.0
116.519 1370.573 0.35 1.0
298.139 1346.148 0.35 1.0
474.919 1297.726 0.35 1.0
643.702 1226.156 0.35 1.0
801.405 1132.746 0.35 1.0
945.252 1019.149 0.35 1.0
1072.674 887.392 0.35 1.0
1181.377 739.859 0.35 1.0
1269.482 579.089 0.35 1.0
1335.345 408.08 0.35 1.0
1336.271 404.686 0.35 1.0
1339.881 391.89 0.35 1.0
1461.382 391.89 0.35 1.0
1461.382 391.89 20.35 0.0
1346.918 402.79 20.35 0.0
1448.336 402.79 20.35 1.0
1431.054 456.727 20.35 1.0
1412.833 512.153 20.35 1.0
1336.057 685.592 20.35 1.0
1237.817 847.649 20.35 1.0
1119.661 995.812 20.35 1.0
983.528 1127.65 20.35 1.0
831.653 1240.997 20.35 1.0
666.531 1333.991 20.35 1.0
490.873 1405.108 20.35 1.0
307.563 1453.177 20.35 1.0
119.611 1477.411 20.35 1.0
11.589 1477.411 20.35 1.0
11.589 1380.322 20.35 1.0
116.546 1380.322 20.35 1.0
117.153 1380.302 20.35 1.0
117.759 1380.241 20.35 1.0
299.501 1355.799 20.35 1.0
300.101 1355.698 20.35 1.0
300.693 1355.557 20.35 1.0
477.556 1307.109 20.35 1.0
478.137 1306.929 20.35 1.0
478.705 1306.71 20.35 1.0
647.532 1235.121 20.35 1.0
648.083 1234.865 20.35 1.0
648.617 1234.573 20.35 1.0
806.397 1141.12 20.35 1.0
806.965 1140.755 20.35 1.0
807.399 1140.432 20.35 1.0
951.314 1026.783 20.35 1.0
951.829 1026.345 20.35 1.0
952.216 1025.967 20.35 1.0
1079.7 894.151 20.35 1.0
1080.151 893.648 20.35 1.0
1080.485 893.222 20.35 1.0
1189.261 745.589 20.35 1.0
1189.642 745.031 20.35 1.0
1189.916 744.564 20.35 1.0
1278.044 583.751 20.35 1.0
1278.347 583.146 20.35 1.0
1278.556 582.648 20.35 1.0
1344.451 411.555 20.35 1.0
1344.739 410.675 20.35 1.0
1346.031 405.935 20.35 1.0
1346.103 405.677 20.35 1.0
1346.103 405.677 40.35 0.0
1344.534 402.79 40.35 0.0
1446.158 402.79 40.35 1.0
1435.189 437.022 40.35 1.0
1410.743 511.384 40.35 1.0
1334.082 684.562 40.35 1.0
1235.991 846.375 40.35 1.0
1118.012 994.315 40.35 1.0
982.084 1125.954 40.35 1.0
830.438 1239.13 40.35 1.0
665.565 1331.985 40.35 1.0
490.171 1402.994 40.35 1.0
307.137 1450.991 40.35 1.0
119.468 1475.189 40.35 1.0
11.606 1475.189 40.35 1.0
11.606 1378.056 40.35 1.0
116.394 1378.056 40.35 1.0
117.001 1378.035 40.35 1.0
117.607 1377.974 40.35 1.0
299.049 1353.573 40.35 1.0
299.648 1353.472 40.35 1.0
300.241 1353.331 40.35 1.0
476.811 1304.963 40.35 1.0
477.391 1304.783 40.35 1.0
477.96 1304.564 40.35 1.0
646.507 1233.094 40.35 1.0
647.059 1232.838 40.35 1.0
647.593 1232.545 40.35 1.0
805.111 1139.247 40.35 1.0
805.679 1138.882 40.35 1.0
806.113 1138.559 40.35 1.0
949.79 1025.098 40.35 1.0
950.305 1024.66 40.35 1.0
950.692 1024.282 40.35 1.0
1077.965 892.684 40.35 1.0
1078.416 892.181 40.35 1.0
1078.75 891.755 40.35 1.0
1187.346 744.367 40.35 1.0
1187.727 743.808 40.35 1.0
1188.001 743.342 40.35 1.0
1275.983 582.794 40.35 1.0
1276.286 582.19 40.35 1.0
1276.495 581.691 40.35 1.0
1342.281 410.881 40.35 1.0
1342.569 410.002 40.35 1.0
1343.746 405.684 40.35 1.0
1343.746 405.684 60.35 0.0
1342.181 402.79 60.35 0.0
1443.98 402.79 60.35 1.0
1439.325 417.318 60.35 1.0
1408.653 510.615 60.35 1.0
1332.108 683.532 60.35 1.0
1234.164 845.101 60.35 1.0
1116.364 992.818 60.35 1.0
980.641 1124.258 60.35 1.0
829.224 1237.264 60.35 1.0
664.599 1329.979 60.35 1.0
489.47 1400.881 60.35 1.0
306.711 1448.805 60.35 1.0
119.325 1472.966 60.35 1.0
11.623 1472.966 60.35 1.0
11.623 1375.789 60.35 1.0
116.242 1375.789 60.35 1.0
116.85 1375.768 60.35 1.0
117.456 1375.707 60.35 1.0
298.596 1351.346 60.35 1.0
299.196 1351.245 60.35 1.0
299.788 1351.104 60.35 1.0
476.065 1302.817 60.35 1.0
476.646 1302.637 60.35 1.0
477.214 1302.418 60.35 1.0
645.483 1231.066 60.35 1.0
646.034 1230.81 60.35 1.0
646.568 1230.517 60.35 1.0
803.825 1137.374 60.35 1.0
804.393 1137.009 60.35 1.0
804.828 1136.686 60.35 1.0
948.267 1023.413 60.35 1.0
948.781 1022.975 60.35 1.0
949.168 1022.597 60.35 1.0
1076.23 891.217 60.35 1.0
1076.681 890.714 60.35 1.0
1077.015 890.288 60.35 1.0
1185.431 743.145 60.35 1.0
1185.812 742.586 60.35 1.0
1186.086 742.119 60.35 1.0
1273.922 581.838 60.35 1.0
1274.225 581.234 60.35 1.0
1274.434 580.735 60.35 1.0
1340.111 410.208 60.35 1.0
1340.4 409.329 60.35 1.0
1341.392 405.684 60.35 1.0
1341.392 405.684 80.35 0.0
1339.831 402.79 80.35 0.0
1441.759 402.79 80.35 1.0
1406.563 509.846 80.35 1.0
1330.134 682.502 80.35 1.0
1232.338 843.826 80.35 1.0
1114.715 991.321 80.35 1.0
979.197 1122.563 80.35 1.0
828.009 1235.397 80.35 1.0
663.633 1327.972 80.35 1.0
488.768 1398.767 80.35 1.0
306.286 1446.62 80.35 1.0
119.182 1470.744 80.35 1.0
11.64 1470.744 80.35 1.0
11.639 1373.314 80.35 1.0
116.076 1373.314 80.35 1.0
116.684 1373.294 80.35 1.0
117.29 1373.233 80.35 1.0
298.102 1348.916 80.35 1.0
298.702 1348.815 80.35 1.0
299.294 1348.674 80.35 1.0
475.252 1300.474 80.35 1.0
475.832 1300.294 80.35 1.0
476.401 1300.075 80.35 1.0
644.364 1228.852 80.35 1.0
644.916 1228.596 80.35 1.0
645.45 1228.304 80.35 1.0
802.421 1135.329 80.35 1.0
802.934 1135.002 80.35 1.0
803.424 1134.641 80.35 1.0
946.603 1021.574 80.35 1.0
947.117 1021.136 80.35 1.0
947.505 1020.758 80.35 1.0
1074.336 889.616 80.35 1.0
1074.787 889.113 80.35 1.0
1075.121 888.687 80.35 1.0
1183.341 741.81 80.35 1.0
1183.721 741.251 80.35 1.0
1183.995 740.785 80.35 1.0
1271.672 580.794 80.35 1.0
1271.975 580.19 80.35 1.0
1272.184 579.691 80.35 1.0
1337.723 409.525 80.35 1.0
1338.998 405.671 80.35 1.0
1338.998 405.671 100.35 0.0
1336.621 402.183 100.35 0.0
1439.324 402.197 100.35 1.0
1430.511 429.875 100.35 1.0
1404.474 509.077 100.35 1.0
1328.159 681.472 100.35 1.0
1230.511 842.552 100.35 1.0
1113.067 989.823 100.35 1.0
977.753 1120.867 100.35 1.0
826.794 1233.531 100.35 1.0
662.666 1325.966 100.35 1.0
488.066 1396.654 100.35 1.0
305.86 1444.434 100.35 1.0
119.04 1468.521 100.35 1.0
11.656 1468.521 100.35 1.0
11.656 1369.973 100.35 1.0
115.856 1369.973 100.35 1.0
116.462 1369.952 100.35 1.0
117.066 1369.891 100.35 1.0
297.435 1345.634 100.35 1.0
298.035 1345.533 100.35 1.0
298.627 1345.392 100.35 1.0
474.153 1297.31 100.35 1.0
474.734 1297.13 100.35 1.0
475.302 1296.911 100.35 1.0
642.854 1225.863 100.35 1.0
643.405 1225.607 100.35 1.0
643.939 1225.315 100.35 1.0
800.526 1132.568 100.35 1.0
801.038 1132.241 100.35 1.0
801.529 1131.88 100.35 1.0
944.356 1019.09 100.35 1.0
944.821 1018.697 100.35 1.0
945.258 1018.274 100.35 1.0
1071.778 887.454 100.35 1.0
1072.186 887.003 100.35 1.0
1072.564 886.525 100.35 1.0
1180.518 740.008 100.35 1.0
1180.862 739.507 100.35 1.0
1181.172 738.983 100.35 1.0
1268.635 579.384 100.35 1.0
1268.909 578.841 100.35 1.0
1269.147 578.281 100.35 1.0
1334.524 408.533 100.35 1.0
1335.68 405.032 100.35 1.0
1335.68 405.032 120.35 0.0
1333.481 401.01 120.35 0.0
1436.506 401.055 120.35 1.0
1415.759 466.173 120.35 1.0
1402.325 508.336 120.35 1.0
1326.148 680.423 120.35 1.0
1228.651 841.254 120.35 1.0
1111.387 988.298 120.35 1.0
976.283 1119.139 120.35 1.0
825.556 1231.63 120.35 1.0
661.682 1323.922 120.35 1.0
487.351 1394.5 120.35 1.0
305.426 1442.207 120.35 1.0
118.894 1466.257 120.35 1.0
11.673 1466.257 120.35 1.0
11.673 1366.631 120.35 1.0
115.639 1366.631 120.35 1.0
116.242 1366.61 120.35 1.0
116.843 1366.55 120.35 1.0
296.768 1342.352 120.35 1.0
297.367 1342.251 120.35 1.0
297.96 1342.11 120.35 1.0
473.055 1294.147 120.35 1.0
473.635 1293.966 120.35 1.0
474.204 1293.748 120.35 1.0
641.343 1222.874 120.35 1.0
641.895 1222.618 120.35 1.0
642.429 1222.326 120.35 1.0
798.631 1129.807 120.35 1.0
799.143 1129.48 120.35 1.0
799.633 1129.119 120.35 1.0
942.11 1016.606 120.35 1.0
942.574 1016.214 120.35 1.0
943.012 1015.79 120.35 1.0
1069.221 885.291 120.35 1.0
1069.629 884.84 120.35 1.0
1070.006 884.363 120.35 1.0
1177.695 738.206 120.35 1.0
1178.039 737.705 120.35 1.0
1178.35 737.181 120.35 1.0
1265.597 577.975 120.35 1.0
1265.871 577.432 120.35 1.0
1266.109 576.872 120.35 1.0
1331.326 407.54 120.35 1.0
1332.541 403.859 120.35 1.0
1332.541 403.859 140.35 0.0
1330.635 399.139 140.35 0.0
1433.687 399.049 140.35 1.0
1412.644 464.26 140.35 1.0
1409.585 473.739 140.35 1.0
1398.678 506.945 140.35 1.0
1322.684 678.616 140.35 1.0
1225.447 839.019 140.35 1.0
1108.495 985.672 140.35 1.0
973.75 1116.165 140.35 1.0
823.425 1228.355 140.35 1.0
659.987 1320.402 140.35 1.0
486.12 1390.793 140.35 1.0
304.68 1438.372 140.35 1.0
118.644 1462.359 140.35 1.0
11.69 1462.359 140.35 1.0
11.69 1363.29 140.35 1.0
115.414 1363.29 140.35 1.0
116.017 1363.269 140.35 1.0
116.619 1363.208 140.35 1.0
296.101 1339.07 140.35 1.0
296.7 1338.969 140.35 1.0
297.293 1338.828 140.35 1.0
471.956 1290.983 140.35 1.0
472.537 1290.803 140.35 1.0
473.105 1290.584 140.35 1.0
639.833 1219.885 140.35 1.0
640.384 1219.629 140.35 1.0
640.918 1219.337 140.35 1.0
796.735 1127.046 140.35 1.0
797.248 1126.719 140.35 1.0
797.738 1126.358 140.35 1.0
939.864 1014.122 140.35 1.0
940.328 1013.73 140.35 1.0
940.766 1013.307 140.35 1.0
1066.663 883.129 140.35 1.0
1067.071 882.678 140.35 1.0
1067.449 882.2 140.35 1.0
1174.872 736.404 140.35 1.0
1175.217 735.903 140.35 1.0
1175.527 735.379 140.35 1.0
1262.559 576.565 140.35 1.0
1262.833 576.022 140.35 1.0
1263.071 575.462 140.35 1.0
1328.127 406.548 140.35 1.0
1329.64 401.969 140.35 1.0
1329.64 401.969 160.35 0.0
1328.307 395.041 160.35 0.0
1431.081 395.007 160.35 1.0
1416.768 439.36 160.35 1.0
1395.011 505.596 160.35 1.0
1319.221 676.809 160.35 1.0
1222.242 836.784 160.35 1.0
1105.603 983.045 160.35 1.0
971.218 1113.19 160.35 1.0
821.294 1225.081 160.35 1.0
658.292 1316.882 160.35 1.0
484.889 1387.085 160.35 1.0
303.933 1434.538 160.35 1.0
118.394 1458.46 160.35 1.0
11.707 1458.46 160.35 1.0
11.707 1359.948 160.35 1.0
115.189 1359.948 160.35 1.0
115.793 1359.928 160.35 1.0
116.395 1359.867 160.35 1.0
295.434 1335.788 160.35 1.0
296.033 1335.687 160.35 1.0
296.626 1335.546 160.35 1.0
470.858 1287.819 160.35 1.0
471.438 1287.639 160.35 1.0
472.007 1287.42 160.35 1.0
638.322 1216.896 160.35 1.0
638.874 1216.64 160.35 1.0
639.408 1216.348 160.35 1.0
794.84 1124.285 160.35 1.0
795.352 1123.958 160.35 1.0
795.843 1123.597 160.35 1.0
937.617 1011.639 160.35 1.0
938.081 1011.246 160.35 1.0
938.519 1010.823 160.35 1.0
1064.106 880.967 160.35 1.0
1064.514 880.516 160.35 1.0
1064.891 880.038 160.35 1.0
1172.05 734.602 160.35 1.0
1172.394 734.101 160.35 1.0
1172.704 733.577 160.35 1.0
1259.521 575.155 160.35 1.0
1259.796 574.612 160.35 1.0
1260.033 574.052 160.35 1.0
1324.928 405.556 160.35 1.0
1325.776 403.011 160.35 1.0
1326.761 400.322 160.35 1.0
1326.961 399.712 160.35 1.0
1327.476 397.924 160.35 1.0
1327.476 397.924 180.35 0.0
1325.563 390.944 180.35 0.0
1428.474 390.965 180.35 1.0
1423.905 405.123 180.35 1.0
1391.345 504.247 180.35 1.0
1315.757 675.002 180.35 1.0
1219.038 834.549 180.35 1.0
1102.711 980.419 180.35 1.0
968.686 1110.215 180.35 1.0
819.163 1221.807 180.35 1.0
656.597 1313.363 180.35 1.0
483.658 1383.378 180.35 1.0
303.186 1430.703 180.35 1.0
118.144 1454.562 180.35 1.0
11.724 1454.562 180.35 1.0
11.724 1356.311 180.35 1.0
114.946 1356.311 180.35 1.0
115.55 1356.29 180.35 1.0
116.152 1356.23 180.35 1.0
294.708 1332.216 180.35 1.0
295.307 1332.115 180.35 1.0
295.9 1331.974 180.35 1.0
469.662 1284.375 180.35 1.0
470.243 1284.195 180.35 1.0
470.811 1283.976 180.35 1.0
636.678 1213.643 180.35 1.0
637.23 1213.387 180.35 1.0
637.764 1213.094 180.35 1.0
792.777 1121.28 180.35 1.0
793.289 1120.953 180.35 1.0
793.779 1120.591 180.35 1.0
935.172 1008.935 180.35 1.0
935.636 1008.542 180.35 1.0
936.074 1008.119 180.35 1.0
1061.322 878.613 180.35 1.0
1061.73 878.162 180.35 1.0
1062.107 877.685 180.35 1.0
1168.977 732.64 180.35 1.0
1169.321 732.139 180.35 1.0
1169.631 731.615 180.35 1.0
1256.215 573.621 180.35 1.0
1256.489 573.078 180.35 1.0
1256.727 572.518 180.35 1.0
1321.449 404.469 180.35 1.0
1321.623 403.978 180.35 1.0
1323.471 398.201 180.35 1.0
1324.732 393.826 180.35 1.0
1324.732 393.826 200.35 0.0
1322.563 386.841 200.35 0.0
1425.807 386.825 200.35 1.0
1404.499 451.693 200.35 1.0
1387.679 502.898 200.35 1.0
1312.293 673.195 200.35 1.0
1215.834 832.314 200.35 1.0
1099.819 977.793 200.35 1.0
966.153 1107.241 200.35 1.0
817.031 1218.533 200.35 1.0
654.902 1309.843 200.35 1.0
482.427 1379.67 200.35 1.0
302.439 1426.869 200.35 1.0
117.893 1450.663 200.35 1.0
11.741 1450.663 200.35 1.0
11.741 1351.984 200.35 1.0
114.661 1351.983 200.35 1.0
115.262 1351.963 200.35 1.0
115.862 1351.902 200.35 1.0
293.844 1327.966 200.35 1.0
294.443 1327.865 200.35 1.0
295.036 1327.724 200.35 1.0
468.239 1280.278 200.35 1.0
468.82 1280.098 200.35 1.0
469.388 1279.879 200.35 1.0
634.722 1209.772 200.35 1.0
635.274 1209.516 200.35 1.0
635.808 1209.223 200.35 1.0
790.322 1117.704 200.35 1.0
790.835 1117.377 200.35 1.0
791.325 1117.016 200.35 1.0
932.263 1005.718 200.35 1.0
932.727 1005.326 200.35 1.0
933.165 1004.903 200.35 1.0
1058.01 875.813 200.35 1.0
1058.418 875.362 200.35 1.0
1058.795 874.885 200.35 1.0
1165.321 730.307 200.35 1.0
1165.665 729.805 200.35 1.0
1165.976 729.282 200.35 1.0
1252.28 571.795 200.35 1.0
1252.555 571.252 200.35 1.0
1252.792 570.692 200.35 1.0
1317.307 403.184 200.35 1.0
1317.48 402.692 200.35 1.0
1321.647 389.698 200.35 1.0
1321.647 389.698 220.35 0.0
1320.089 380.271 220.35 0.0
1423.575 380.267 220.35 1.0
1416.916 401.377 220.35 1.0
1384.013 501.549 220.35 1.0
1308.83 671.388 220.35 1.0
1212.63 830.079 220.35 1.0
1096.927 975.166 220.35 1.0
963.621 1104.266 220.35 1.0
814.9 1215.259 220.35 1.0
653.207 1306.323 220.35 1.0
481.196 1375.963 220.35 1.0
301.692 1423.034 220.35 1.0
117.643 1446.765 220.35 1.0
11.758 1446.765 220.35 1.0
11.758 1347.656 220.35 1.0
114.375 1347.656 220.35 1.0
114.974 1347.635 220.35 1.0
115.572 1347.575 220.35 1.0
292.98 1323.716 220.35 1.0
293.579 1323.615 220.35 1.0
294.172 1323.474 220.35 1.0
466.817 1276.181 220.35 1.0
467.397 1276.001 220.35 1.0
467.965 1275.782 220.35 1.0
632.766 1205.901 220.35 1.0
633.318 1205.645 220.35 1.0
633.852 1205.352 220.35 1.0
787.868 1114.128 220.35 1.0
788.38 1113.801 220.35 1.0
788.87 1113.44 220.35 1.0
929.353 1002.502 220.35 1.0
929.818 1002.109 220.35 1.0
930.255 1001.686 220.35 1.0
1054.698 873.013 220.35 1.0
1055.106 872.562 220.35 1.0
1055.483 872.084 220.35 1.0
1161.665 727.973 220.35 1.0
1162.01 727.472 220.35 1.0
1162.32 726.948 220.35 1.0
1248.346 569.97 220.35 1.0
1248.621 569.427 220.35 1.0
1248.858 568.866 220.35 1.0
1313.164 401.899 220.35 1.0
1313.341 401.397 220.35 1.0
1319.176 383.128 220.35 1.0
1319.176 383.128 240.35 0.0
1317.962 372.113 240.35 0.0
1421.437 372.133 240.35 1.0
1413.261 398.787 240.35 1.0
1403.641 429.284 240.35 1.0
1380.347 500.199 240.35 1.0
1305.366 669.581 240.35 1.0
1209.426 827.844 240.35 1.0
1094.035 972.54 240.35 1.0
961.089 1101.291 240.35 1.0
812.769 1211.985 240.35 1.0
651.512 1302.803 240.35 1.0
479.965 1372.255 240.35 1.0
300.946 1419.2 240.35 1.0
117.393 1442.866 240.35 1.0
11.775 1442.866 240.35 1.0
11.775 1343.329 240.35 1.0
114.089 1343.329 240.35 1.0
114.687 1343.308 240.35 1.0
115.283 1343.247 240.35 1.0
292.116 1319.466 240.35 1.0
292.716 1319.365 240.35 1.0
293.308 1319.223 240.35 1.0
465.394 1272.084 240.35 1.0
465.975 1271.904 240.35 1.0
466.543 1271.685 240.35 1.0
630.81 1202.03 240.35 1.0
631.362 1201.774 240.35 1.0
631.896 1201.481 240.35 1.0
785.413 1110.553 240.35 1.0
785.926 1110.226 240.35 1.0
786.416 1109.864 240.35 1.0
926.444 999.285 240.35 1.0
926.908 998.893 240.35 1.0
927.346 998.47 240.35 1.0
1051.386 870.213 240.35 1.0
1051.794 869.762 240.35 1.0
1052.171 869.284 240.35 1.0
1158.01 725.639 240.35 1.0
1158.354 725.138 240.35 1.0
1158.664 724.614 240.35 1.0
1244.412 568.144 240.35 1.0
1244.687 567.601 240.35 1.0
1244.924 567.041 240.35 1.0
1309.022 400.614 240.35 1.0
1309.2 400.11 240.35 1.0
1315.831 379.327 240.35 1.0
1317.112 374.99 240.35 1.0
1317.112 374.99 260.35 0.0
1315.723 363.516 260.35 0.0
1419.281 363.443 260.35 1.0
1396.063 439.13 260.35 1.0
1390.395 457.099 260.35 1.0
1376.68 498.85 260.35 1.0
1301.903 667.774 260.35 1.0
1206.222 825.609 260.35 1.0
1091.144 969.913 260.35 1.0
958.556 1098.317 260.35 1.0
810.638 1208.711 260.35 1.0
649.817 1299.284 260.35 1.0
478.734 1368.547 260.35 1.0
300.199 1415.365 260.35 1.0
117.142 1438.967 260.35 1.0
11.791 1438.968 260.35 1.0
11.791 1339.001 260.35 1.0
113.803 1339.001 260.35 1.0
114.399 1338.98 260.35 1.0
114.993 1338.92 260.35 1.0
291.252 1315.216 260.35 1.0
291.852 1315.114 260.35 1.0
292.444 1314.973 260.35 1.0
463.971 1267.987 260.35 1.0
464.552 1267.807 260.35 1.0
465.12 1267.588 260.35 1.0
628.854 1198.159 260.35 1.0
629.406 1197.903 260.35 1.0
629.94 1197.61 260.35 1.0
782.959 1106.977 260.35 1.0
783.471 1106.65 260.35 1.0
783.961 1106.289 260.35 1.0
923.535 996.069 260.35 1.0
923.999 995.676 260.35 1.0
924.437 995.253 260.35 1.0
1048.074 867.413 260.35 1.0
1048.482 866.962 260.35 1.0
1048.859 866.484 260.35 1.0
1154.354 723.306 260.35 1.0
1154.698 722.804 260.35 1.0
1155.008 722.281 260.35 1.0
1240.478 566.318 260.35 1.0
1240.752 565.775 260.35 1.0
1240.99 565.215 260.35 1.0
1304.88 399.328 260.35 1.0
1305.058 398.823 260.35 1.0
1308.366 388.448 260.35 1.0
1314.874 366.394 260.35 1.0
1314.874 366.394 280.35 0.0
1313.812 351.642 280.35 0.0
1417.366 351.622 280.35 1.0
1398.343 415.086 280.35 1.0
1386.599 454.263 280.35 1.0
1378.89 479.395 280.35 1.0
1377.149 484.915 280.35 1.0
1373.014 497.501 280.35 1.0
1298.439 665.967 280.35 1.0
1203.018 823.374 280.35 1.0
1088.252 967.287 280.35 1.0
956.024 1095.342 280.35 1.0
808.507 1205.437 280.35 1.0
648.122 1295.764 280.35 1.0
477.503 1364.84 280.35 1.0
299.452 1411.531 280.35 1.0
116.892 1435.069 280.35 1.0
11.808 1435.069 280.35 1.0
11.808 1334.633 280.35 1.0
113.487 1334.633 280.35 1.0
114.108 1334.612 280.35 1.0
114.701 1334.552 280.35 1.0
290.38 1310.925 280.35 1.0
290.98 1310.824 280.35 1.0
291.572 1310.683 280.35 1.0
462.535 1263.851 280.35 1.0
463.116 1263.671 280.35 1.0
463.684 1263.452 280.35 1.0
626.88 1194.252 280.35 1.0
627.431 1193.996 280.35 1.0
627.965 1193.703 280.35 1.0
780.481 1103.368 280.35 1.0
780.993 1103.041 280.35 1.0
781.484 1102.679 280.35 1.0
920.598 992.822 280.35 1.0
921.063 992.429 280.35 1.0
921.5 992.006 280.35 1.0
1044.731 864.586 280.35 1.0
1045.139 864.135 280.35 1.0
1045.516 863.658 280.35 1.0
1150.664 720.95 280.35 1.0
1151.008 720.448 280.35 1.0
1151.318 719.925 280.35 1.0
1236.507 564.475 280.35 1.0
1236.781 563.933 280.35 1.0
1237.019 563.372 280.35 1.0
1300.798 397.763 280.35 1.0
1300.985 397.174 280.35 1.0
1311.126 360.907 280.35 1.0
1312.976 354.524 280.35 1.0
1312.976 354.524 300.35 0.0
1311.887 339.769 300.35 0.0
1415.412 339.804 300.35 1.0
1396.36 403.33 300.35 1.0
1368.563 496.019 300.35 1.0
1294.29 663.802 300.35 1.0
1199.18 820.697 300.35 1.0
1084.787 964.141 300.35 1.0
952.99 1091.778 300.35 1.0
805.954 1201.515 300.35 1.0
646.091 1291.547 300.35 1.0
476.029 1360.398 300.35 1.0
298.557 1406.937 300.35 1.0
116.592 1430.398 300.35 1.0
11.825 1430.398 300.35 1.0
11.825 1329.426 300.35 1.0
113.139 1329.426 300.35 1.0
113.762 1329.405 300.35 1.0
114.352 1329.345 300.35 1.0
289.341 1305.811 300.35 1.0
289.94 1305.71 300.35 1.0
290.533 1305.569 300.35 1.0
460.823 1258.922 300.35 1.0
461.404 1258.742 300.35 1.0
461.972 1258.523 300.35 1.0
624.526 1189.594 300.35 1.0
625.078 1189.338 300.35 1.0
625.611 1189.046 300.35 1.0
777.528 1099.065 300.35 1.0
778.04 1098.738 300.35 1.0
778.53 1098.377 300.35 1.0
917.098 988.952 300.35 1.0
917.562 988.559 300.35 1.0
918.0 988.136 300.35 1.0
1040.746 861.217 300.35 1.0
1041.154 860.766 300.35 1.0
1041.531 860.288 300.35 1.0
1146.265 718.142 300.35 1.0
1146.61 717.641 300.35 1.0
1146.92 717.117 300.35 1.0
1231.773 562.279 300.35 1.0
1232.048 561.736 300.35 1.0
1232.285 561.176 300.35 1.0
1295.814 396.217 300.35 1.0
1296.001 395.628 300.35 1.0
1304.361 365.728 300.35 1.0
1311.052 342.65 300.35 1.0
1311.052 342.65 320.35 0.0
1310.125 327.335 320.35 0.0
1413.638 327.301 320.35 1.0
1394.553 390.915 320.35 1.0
1363.572 494.182 320.35 1.0
1289.575 661.343 320.35 1.0
1194.818 817.654 320.35 1.0
1080.85 960.565 320.35 1.0
949.543 1087.729 320.35 1.0
803.052 1197.058 320.35 1.0
643.784 1286.756 320.35 1.0
474.353 1355.351 320.35 1.0
297.541 1401.717 320.35 1.0
116.251 1425.091 320.35 1.0
11.842 1425.091 320.35 1.0
11.842 1324.22 320.35 1.0
112.79 1324.22 320.35 1.0
113.415 1324.198 320.35 1.0
114.003 1324.138 320.35 1.0
288.301 1300.698 320.35 1.0
288.901 1300.597 320.35 1.0
289.493 1300.455 320.35 1.0
459.112 1253.992 320.35 1.0
459.692 1253.812 320.35 1.0
460.26 1253.593 320.35 1.0
622.172 1184.936 320.35 1.0
622.724 1184.681 320.35 1.0
623.258 1184.388 320.35 1.0
774.574 1094.763 320.35 1.0
775.087 1094.436 320.35 1.0
775.577 1094.075 320.35 1.0
913.597 985.081 320.35 1.0
914.062 984.689 320.35 1.0
914.499 984.266 320.35 1.0
1036.761 857.848 320.35 1.0
1037.169 857.397 320.35 1.0
1037.546 856.919 320.35 1.0
1141.867 715.334 320.35 1.0
1142.211 714.833 320.35 1.0
1142.521 714.309 320.35 1.0
1227.04 560.082 320.35 1.0
1227.314 559.539 320.35 1.0
1227.552 558.979 320.35 1.0
1290.83 394.671 320.35 1.0
1291.017 394.082 320.35 1.0
1297.597 370.548 320.35 1.0
1309.29 330.216 320.35 1.0
1309.29 330.216 340.35 0.0
1308.621 311.809 340.35 0.0
1412.524 311.809 340.35 1.0
1411.731 314.955 340.35 1.0
1358.581 492.346 340.35 1.0
1284.86 658.883 340.35 1.0
1190.456 814.612 340.35 1.0
1076.914 956.99 340.35 1.0
946.096 1083.68 340.35 1.0
800.151 1192.601 340.35 1.0
641.477 1281.965 340.35 1.0
472.677 1350.304 340.35 1.0
296.524 1396.497 340.35 1.0
115.911 1419.784 340.35 1.0
11.859 1419.784 340.35 1.0
11.859 1319.013 340.35 1.0
112.441 1319.013 340.35 1.0
113.067 1318.991 340.35 1.0
113.655 1318.932 340.35 1.0
287.262 1295.584 340.35 1.0
287.861 1295.483 340.35 1.0
288.454 1295.342 340.35 1.0
457.4 1249.062 340.35 1.0
457.98 1248.882 340.35 1.0
458.549 1248.663 340.35 1.0
619.819 1180.279 340.35 1.0
620.37 1180.023 340.35 1.0
620.904 1179.73 340.35 1.0
771.621 1090.461 340.35 1.0
772.133 1090.134 340.35 1.0
772.624 1089.773 340.35 1.0
910.097 981.211 340.35 1.0
910.561 980.818 340.35 1.0
910.999 980.395 340.35 1.0
1032.776 854.479 340.35 1.0
1033.184 854.028 340.35 1.0
1033.561 853.55 340.35 1.0
1137.468 712.526 340.35 1.0
1137.812 712.025 340.35 1.0
1138.123 711.501 340.35 1.0
1222.306 557.886 340.35 1.0
1222.58 557.343 340.35 1.0
1222.818 556.782 340.35 1.0
1285.846 393.125 340.35 1.0
1286.033 392.536 340.35 1.0
1290.833 375.369 340.35 1.0
1300.629 341.579 340.35 1.0
1307.843 314.707 340.35 1.0
1307.843 314.707 360.35 0.0
1307.358 293.546 360.35 0.0
1411.396 293.581 360.35 1.0
1410.093 299.339 360.35 1.0
1406.359 314.162 360.35 1.0
1353.589 490.511 360.35 1.0
1280.145 656.423 360.35 1.0
1186.095 811.569 360.35 1.0
1072.977 953.415 360.35 1.0
942.648 1079.63 360.35 1.0
797.25 1188.144 360.35 1.0
639.169 1277.173 360.35 1.0
471.001 1345.257 360.35 1.0
295.508 1391.277 360.35 1.0
115.57 1414.477 360.35 1.0
11.876 1414.477 360.35 1.0
11.876 1313.806 360.35 1.0
112.093 1313.806 360.35 1.0
112.719 1313.785 360.35 1.0
113.306 1313.725 360.35 1.0
286.223 1290.47 360.35 1.0
286.822 1290.369 360.35 1.0
287.414 1290.228 360.35 1.0
455.688 1244.133 360.35 1.0
456.269 1243.953 360.35 1.0
456.837 1243.734 360.35 1.0
617.465 1175.621 360.35 1.0
618.017 1175.366 360.35 1.0
618.551 1175.073 360.35 1.0
768.668 1086.159 360.35 1.0
769.18 1085.832 360.35 1.0
769.67 1085.47 360.35 1.0
906.596 977.341 360.35 1.0
907.061 976.948 360.35 1.0
907.498 976.525 360.35 1.0
1028.791 851.11 360.35 1.0
1029.199 850.659 360.35 1.0
1029.576 850.181 360.35 1.0
1133.07 709.718 360.35 1.0
1133.414 709.217 360.35 1.0
1133.724 708.693 360.35 1.0
1217.573 555.689 360.35 1.0
1217.847 555.146 360.35 1.0
1218.084 554.586 360.35 1.0
1280.862 391.578 360.35 1.0
1281.048 390.99 360.35 1.0
1284.068 380.189 360.35 1.0
1290.267 358.801 360.35 1.0
1296.82 334.386 360.35 1.0
1306.608 296.451 360.35 1.0
1306.608 296.451 380.35 0.0
1306.361 271.173 380.35 0.0
1410.559 271.143 380.35 1.0
1410.328 272.329 380.35 1.0
1408.757 280.404 380.35 1.0
1404.072 301.13 380.35 1.0
1401.001 313.314 380.35 1.0
1348.598 488.676 380.35 1.0
1275.43 653.963 380.35 1.0
1181.733 808.527 380.35 1.0
1069.04 949.839 380.35 1.0
939.201 1075.581 380.35 1.0
794.349 1183.687 380.35 1.0
636.862 1272.382 380.35 1.0
469.326 1340.21 380.35 1.0
294.491 1386.057 380.35 1.0
115.229 1409.17 380.35 1.0
11.893 1409.17 380.35 1.0
11.893 1308.599 380.35 1.0
111.744 1308.599 380.35 1.0
112.371 1308.578 380.35 1.0
112.958 1308.518 380.35 1.0
285.183 1285.356 380.35 1.0
285.782 1285.255 380.35 1.0
286.375 1285.114 380.35 1.0
453.976 1239.203 380.35 1.0
454.557 1239.023 380.35 1.0
455.125 1238.804 380.35 1.0
615.112 1170.964 380.35 1.0
615.663 1170.708 380.35 1.0
616.197 1170.415 380.35 1.0
765.714 1081.856 380.35 1.0
766.227 1081.529 380.35 1.0
766.717 1081.168 380.35 1.0
903.096 973.471 380.35 1.0
903.56 973.078 380.35 1.0
903.998 972.655 380.35 1.0
1024.806 847.741 380.35 1.0
1025.214 847.29 380.35 1.0
1025.591 846.812 380.35 1.0
1128.671 706.91 380.35 1.0
1129.015 706.409 380.35 1.0
1129.325 705.885 380.35 1.0
1212.839 553.492 380.35 1.0
1213.113 552.95 380.35 1.0
1213.351 552.389 380.35 1.0
1275.878 390.032 380.35 1.0
1276.064 389.444 380.35 1.0
1277.304 385.01 380.35 1.0
1279.808 376.374 380.35 1.0
1282.526 366.255 380.35 1.0
1290.307 336.101 380.35 1.0
1305.641 274.085 380.35 1.0
1305.641 274.085 400.35 0.0
1305.37 247.386 400.35 0.0
1409.359 247.458 400.35 1.0
1408.889 249.876 400.35 1.0
1401.846 286.078 400.35 1.0
1401.751 286.561 400.35 1.0
1398.063 302.866 400.35 1.0
1395.643 312.466 400.35 1.0
1343.606 486.841 400.35 1.0
1270.715 651.504 400.35 1.0
1177.371 805.484 400.35 1.0
1065.103 946.264 400.35 1.0
935.754 1071.532 400.35 1.0
791.448 1179.23 400.35 1.0
634.555 1267.591 400.35 1.0
467.65 1335.163 400.35 1.0
293.475 1380.837 400.35 1.0
114.889 1403.863 400.35 1.0
11.91 1403.863 400.35 1.0
11.91 1303.145 400.35 1.0
111.379 1303.145 400.35 1.0
112.008 1303.123 400.35 1.0
112.593 1303.064 400.35 1.0
284.094 1279.999 400.35 1.0
284.694 1279.898 400.35 1.0
285.286 1279.757 400.35 1.0
452.183 1234.039 400.35 1.0
452.764 1233.859 400.35 1.0
453.332 1233.64 400.35 1.0
612.646 1166.085 400.35 1.0
613.198 1165.829 400.35 1.0
613.732 1165.537 400.35 1.0
762.621 1077.35 400.35 1.0
763.133 1077.023 400.35 1.0
763.623 1076.661 400.35 1.0
899.429 969.416 400.35 1.0
899.894 969.024 400.35 1.0
900.331 968.601 400.35 1.0
1020.631 844.211 400.35 1.0
1021.039 843.76 400.35 1.0
1021.416 843.283 400.35 1.0
1124.064 703.969 400.35 1.0
1124.408 703.467 400.35 1.0
1124.718 702.944 400.35 1.0
1207.88 551.191 400.35 1.0
1208.155 550.649 400.35 1.0
1208.392 550.088 400.35 1.0
1270.584 388.611 400.35 1.0
1270.793 388.006 400.35 1.0
1270.93 387.512 400.35 1.0
1304.654 250.3 400.35 1.0
1304.654 250.3 420.35 0.0
1305.189 219.391 420.35 0.0
1408.601 219.364 420.35 1.0
1407.416 226.201 420.35 1.0
1405.25 238.709 420.35 1.0
1394.768 292.603 420.35 1.0
1392.054 304.601 420.35 1.0
1390.285 311.619 420.35 1.0
1338.615 485.006 420.35 1.0
1266.0 649.044 420.35 1.0
1173.01 802.442 420.35 1.0
1061.166 942.689 420.35 1.0
932.307 1067.482 420.35 1.0
788.547 1174.773 420.35 1.0
632.247 1262.799 420.35 1.0
465.974 1330.116 420.35 1.0
292.458 1375.617 420.35 1.0
114.548 1398.556 420.35 1.0
11.926 1398.556 420.35 1.0
11.926 1297.143 420.35 1.0
110.977 1297.143 420.35 1.0
111.609 1297.121 420.35 1.0
112.191 1297.061 420.35 1.0
282.896 1274.104 420.35 1.0
283.495 1274.003 420.35 1.0
284.088 1273.862 420.35 1.0
450.21 1228.356 420.35 1.0
450.79 1228.176 420.35 1.0
451.359 1227.957 420.35 1.0
609.933 1160.716 420.35 1.0
610.485 1160.46 420.35 1.0
611.019 1160.167 420.35 1.0
759.216 1072.39 420.35 1.0
759.728 1072.063 420.35 1.0
760.219 1071.702 420.35 1.0
895.394 964.955 420.35 1.0
895.858 964.562 420.35 1.0
896.296 964.139 420.35 1.0
1016.037 840.327 420.35 1.0
1016.445 839.876 420.35 1.0
1016.822 839.399 420.35 1.0
1118.993 700.732 420.35 1.0
1119.337 700.23 420.35 1.0
1119.647 699.707 420.35 1.0
1202.423 548.659 420.35 1.0
1202.698 548.116 420.35 1.0
1202.935 547.556 420.35 1.0
1264.838 386.828 420.35 1.0
1265.05 386.215 420.35 1.0
1265.187 385.714 420.35 1.0
1300.054 242.78 420.35 1.0
1303.91 226.603 420.35 1.0
1304.008 226.126 420.35 1.0
1304.671 222.345 420.35 1.0
1304.671 222.345 440.35 0.0
11.943 1291.14 440.35 0.0
110.576 1291.14 440.35 1.0
111.21 1291.118 440.35 1.0
111.789 1291.059 440.35 1.0
281.698 1268.208 440.35 1.0
282.297 1268.107 440.35 1.0
282.889 1267.966 440.35 1.0
448.236 1222.673 440.35 1.0
448.817 1222.493 440.35 1.0
449.385 1222.274 440.35 1.0
607.22 1155.346 440.35 1.0
607.771 1155.09 440.35 1.0
608.305 1154.798 440.35 1.0
755.811 1067.43 440.35 1.0
756.324 1067.103 440.35 1.0
756.814 1066.742 440.35 1.0
891.358 960.493 440.35 1.0
891.823 960.1 440.35 1.0
892.26 959.677 440.35 1.0
1011.443 836.443 440.35 1.0
1011.851 835.992 440.35 1.0
1012.228 835.515 440.35 1.0
1113.922 697.495 440.35 1.0
1114.266 696.993 440.35 1.0
1114.576 696.47 440.35 1.0
1196.966 546.127 440.35 1.0
1197.241 545.584 440.35 1.0
1197.478 545.024 440.35 1.0
1259.093 385.046 440.35 1.0
1259.304 384.432 440.35 1.0
1259.442 383.932 440.35 1.0
1287.454 269.095 440.35 1.0
1298.214 223.946 440.35 1.0
1298.326 223.406 440.35 1.0
1302.365 200.331 440.35 1.0
1302.7 198.139 440.35 1.0
1304.848 183.961 440.35 1.0
1407.924 184.021 440.35 1.0
1405.645 198.111 440.35 1.0
1401.489 223.801 440.35 1.0
1394.558 263.83 440.35 1.0
1387.785 298.645 440.35 1.0
1386.045 306.337 440.35 1.0
1384.927 310.771 440.35 1.0
1333.624 483.171 440.35 1.0
1261.285 646.584 440.35 1.0
1168.648 799.399 440.35 1.0
1057.23 939.114 440.35 1.0
928.859 1063.433 440.35 1.0
785.646 1170.316 440.35 1.0
629.94 1258.008 440.35 1.0
464.298 1325.069 440.35 1.0
291.441 1370.397 440.35 1.0
114.207 1393.249 440.35 1.0
11.943 1393.249 440.35 1.0
11.943 1294.14 440.35 1.0
11.943 1294.14 460.35 0.0
11.96 1285.138 460.35 0.0
110.174 1285.138 460.35 1.0
110.811 1285.115 460.35 1.0
111.387 1285.056 460.35 1.0
280.499 1262.313 460.35 1.0
281.099 1262.212 460.35 1.0
281.691 1262.071 460.35 1.0
446.263 1216.99 460.35 1.0
446.844 1216.81 460.35 1.0
447.412 1216.591 460.35 1.0
604.507 1149.977 460.35 1.0
605.058 1149.721 460.35 1.0
605.592 1149.428 460.35 1.0
752.406 1062.47 460.35 1.0
752.919 1062.143 460.35 1.0
753.409 1061.782 460.35 1.0
887.323 956.031 460.35 1.0
887.787 955.639 460.35 1.0
888.225 955.215 460.35 1.0
1006.849 832.559 460.35 1.0
1007.257 832.108 460.35 1.0
1007.634 831.63 460.35 1.0
1108.851 694.258 460.35 1.0
1109.195 693.756 460.35 1.0
1109.506 693.233 460.35 1.0
1191.509 543.594 460.35 1.0
1191.784 543.052 460.35 1.0
1192.021 542.491 460.35 1.0
1253.347 383.264 460.35 1.0
1253.558 382.65 460.35 1.0
1253.696 382.149 460.35 1.0
1274.855 295.41 460.35 1.0
1292.518 221.29 460.35 1.0
1292.63 220.75 460.35 1.0
1295.718 203.099 460.35 1.0
1298.938 181.843 460.35 1.0
1301.21 162.706 460.35 1.0
1304.862 131.88 460.35 1.0
1407.543 132.003 460.35 1.0
1403.091 162.767 460.35 1.0
1399.24 189.382 460.35 1.0
1391.236 244.695 460.35 1.0
1387.062 270.505 460.35 1.0
1383.896 288.783 460.35 1.0
1380.802 304.687 460.35 1.0
1380.036 308.073 460.35 1.0
1379.569 309.923 460.35 1.0
1328.632 481.336 460.35 1.0
1256.571 644.124 460.35 1.0
1164.286 796.357 460.35 1.0
1053.293 935.538 460.35 1.0
925.412 1059.384 460.35 1.0
782.744 1165.859 460.35 1.0
627.632 1253.217 460.35 1.0
462.623 1320.022 460.35 1.0
290.425 1365.178 460.35 1.0
113.866 1387.942 460.35 1.0
11.96 1387.942 460.35 1.0
11.96 1288.138 460.35 1.0
11.96 1288.138 480.35 0.0
11.977 1279.135 480.35 0.0
109.772 1279.135 480.35 1.0
110.411 1279.113 480.35 1.0
110.985 1279.054 480.35 1.0
279.301 1256.418 480.35 1.0
279.9 1256.317 480.35 1.0
280.493 1256.175 480.35 1.0
444.29 1211.307 480.35 1.0
444.87 1211.127 480.35 1.0
445.438 1210.908 480.35 1.0
601.793 1144.608 480.35 1.0
602.345 1144.352 480.35 1.0
602.879 1144.059 480.35 1.0
749.002 1057.511 480.35 1.0
749.514 1057.183 480.35 1.0
750.004 1056.822 480.35 1.0
883.288 951.569 480.35 1.0
883.752 951.177 480.35 1.0
884.19 950.754 480.35 1.0
1002.255 828.675 480.35 1.0
1002.663 828.224 480.35 1.0
1003.04 827.746 480.35 1.0
1103.78 691.021 480.35 1.0
1104.125 690.519 480.35 1.0
1104.435 689.995 480.35 1.0
1186.053 541.062 480.35 1.0
1186.327 540.519 480.35 1.0
1186.564 539.959 480.35 1.0
1247.601 381.481 480.35 1.0
1247.793 380.93 480.35 1.0
1247.95 380.367 480.35 1.0
1262.266 321.678 480.35 1.0
1286.823 218.634 480.35 1.0
1286.934 218.093 480.35 1.0
1289.036 206.074 480.35 1.0
1291.254 191.403 480.35 1.0
1297.818 135.995 480.35 1.0
1300.373 110.613 480.35 1.0
1302.308 91.345 480.35 1.0
1304.152 66.429 480.35 1.0
1305.107 45.027 480.35 1.0
1305.368 11.267 480.35 1.0
1408.213 11.267 480.35 1.0
1407.927 44.236 480.35 1.0
1407.862 46.553 480.35 1.0
1403.748 110.737 480.35 1.0
1402.242 134.234 480.35 1.0
1373.914 309.453 480.35 1.0
1323.463 479.439 480.35 1.0
1251.689 641.577 480.35 1.0
1159.77 793.206 480.35 1.0
1049.217 931.836 480.35 1.0
921.843 1055.191 480.35 1.0
779.741 1161.245 480.35 1.0
625.243 1248.256 480.35 1.0
460.888 1314.796 480.35 1.0
289.372 1359.773 480.35 1.0
113.514 1382.447 480.35 1.0
11.977 1382.447 480.35 1.0
11.977 1282.135 480.35 1.0
11.977 1282.135 500.35 0.0
1299.096 11.255 500.35 0.0
1401.522 11.255 500.35 1.0
1401.304 36.37 500.35 1.0
1400.741 54.121 500.35 1.0
1395.647 133.597 500.35 1.0
1367.454 307.979 500.35 1.0
1317.245 477.151 500.35 1.0
1245.815 638.513 500.35 1.0
1154.336 789.416 500.35 1.0
1044.312 927.382 500.35 1.0
917.548 1050.146 500.35 1.0
776.126 1155.692 500.35 1.0
622.369 1242.287 500.35 1.0
458.8 1308.508 500.35 1.0
288.106 1353.27 500.35 1.0
113.089 1375.835 500.35 1.0
11.994 1375.835 500.35 1.0
11.994 1273.133 500.35 1.0
109.37 1273.133 500.35 1.0
110.009 1273.11 500.35 1.0
110.584 1273.051 500.35 1.0
278.103 1250.522 500.35 1.0
278.702 1250.421 500.35 1.0
279.295 1250.28 500.35 1.0
442.316 1205.624 500.35 1.0
442.897 1205.444 500.35 1.0
443.465 1205.225 500.35 1.0
599.08 1139.238 500.35 1.0
599.632 1138.982 500.35 1.0
600.166 1138.69 500.35 1.0
745.597 1052.551 500.35 1.0
746.109 1052.224 500.35 1.0
746.6 1051.862 500.35 1.0
879.252 947.108 500.35 1.0
879.717 946.715 500.35 1.0
880.154 946.292 500.35 1.0
997.661 824.791 500.35 1.0
998.069 824.34 500.35 1.0
998.446 823.862 500.35 1.0
1098.71 687.783 500.35 1.0
1099.054 687.282 500.35 1.0
1099.364 686.758 500.35 1.0
1180.596 538.53 500.35 1.0
1180.87 537.987 500.35 1.0
1181.107 537.427 500.35 1.0
1241.855 379.699 500.35 1.0
1242.067 379.085 500.35 1.0
1242.204 378.584 500.35 1.0
1249.666 347.992 500.35 1.0
1281.127 215.977 500.35 1.0
1281.239 215.437 500.35 1.0
1282.355 209.049 500.35 1.0
1283.531 201.255 500.35 1.0
1286.945 172.432 500.35 1.0
1297.349 69.033 500.35 1.0
1298.322 55.954 500.35 1.0
1298.831 44.708 500.35 1.0
1299.072 14.255 500.35 1.0
1299.072 14.255 520.35 0.0
12.011 1267.13 520.35 0.0
108.968 1267.13 520.35 1.0
109.607 1267.108 520.35 1.0
110.182 1267.049 520.35 1.0
276.904 1244.627 520.35 1.0
277.504 1244.526 520.35 1.0
278.096 1244.385 520.35 1.0
440.343 1199.941 520.35 1.0
440.923 1199.76 520.35 1.0
441.492 1199.542 520.35 1.0
596.367 1133.869 520.35 1.0
596.918 1133.613 520.35 1.0
597.452 1133.32 520.35 1.0
742.192 1047.591 520.35 1.0
742.705 1047.264 520.35 1.0
743.195 1046.903 520.35 1.0
875.217 942.646 520.35 1.0
875.681 942.253 520.35 1.0
876.119 941.83 520.35 1.0
993.067 820.907 520.35 1.0
993.475 820.456 520.35 1.0
993.852 819.978 520.35 1.0
1093.639 684.546 520.35 1.0
1093.983 684.045 520.35 1.0
1094.293 683.521 520.35 1.0
1175.139 535.997 520.35 1.0
1175.413 535.455 520.35 1.0
1175.65 534.894 520.35 1.0
1236.111 377.911 520.35 1.0
1236.311 377.337 520.35 1.0
1236.471 376.75 520.35 1.0
1275.431 213.322 520.35 1.0
1275.673 212.023 520.35 1.0
1275.807 211.107 520.35 1.0
1276.09 208.71 520.35 1.0
1292.431 46.243 520.35 1.0
1292.523 44.949 520.35 1.0
1292.572 43.712 520.35 1.0
1292.588 40.655 520.35 1.0
1291.605 11.244 520.35 1.0
1394.83 11.244 520.35 1.0
1394.68 28.504 520.35 1.0
1393.62 61.69 520.35 1.0
1389.052 132.961 520.35 1.0
1360.995 306.505 520.35 1.0
1311.027 474.862 520.35 1.0
1239.941 635.448 520.35 1.0
1148.902 785.626 520.35 1.0
1039.407 922.928 520.35 1.0
913.253 1045.101 520.35 1.0
772.512 1150.139 520.35 1.0
619.494 1236.317 520.35 1.0
456.712 1302.221 520.35 1.0
286.839 1346.766 520.35 1.0
112.665 1369.224 520.35 1.0
12.011 1369.224 520.35 1.0
12.011 1270.13 520.35 1.0
12.011 1270.13 540.35 0.0
12.028 1260.319 540.35 0.0
108.512 1260.319 540.35 1.0
109.217 1260.291 540.35 1.0
109.726 1260.237 540.35 1.0
275.545 1237.937 540.35 1.0
276.144 1237.836 540.35 1.0
276.737 1237.695 540.35 1.0
438.104 1193.492 540.35 1.0
438.684 1193.312 540.35 1.0
439.252 1193.093 540.35 1.0
593.288 1127.776 540.35 1.0
593.839 1127.52 540.35 1.0
594.373 1127.228 540.35 1.0
738.329 1041.963 540.35 1.0
738.841 1041.636 540.35 1.0
739.331 1041.274 540.35 1.0
870.638 937.583 540.35 1.0
871.102 937.19 540.35 1.0
871.54 936.767 540.35 1.0
987.853 816.5 540.35 1.0
988.261 816.048 540.35 1.0
988.639 815.571 540.35 1.0
1087.885 680.873 540.35 1.0
1088.229 680.372 540.35 1.0
1088.539 679.848 540.35 1.0
1168.946 533.124 540.35 1.0
1169.22 532.581 540.35 1.0
1169.458 532.021 540.35 1.0
1229.591 375.889 540.35 1.0
1229.791 375.314 540.35 1.0
1229.951 374.727 540.35 1.0
1268.765 211.855 540.35 1.0
1268.869 211.316 540.35 1.0
1268.94 210.774 540.35 1.0
1285.702 44.139 540.35 1.0
1285.73 43.629 540.35 1.0
1285.728 43.087 540.35 1.0
1284.663 11.233 540.35 1.0
1388.138 11.233 540.35 1.0
1388.057 20.637 540.35 1.0
1386.5 69.259 540.35 1.0
1382.458 132.325 540.35 1.0
1354.536 305.03 540.35 1.0
1304.81 472.574 540.35 1.0
1234.067 632.384 540.35 1.0
1143.468 781.835 540.35 1.0
1034.503 918.474 540.35 1.0
908.959 1040.056 540.35 1.0
768.898 1144.587 540.35 1.0
616.619 1230.348 540.35 1.0
454.625 1295.933 540.35 1.0
285.573 1340.263 540.35 1.0
112.24 1362.612 540.35 1.0
12.028 1362.612 540.35 1.0
12.028 1263.319 540.35 1.0
12.028 1263.319 560.35 0.0
1277.775 11.222 560.35 0.0
1381.447 11.222 560.35 1.0
1381.433 12.771 560.35 1.0
1379.379 76.828 560.35 1.0
1375.863 131.689 560.35 1.0
1348.077 303.556 560.35 1.0
1298.592 470.286 560.35 1.0
1228.193 629.319 560.35 1.0
1138.035 778.045 560.35 1.0
1029.598 914.02 560.35 1.0
904.664 1035.012 560.35 1.0
765.283 1139.034 560.35 1.0
613.745 1224.379 560.35 1.0
452.537 1289.645 560.35 1.0
284.306 1333.76 560.35 1.0
111.816 1356.0 560.35 1.0
12.045 1356.0 560.35 1.0
12.045 1253.435 560.35 1.0
108.052 1253.435 560.35 1.0
108.758 1253.407 560.35 1.0
109.265 1253.354 560.35 1.0
274.171 1231.176 560.35 1.0
274.77 1231.075 560.35 1.0
275.362 1230.934 560.35 1.0
435.84 1186.974 560.35 1.0
436.421 1186.794 560.35 1.0
436.989 1186.575 560.35 1.0
590.176 1121.618 560.35 1.0
590.728 1121.362 560.35 1.0
591.262 1121.07 560.35 1.0
734.424 1036.275 560.35 1.0
734.937 1035.948 560.35 1.0
735.427 1035.586 560.35 1.0
866.01 932.466 560.35 1.0
866.474 932.074 560.35 1.0
866.912 931.65 560.35 1.0
982.585 812.045 560.35 1.0
982.993 811.594 560.35 1.0
983.37 811.117 560.35 1.0
1082.069 677.161 560.35 1.0
1082.414 676.659 560.35 1.0
1082.724 676.136 560.35 1.0
1162.688 530.22 560.35 1.0
1162.962 529.677 560.35 1.0
1163.2 529.117 560.35 1.0
1223.002 373.845 560.35 1.0
1223.201 373.27 560.35 1.0
1223.362 372.683 560.35 1.0
1261.962 210.707 560.35 1.0
1262.066 210.168 560.35 1.0
1262.137 209.626 560.35 1.0
1278.807 43.909 560.35 1.0
1278.834 43.399 560.35 1.0
1278.832 42.856 560.35 1.0
1277.875 14.22 560.35 1.0
1277.875 14.22 580.35 0.0
1270.887 11.21 580.35 0.0
1374.606 11.21 580.35 1.0
1372.259 84.397 580.35 1.0
1369.268 131.053 580.35 1.0
1341.618 302.082 580.35 1.0
1292.374 467.998 580.35 1.0
1222.319 626.255 580.35 1.0
1132.601 774.254 580.35 1.0
1024.694 909.565 580.35 1.0
900.369 1029.967 580.35 1.0
761.669 1133.482 580.35 1.0
610.87 1218.41 580.35 1.0
450.449 1283.357 580.35 1.0
283.04 1327.257 580.35 1.0
111.391 1349.389 580.35 1.0
12.061 1349.389 580.35 1.0
12.061 1246.551 580.35 1.0
107.591 1246.551 580.35 1.0
108.299 1246.524 580.35 1.0
108.804 1246.47 580.35 1.0
272.796 1224.415 580.35 1.0
273.396 1224.314 580.35 1.0
273.988 1224.173 580.35 1.0
433.577 1180.457 580.35 1.0
434.158 1180.277 580.35 1.0
434.726 1180.058 580.35 1.0
587.065 1115.461 580.35 1.0
587.616 1115.205 580.35 1.0
588.15 1114.912 580.35 1.0
730.52 1030.587 580.35 1.0
731.032 1030.26 580.35 1.0
731.522 1029.899 580.35 1.0
861.382 927.349 580.35 1.0
861.846 926.957 580.35 1.0
862.284 926.534 580.35 1.0
977.316 807.591 580.35 1.0
977.724 807.14 580.35 1.0
978.102 806.662 580.35 1.0
1076.254 673.448 580.35 1.0
1076.598 672.947 580.35 1.0
1076.909 672.423 580.35 1.0
1156.43 527.316 580.35 1.0
1156.704 526.773 580.35 1.0
1156.942 526.213 580.35 1.0
1216.412 371.8 580.35 1.0
1216.612 371.226 580.35 1.0
1216.773 370.639 580.35 1.0
1255.159 209.56 580.35 1.0
1255.263 209.02 580.35 1.0
1255.334 208.479 580.35 1.0
1271.911 43.678 580.35 1.0
1271.939 43.168 580.35 1.0
1271.937 42.626 580.35 1.0
1270.987 14.209 580.35 1.0
1270.987 14.209 600.35 0.0
1263.999 11.199 600.35 0.0
1367.728 11.199 600.35 1.0
1366.029 64.195 600.35 1.0
1365.138 91.966 600.35 1.0
1362.673 130.417 600.35 1.0
1335.158 300.608 600.35 1.0
1286.157 465.71 600.35 1.0
1216.445 623.191 600.35 1.0
1127.167 770.464 600.35 1.0
1019.789 905.111 600.35 1.0
896.074 1024.922 600.35 1.0
758.055 1127.929 600.35 1.0
607.996 1212.441 600.35 1.0
448.361 1277.069 600.35 1.0
281.773 1320.754 600.35 1.0
110.967 1342.777 600.35 1.0
12.078 1342.777 600.35 1.0
12.078 1239.667 600.35 1.0
107.13 1239.667 600.35 1.0
107.84 1239.64 600.35 1.0
108.343 1239.586 600.35 1.0
271.422 1217.654 600.35 1.0
272.021 1217.553 600.35 1.0
272.614 1217.412 600.35 1.0
431.314 1173.939 600.35 1.0
431.895 1173.759 600.35 1.0
432.463 1173.541 600.35 1.0
583.953 1109.303 600.35 1.0
584.505 1109.047 600.35 1.0
585.039 1108.755 600.35 1.0
726.615 1024.899 600.35 1.0
727.128 1024.572 600.35 1.0
727.618 1024.211 600.35 1.0
856.754 922.233 600.35 1.0
857.218 921.84 600.35 1.0
857.656 921.417 600.35 1.0
972.048 803.137 600.35 1.0
972.456 802.686 600.35 1.0
972.833 802.208 600.35 1.0
1070.439 669.736 600.35 1.0
1070.783 669.235 600.35 1.0
1071.093 668.711 600.35 1.0
1150.172 524.412 600.35 1.0
1150.446 523.869 600.35 1.0
1150.683 523.309 600.35 1.0
1209.823 369.756 600.35 1.0
1210.022 369.182 600.35 1.0
1210.183 368.595 600.35 1.0
1248.356 208.412 600.35 1.0
1248.46 207.873 600.35 1.0
1248.531 207.331 600.35 1.0
1265.016 43.448 600.35 1.0
1265.044 42.937 600.35 1.0
1265.042 42.395 600.35 1.0
1264.099 14.197 600.35 1.0
1264.099 14.197 620.35 0.0
1257.111 11.188 620.35 0.0
1360.851 11.188 620.35 1.0
1359.15 64.205 620.35 1.0
1358.017 99.535 620.35 1.0
1356.079 129.78 620.35 1.0
1328.699 299.133 620.35 1.0
1279.939 463.422 620.35 1.0
1210.571 620.126 620.35 1.0
1121.733 766.673 620.35 1.0
1014.885 900.657 620.35 1.0
891.78 1019.877 620.35 1.0
754.44 1122.376 620.35 1.0
605.121 1206.472 620.35 1.0
446.274 1270.782 620.35 1.0
280.507 1314.251 620.35 1.0
110.542 1336.165 620.35 1.0
12.095 1336.165 620.35 1.0
12.095 1232.784 620.35 1.0
106.669 1232.784 620.35 1.0
107.381 1232.756 620.35 1.0
107.883 1232.702 620.35 1.0
270.048 1210.893 620.35 1.0
270.647 1210.792 620.35 1.0
271.24 1210.651 620.35 1.0
429.051 1167.422 620.35 1.0
429.632 1167.242 620.35 1.0
430.2 1167.023 620.35 1.0
580.842 1103.146 620.35 1.0
581.393 1102.89 620.35 1.0
581.927 1102.597 620.35 1.0
722.711 1019.211 620.35 1.0
723.223 1018.884 620.35 1.0
723.713 1018.523 620.35 1.0
852.126 917.116 620.35 1.0
852.591 916.723 620.35 1.0
853.028 916.3 620.35 1.0
966.779 798.682 620.35 1.0
967.187 798.231 620.35 1.0
967.564 797.754 620.35 1.0
1064.624 666.024 620.35 1.0
1064.968 665.522 620.35 1.0
1065.278 664.999 620.35 1.0
1143.913 521.508 620.35 1.0
1144.188 520.965 620.35 1.0
1144.425 520.404 620.35 1.0
1203.233 367.712 620.35 1.0
1203.433 367.138 620.35 1.0
1203.594 366.551 620.35 1.0
1241.553 207.264 620.35 1.0
1241.657 206.725 620.35 1.0
1241.728 206.184 620.35 1.0
1258.121 43.217 620.35 1.0
1258.149 42.707 620.35 1.0
1258.147 42.165 620.35 1.0
1257.211 14.186 620.35 1.0
1257.211 14.186 640.35 0.0
1250.223 11.176 640.35 0.0
1353.973 11.176 640.35 1.0
1352.272 64.215 640.35 1.0
1350.897 107.104 640.35 1.0
1349.484 129.144 640.35 1.0
1322.24 297.659 640.35 1.0
1273.722 461.134 640.35 1.0
1204.697 617.062 640.35 1.0
1116.299 762.883 640.35 1.0
1009.98 896.203 640.35 1.0
887.485 1014.832 640.35 1.0
750.826 1116.824 640.35 1.0
602.246 1200.502 640.35 1.0
444.186 1264.494 640.35 1.0
279.24 1307.748 640.35 1.0
110.118 1329.554 640.35 1.0
12.112 1329.554 640.35 1.0
12.112 1225.9 640.35 1.0
106.208 1225.9 640.35 1.0
106.922 1225.872 640.35 1.0
107.422 1225.819 640.35 1.0
268.674 1204.132 640.35 1.0
269.273 1204.031 640.35 1.0
269.865 1203.89 640.35 1.0
426.788 1160.905 640.35 1.0
427.369 1160.725 640.35 1.0
427.937 1160.506 640.35 1.0
577.73 1096.988 640.35 1.0
578.282 1096.732 640.35 1.0
578.815 1096.439 640.35 1.0
718.806 1013.523 640.35 1.0
719.318 1013.196 640.35 1.0
719.809 1012.835 640.35 1.0
847.498 911.999 640.35 1.0
847.963 911.607 640.35 1.0
848.4 911.183 640.35 1.0
961.511 794.228 640.35 1.0
961.919 793.777 640.35 1.0
962.296 793.299 640.35 1.0
1058.808 662.312 640.35 1.0
1059.152 661.81 640.35 1.0
1059.463 661.286 640.35 1.0
1137.655 518.604 640.35 1.0
1137.93 518.061 640.35 1.0
1138.167 517.5 640.35 1.0
1196.644 365.668 640.35 1.0
1196.844 365.094 640.35 1.0
1197.004 364.507 640.35 1.0
1234.75 206.117 640.35 1.0
1234.854 205.578 640.35 1.0
1234.925 205.036 640.35 1.0
1251.226 42.987 640.35 1.0
1251.253 42.476 640.35 1.0
1251.251 41.934 640.35 1.0
1250.323 14.175 640.35 1.0
1250.323 14.175 660.35 0.0
1243.135 11.165 660.35 0.0
1347.096 11.165 660.35 1.0
1345.391 64.332 660.35 1.0
1343.776 114.672 660.35 1.0
1342.889 128.508 660.35 1.0
1315.781 296.185 660.35 1.0
1267.504 458.845 660.35 1.0
1198.823 613.997 660.35 1.0
1110.865 759.092 660.35 1.0
1005.075 891.749 660.35 1.0
883.19 1009.788 660.35 1.0
747.212 1111.271 660.35 1.0
599.372 1194.533 660.35 1.0
442.098 1258.206 660.35 1.0
277.974 1301.244 660.35 1.0
109.693 1322.942 660.35 1.0
12.129 1322.942 660.35 1.0
12.129 1218.816 660.35 1.0
105.734 1218.816 660.35 1.0
106.45 1218.788 660.35 1.0
106.947 1218.735 660.35 1.0
267.26 1197.175 660.35 1.0
267.859 1197.074 660.35 1.0
268.451 1196.933 660.35 1.0
424.459 1154.198 660.35 1.0
425.04 1154.018 660.35 1.0
425.608 1153.799 660.35 1.0
574.528 1090.651 660.35 1.0
575.079 1090.395 660.35 1.0
575.613 1090.103 660.35 1.0
714.788 1007.67 660.35 1.0
715.3 1007.342 660.35 1.0
715.79 1006.981 660.35 1.0
842.736 906.734 660.35 1.0
843.2 906.341 660.35 1.0
843.638 905.918 660.35 1.0
956.089 789.644 660.35 1.0
956.497 789.193 660.35 1.0
956.874 788.716 660.35 1.0
1052.824 658.491 660.35 1.0
1053.168 657.99 660.35 1.0
1053.478 657.466 660.35 1.0
1131.215 515.615 660.35 1.0
1131.489 515.072 660.35 1.0
1131.727 514.512 660.35 1.0
1189.863 363.565 660.35 1.0
1190.063 362.99 660.35 1.0
1190.223 362.403 660.35 1.0
1227.749 204.936 660.35 1.0
1227.853 204.397 660.35 1.0
1227.924 203.855 660.35 1.0
1244.13 42.749 660.35 1.0
1244.157 42.239 660.35 1.0
1244.155 41.697 660.35 1.0
1243.235 14.163 660.35 1.0
1243.235 14.163 680.35 0.0
1235.279 11.154 680.35 0.0
1340.218 11.154 680.35 1.0
1338.496 64.859 680.35 1.0
1336.656 122.241 680.35 1.0
1336.295 127.872 680.35 1.0
1309.322 294.711 680.35 1.0
1261.286 456.557 680.35 1.0
1192.949 610.933 680.35 1.0
1105.431 755.302 680.35 1.0
1000.171 887.294 680.35 1.0
878.896 1004.743 680.35 1.0
743.597 1105.719 680.35 1.0
596.497 1188.564 680.35 1.0
440.011 1251.918 680.35 1.0
276.708 1294.741 680.35 1.0
109.269 1316.33 680.35 1.0
12.146 1316.33 680.35 1.0
12.146 1210.965 680.35 1.0
105.209 1210.965 680.35 1.0
105.804 1210.946 680.35 1.0
106.422 1210.884 680.35 1.0
265.692 1189.464 680.35 1.0
266.292 1189.363 680.35 1.0
266.884 1189.222 680.35 1.0
421.878 1146.765 680.35 1.0
422.459 1146.585 680.35 1.0
423.027 1146.366 680.35 1.0
570.979 1083.629 680.35 1.0
571.531 1083.373 680.35 1.0
572.065 1083.08 680.35 1.0
710.335 1001.183 680.35 1.0
710.847 1000.856 680.35 1.0
711.337 1000.494 680.35 1.0
837.458 900.898 680.35 1.0
837.922 900.505 680.35 1.0
838.36 900.082 680.35 1.0
950.08 784.564 680.35 1.0
950.488 784.113 680.35 1.0
950.866 783.636 680.35 1.0
1046.192 654.257 680.35 1.0
1046.536 653.756 680.35 1.0
1046.846 653.232 680.35 1.0
1124.078 512.303 680.35 1.0
1124.352 511.76 680.35 1.0
1124.59 511.2 680.35 1.0
1182.348 361.234 680.35 1.0
1182.548 360.659 680.35 1.0
1182.708 360.072 680.35 1.0
1219.99 203.627 680.35 1.0
1220.094 203.088 680.35 1.0
1220.165 202.547 680.35 1.0
1236.266 42.486 680.35 1.0
1236.294 41.976 680.35 1.0
1236.292 41.434 680.35 1.0
1235.38 14.152 680.35 1.0
1235.38 14.152 700.35 0.0
1227.424 11.142 700.35 0.0
1333.11 11.142 700.35 1.0
1331.374 65.264 700.35 1.0
1329.382 127.386 700.35 1.0
1302.579 293.172 700.35 1.0
1254.796 454.169 700.35 1.0
1186.817 607.734 700.35 1.0
1099.759 751.345 700.35 1.0
995.051 882.645 700.35 1.0
874.413 999.477 700.35 1.0
739.824 1099.922 700.35 1.0
593.496 1182.333 700.35 1.0
437.831 1245.355 700.35 1.0
275.385 1287.953 700.35 1.0
108.826 1309.428 700.35 1.0
12.163 1309.428 700.35 1.0
12.163 1203.115 700.35 1.0
104.683 1203.115 700.35 1.0
105.282 1203.095 700.35 1.0
105.896 1203.034 700.35 1.0
264.125 1181.754 700.35 1.0
264.724 1181.653 700.35 1.0
265.317 1181.512 700.35 1.0
419.297 1139.332 700.35 1.0
419.878 1139.152 700.35 1.0
420.446 1138.933 700.35 1.0
567.431 1076.606 700.35 1.0
567.982 1076.35 700.35 1.0
568.516 1076.058 700.35 1.0
705.882 994.696 700.35 1.0
706.394 994.369 700.35 1.0
706.885 994.008 700.35 1.0
832.18 895.063 700.35 1.0
832.645 894.67 700.35 1.0
833.082 894.247 700.35 1.0
944.072 779.484 700.35 1.0
944.48 779.033 700.35 1.0
944.857 778.556 700.35 1.0
1039.56 650.024 700.35 1.0
1039.904 649.522 700.35 1.0
1040.214 648.999 700.35 1.0
1116.941 508.991 700.35 1.0
1117.215 508.448 700.35 1.0
1117.453 507.888 700.35 1.0
1174.833 358.903 700.35 1.0
1175.033 358.328 700.35 1.0
1175.194 357.741 700.35 1.0
1212.232 202.319 700.35 1.0
1212.336 201.78 700.35 1.0
1212.407 201.238 700.35 1.0
1228.402 42.224 700.35 1.0
1228.43 41.713 700.35 1.0
1228.428 41.171 700.35 1.0
1227.524 14.141 700.35 1.0
1227.524 14.141 720.35 0.0
1219.569 11.131 720.35 0.0
1325.21 11.131 720.35 1.0
1323.475 65.247 720.35 1.0
1321.507 126.626 720.35 1.0
1294.866 291.411 720.35 1.0
1247.371 451.436 720.35 1.0
1179.803 604.074 720.35 1.0
1093.27 746.819 720.35 1.0
989.194 877.326 720.35 1.0
869.284 993.452 720.35 1.0
735.508 1093.292 720.35 1.0
590.064 1175.205 720.35 1.0
435.338 1237.846 720.35 1.0
273.873 1280.187 720.35 1.0
108.319 1301.533 720.35 1.0
12.18 1301.533 720.35 1.0
12.18 1195.264 720.35 1.0
104.157 1195.264 720.35 1.0
104.758 1195.244 720.35 1.0
105.371 1195.183 720.35 1.0
262.558 1174.043 720.35 1.0
263.157 1173.942 720.35 1.0
263.75 1173.801 720.35 1.0
416.716 1131.899 720.35 1.0
417.297 1131.719 720.35 1.0
417.865 1131.5 720.35 1.0
563.882 1069.584 720.35 1.0
564.434 1069.328 720.35 1.0
564.968 1069.035 720.35 1.0
701.429 988.209 720.35 1.0
701.941 987.882 720.35 1.0
702.432 987.521 720.35 1.0
826.902 889.227 720.35 1.0
827.367 888.835 720.35 1.0
827.804 888.411 720.35 1.0
938.063 774.405 720.35 1.0
938.471 773.954 720.35 1.0
938.848 773.476 720.35 1.0
1032.928 645.79 720.35 1.0
1033.272 645.289 720.35 1.0
1033.582 644.765 720.35 1.0
1109.804 505.679 720.35 1.0
1110.078 505.136 720.35 1.0
1110.316 504.576 720.35 1.0
1167.318 356.571 720.35 1.0
1167.518 355.997 720.35 1.0
1167.679 355.41 720.35 1.0
1204.473 201.01 720.35 1.0
1204.577 200.471 720.35 1.0
1204.648 199.929 720.35 1.0
1220.538 41.961 720.35 1.0
1220.566 41.45 720.35 1.0
1220.564 40.908 720.35 1.0
1219.669 14.129 720.35 1.0
1219.669 14.129 740.35 0.0
1211.713 11.12 740.35 0.0
1317.311 11.12 740.35 1.0
1315.576 65.231 740.35 1.0
1313.631 125.866 740.35 1.0
1287.152 289.651 740.35 1.0
1239.946 448.704 740.35 1.0
1172.788 600.415 740.35 1.0
1086.781 742.292 740.35 1.0
983.337 872.007 740.35 1.0
864.155 987.428 740.35 1.0
731.192 1086.661 740.35 1.0
586.631 1168.076 740.35 1.0
432.845 1230.337 740.35 1.0
272.361 1272.421 740.35 1.0
107.812 1293.637 740.35 1.0
12.197 1293.637 740.35 1.0
12.196 1187.414 740.35 1.0
103.632 1187.414 740.35 1.0
104.235 1187.394 740.35 1.0
104.845 1187.332 740.35 1.0
260.991 1166.333 740.35 1.0
261.59 1166.232 740.35 1.0
262.182 1166.091 740.35 1.0
414.135 1124.466 740.35 1.0
414.716 1124.286 740.35 1.0
415.284 1124.067 740.35 1.0
560.333 1062.561 740.35 1.0
560.885 1062.305 740.35 1.0
561.419 1062.013 740.35 1.0
696.976 981.722 740.35 1.0
697.488 981.395 740.35 1.0
697.979 981.034 740.35 1.0
821.625 883.392 740.35 1.0
822.089 882.999 740.35 1.0
822.527 882.576 740.35 1.0
932.055 769.325 740.35 1.0
932.463 768.874 740.35 1.0
932.84 768.396 740.35 1.0
1026.296 641.556 740.35 1.0
1026.64 641.055 740.35 1.0
1026.95 640.531 740.35 1.0
1102.667 502.367 740.35 1.0
1102.941 501.824 740.35 1.0
1103.179 501.264 740.35 1.0
1159.803 354.24 740.35 1.0
1160.003 353.666 740.35 1.0
1160.164 353.079 740.35 1.0
1196.715 199.701 740.35 1.0
1196.819 199.162 740.35 1.0
1196.89 198.62 740.35 1.0
1212.675 41.698 740.35 1.0
1212.702 41.188 740.35 1.0
1212.7 40.645 740.35 1.0
1211.813 14.118 740.35 1.0
1211.813 14.118 760.35 0.0
1203.858 11.109 760.35 0.0
1309.412 11.109 760.35 1.0
1307.677 65.214 760.35 1.0
1305.756 125.107 760.35 1.0
1279.439 287.89 760.35 1.0
1232.521 445.971 760.35 1.0
1165.773 596.755 760.35 1.0
1080.292 737.766 760.35 1.0
977.48 866.687 760.35 1.0
859.027 981.403 760.35 1.0
726.876 1080.03 760.35 1.0
583.198 1160.948 760.35 1.0
430.352 1222.828 760.35 1.0
270.848 1264.655 760.35 1.0
107.305 1285.742 760.35 1.0
12.213 1285.742 760.35 1.0
12.213 1179.563 760.35 1.0
103.106 1179.563 760.35 1.0
103.711 1179.543 760.35 1.0
104.32 1179.482 760.35 1.0
259.423 1158.622 760.35 1.0
260.023 1158.521 760.35 1.0
260.615 1158.38 760.35 1.0
411.554 1117.034 760.35 1.0
412.135 1116.853 760.35 1.0
412.703 1116.635 760.35 1.0
556.785 1055.539 760.35 1.0
557.336 1055.283 760.35 1.0
557.87 1054.99 760.35 1.0
692.523 975.235 760.35 1.0
693.036 974.908 760.35 1.0
693.526 974.547 760.35 1.0
816.347 877.556 760.35 1.0
816.811 877.164 760.35 1.0
817.249 876.741 760.35 1.0
926.046 764.245 760.35 1.0
926.454 763.794 760.35 1.0
926.831 763.316 760.35 1.0
1019.664 637.323 760.35 1.0
1020.008 636.821 760.35 1.0
1020.318 636.298 760.35 1.0
1095.529 499.055 760.35 1.0
1095.804 498.512 760.35 1.0
1096.041 497.952 760.35 1.0
1152.289 351.909 760.35 1.0
1152.488 351.335 760.35 1.0
1152.649 350.748 760.35 1.0
1188.956 198.392 760.35 1.0
1189.06 197.853 760.35 1.0
1189.131 197.312 760.35 1.0
1204.811 41.435 760.35 1.0
1204.839 40.925 760.35 1.0
1204.837 40.382 760.35 1.0
1203.958 14.107 760.35 1.0
1203.958 14.107 780.35 0.0
1196.003 11.097 780.35 0.0
1301.513 11.097 780.35 1.0
1299.778 65.197 780.35 1.0
1297.881 124.347 780.35 1.0
1271.725 286.129 780.35 1.0
1225.096 443.239 780.35 1.0
1158.759 593.096 780.35 1.0
1073.803 733.239 780.35 1.0
971.623 861.368 780.35 1.0
853.898 975.379 780.35 1.0
722.56 1073.399 780.35 1.0
579.765 1153.82 780.35 1.0
427.859 1215.32 780.35 1.0
269.336 1256.889 780.35 1.0
106.798 1277.846 780.35 1.0
12.23 1277.846 780.35 1.0
12.23 1171.713 780.35 1.0
102.581 1171.713 780.35 1.0
103.187 1171.692 780.35 1.0
103.794 1171.631 780.35 1.0
257.856 1150.912 780.35 1.0
258.455 1150.811 780.35 1.0
259.048 1150.67 780.35 1.0
408.973 1109.601 780.35 1.0
409.554 1109.421 780.35 1.0
410.122 1109.202 780.35 1.0
553.236 1048.516 780.35 1.0
553.788 1048.26 780.35 1.0
554.322 1047.968 780.35 1.0
688.07 968.749 780.35 1.0
688.583 968.421 780.35 1.0
689.073 968.06 780.35 1.0
811.069 871.721 780.35 1.0
811.533 871.328 780.35 1.0
811.971 870.905 780.35 1.0
920.038 759.165 780.35 1.0
920.446 758.714 780.35 1.0
920.823 758.236 780.35 1.0
1013.032 633.089 780.35 1.0
1013.376 632.588 780.35 1.0
1013.686 632.064 780.35 1.0
1088.392 495.743 780.35 1.0
1088.667 495.2 780.35 1.0
1088.904 494.64 780.35 1.0
1144.774 349.578 780.35 1.0
1144.973 349.003 780.35 1.0
1145.134 348.416 780.35 1.0
1181.198 197.084 780.35 1.0
1181.301 196.545 780.35 1.0
1181.372 196.003 780.35 1.0
1196.947 41.172 780.35 1.0
1196.975 40.662 780.35 1.0
1196.973 40.12 780.35 1.0
1196.103 14.096 780.35 1.0
1196.103 14.096 800.35 0.0
1187.386 11.086 800.35 0.0
1293.613 11.086 800.35 1.0
1291.866 65.588 800.35 1.0
1290.006 123.587 800.35 1.0
1264.012 284.369 800.35 1.0
1217.671 440.507 800.35 1.0
1151.744 589.436 800.35 1.0
1067.314 728.713 800.35 1.0
965.766 856.049 800.35 1.0
848.769 969.355 800.35 1.0
718.243 1066.769 800.35 1.0
576.332 1146.691 800.35 1.0
425.366 1207.811 800.35 1.0
267.823 1249.123 800.35 1.0
106.291 1269.951 800.35 1.0
12.247 1269.951 800.35 1.0
12.247 1163.101 800.35 1.0
102.004 1163.101 800.35 1.0
102.614 1163.081 800.35 1.0
103.218 1163.02 800.35 1.0
256.137 1142.454 800.35 1.0
256.736 1142.353 800.35 1.0
257.329 1142.212 800.35 1.0
406.142 1101.448 800.35 1.0
406.723 1101.267 800.35 1.0
407.291 1101.049 800.35 1.0
549.344 1040.813 800.35 1.0
549.895 1040.557 800.35 1.0
550.429 1040.265 800.35 1.0
683.186 961.633 800.35 1.0
683.698 961.306 800.35 1.0
684.188 960.945 800.35 1.0
805.279 865.32 800.35 1.0
805.744 864.927 800.35 1.0
806.181 864.504 800.35 1.0
913.447 753.593 800.35 1.0
913.855 753.142 800.35 1.0
914.232 752.664 800.35 1.0
1005.757 628.445 800.35 1.0
1006.101 627.943 800.35 1.0
1006.412 627.42 800.35 1.0
1080.563 492.11 800.35 1.0
1080.838 491.567 800.35 1.0
1081.075 491.007 800.35 1.0
1136.53 347.021 800.35 1.0
1136.73 346.446 800.35 1.0
1136.891 345.859 800.35 1.0
1172.687 195.648 800.35 1.0
1172.791 195.109 800.35 1.0
1172.862 194.567 800.35 1.0
1188.321 40.884 800.35 1.0
1188.349 40.373 800.35 1.0
1188.347 39.831 800.35 1.0
1187.486 14.084 800.35 1.0
1187.486 14.084 820.35 0.0
1178.511 11.075 820.35 0.0
1285.714 11.075 820.35 1.0
1283.949 66.117 820.35 1.0
1282.13 122.827 820.35 1.0
1256.298 282.608 820.35 1.0
1210.246 437.774 820.35 1.0
1144.73 585.777 820.35 1.0
1060.825 724.186 820.35 1.0
959.909 850.73 820.35 1.0
843.641 963.33 820.35 1.0
713.927 1060.138 820.35 1.0
572.9 1139.563 820.35 1.0
422.873 1200.302 820.35 1.0
266.311 1241.358 820.35 1.0
105.784 1262.055 820.35 1.0
12.264 1262.055 820.35 1.0
12.264 1154.231 820.35 1.0
101.411 1154.231 820.35 1.0
102.024 1154.211 820.35 1.0
102.624 1154.15 820.35 1.0
254.366 1133.743 820.35 1.0
254.966 1133.642 820.35 1.0
255.558 1133.5 820.35 1.0
403.226 1093.05 820.35 1.0
403.807 1092.87 820.35 1.0
404.375 1092.651 820.35 1.0
545.334 1032.879 820.35 1.0
545.886 1032.623 820.35 1.0
546.42 1032.331 820.35 1.0
678.154 954.304 820.35 1.0
678.667 953.977 820.35 1.0
679.157 953.616 820.35 1.0
799.316 858.727 820.35 1.0
799.781 858.334 820.35 1.0
800.218 857.911 820.35 1.0
906.658 747.853 820.35 1.0
907.066 747.402 820.35 1.0
907.443 746.924 820.35 1.0
998.264 623.662 820.35 1.0
998.608 623.16 820.35 1.0
998.919 622.636 820.35 1.0
1072.5 488.368 820.35 1.0
1072.774 487.825 820.35 1.0
1073.012 487.265 820.35 1.0
1128.04 344.387 820.35 1.0
1128.24 343.813 820.35 1.0
1128.4 343.226 820.35 1.0
1163.921 194.17 820.35 1.0
1164.025 193.631 820.35 1.0
1164.096 193.089 820.35 1.0
1179.437 40.586 820.35 1.0
1179.464 40.076 820.35 1.0
1179.462 39.534 820.35 1.0
1178.611 14.073 820.35 1.0
1169.636 11.063 840.35 0.0
1277.815 11.063 840.35 1.0
1276.032 66.646 840.35 1.0
1274.255 122.068 840.35 1.0
1248.585 280.848 840.35 1.0
1202.821 435.042 840.35 1.0
1137.715 582.117 840.35 1.0
1054.336 719.66 840.35 1.0
954.052 845.411 840.35 1.0
838.512 957.306 840.35 1.0
709.611 1053.507 840.35 1.0
569.467 1132.435 840.35 1.0
420.38 1192.793 840.35 1.0
264.799 1233.592 840.35 1.0
105.277 1254.16 840.35 1.0
12.281 1254.16 840.35 1.0
12.281 1145.362 840.35 1.0
100.817 1145.362 840.35 1.0
101.434 1145.341 840.35 1.0
102.03 1145.28 840.35 1.0
252.705 1125.016 840.35 1.0
253.249 1124.919 840.35 1.0
253.787 1124.789 840.35 1.0
400.31 1084.652 840.35 1.0
400.943 1084.454 840.35 1.0
401.459 1084.253 840.35 1.0
541.325 1024.945 840.35 1.0
541.926 1024.664 840.35 1.0
542.411 1024.396 840.35 1.0
673.123 946.975 840.35 1.0
673.636 946.648 840.35 1.0
674.126 946.287 840.35 1.0
793.353 852.134 840.35 1.0
793.818 851.741 840.35 1.0
794.255 851.318 840.35 1.0
899.87 742.114 840.35 1.0
900.278 741.663 840.35 1.0
900.655 741.185 840.35 1.0
990.771 618.878 840.35 1.0
991.115 618.377 840.35 1.0
991.426 617.853 840.35 1.0
1064.436 484.626 840.35 1.0
1064.71 484.083 840.35 1.0
1064.948 483.523 840.35 1.0
1119.55 341.753 840.35 1.0
1119.749 341.179 840.35 1.0
1119.91 340.592 840.35 1.0
1155.156 192.691 840.35 1.0
1155.259 192.152 840.35 1.0
1155.33 191.61 840.35 1.0
1170.552 40.289 840.35 1.0
1170.58 39.779 840.35 1.0
1170.578 39.237 840.35 1.0
1169.736 14.062 840.35 1.0
1169.736 14.062 860.35 0.0
1160.761 11.052 860.35 0.0
1268.873 11.052 860.35 1.0
1267.091 66.619 860.35 1.0
1265.34 121.208 860.35 1.0
1239.853 278.855 860.35 1.0
1194.416 431.948 860.35 1.0
1129.774 577.975 860.35 1.0
1046.99 714.536 860.35 1.0
947.422 839.39 860.35 1.0
832.706 950.486 860.35 1.0
704.725 1046.001 860.35 1.0
565.581 1124.365 860.35 1.0
417.558 1184.293 860.35 1.0
263.086 1224.8 860.35 1.0
104.703 1245.222 860.35 1.0
12.298 1245.222 860.35 1.0
12.298 1136.492 860.35 1.0
100.223 1136.492 860.35 1.0
100.842 1136.471 860.35 1.0
101.437 1136.411 860.35 1.0
250.934 1116.304 860.35 1.0
251.479 1116.208 860.35 1.0
252.017 1116.078 860.35 1.0
397.394 1076.254 860.35 1.0
398.027 1076.056 860.35 1.0
398.543 1075.855 860.35 1.0
537.316 1017.011 860.35 1.0
537.917 1016.73 860.35 1.0
538.401 1016.462 860.35 1.0
668.092 939.646 860.35 1.0
668.605 939.319 860.35 1.0
669.095 938.958 860.35 1.0
787.39 845.541 860.35 1.0
787.855 845.148 860.35 1.0
788.292 844.725 860.35 1.0
893.081 736.374 860.35 1.0
893.489 735.923 860.35 1.0
893.866 735.446 860.35 1.0
983.278 614.095 860.35 1.0
983.622 613.593 860.35 1.0
983.933 613.07 860.35 1.0
1056.372 480.884 860.35 1.0
1056.647 480.341 860.35 1.0
1056.884 479.781 860.35 1.0
1111.059 339.12 860.35 1.0
1111.259 338.545 860.35 1.0
1111.419 337.958 860.35 1.0
1146.39 191.212 860.35 1.0
1146.494 190.673 860.35 1.0
1146.565 190.132 860.35 1.0
1161.652 40.155 860.35 1.0
1161.692 39.569 860.35 1.0
1161.693 38.94 860.35 1.0
1160.861 14.05 860.35 1.0
1160.861 14.05 880.35 0.0
1151.886 11.041 880.35 0.0
1259.6 11.041 880.35 1.0
1257.824 66.417 880.35 1.0
1256.096 120.316 880.35 1.0
1230.799 276.788 880.35 1.0
1185.7 428.741 880.35 1.0
1121.54 573.679 880.35 1.0
1039.373 709.223 880.35 1.0
940.547 833.146 880.35 1.0
826.686 943.415 880.35 1.0
699.659 1038.217 880.35 1.0
561.551 1115.998 880.35 1.0
414.631 1175.479 880.35 1.0
261.311 1215.685 880.35 1.0
104.108 1235.954 880.35 1.0
12.315 1235.954 880.35 1.0
12.315 1127.622 880.35 1.0
99.629 1127.622 880.35 1.0
100.249 1127.601 880.35 1.0
100.843 1127.541 880.35 1.0
249.164 1107.593 880.35 1.0
249.708 1107.496 880.35 1.0
250.246 1107.366 880.35 1.0
394.478 1067.857 880.35 1.0
395.059 1067.677 880.35 1.0
395.627 1067.458 880.35 1.0
533.306 1009.077 880.35 1.0
533.858 1008.821 880.35 1.0
534.392 1008.528 880.35 1.0
663.061 932.317 880.35 1.0
663.574 931.99 880.35 1.0
664.064 931.629 880.35 1.0
781.427 838.948 880.35 1.0
781.892 838.555 880.35 1.0
782.329 838.132 880.35 1.0
886.293 730.635 880.35 1.0
886.701 730.184 880.35 1.0
887.078 729.706 880.35 1.0
975.785 609.312 880.35 1.0
976.13 608.81 880.35 1.0
976.44 608.286 880.35 1.0
1048.309 477.142 880.35 1.0
1048.583 476.599 880.35 1.0
1048.821 476.039 880.35 1.0
1102.569 336.486 880.35 1.0
1102.768 335.911 880.35 1.0
1102.929 335.324 880.35 1.0
1137.624 189.734 880.35 1.0
1137.728 189.195 880.35 1.0
1137.799 188.653 880.35 1.0
1152.768 39.858 880.35 1.0
1152.808 39.272 880.35 1.0
1152.808 38.643 880.35 1.0
1151.986 14.039 880.35 1.0
1151.986 14.039 900.35 0.0
12.332 1118.752 900.35 0.0
99.036 1118.752 900.35 1.0
99.657 1118.731 900.35 1.0
100.249 1118.671 900.35 1.0
247.284 1098.897 900.35 1.0
247.883 1098.796 900.35 1.0
248.475 1098.655 900.35 1.0
391.562 1059.459 900.35 1.0
392.143 1059.279 900.35 1.0
392.711 1059.06 900.35 1.0
529.297 1001.143 900.35 1.0
529.849 1000.887 900.35 1.0
530.383 1000.594 900.35 1.0
658.03 924.988 900.35 1.0
658.543 924.661 900.35 1.0
659.033 924.3 900.35 1.0
775.465 832.355 900.35 1.0
775.929 831.962 900.35 1.0
776.366 831.539 900.35 1.0
879.504 724.896 900.35 1.0
879.912 724.445 900.35 1.0
880.289 723.967 900.35 1.0
968.292 604.528 900.35 1.0
968.637 604.027 900.35 1.0
968.947 603.503 900.35 1.0
1040.245 473.4 900.35 1.0
1040.519 472.858 900.35 1.0
1040.757 472.297 900.35 1.0
1094.078 333.852 900.35 1.0
1094.278 333.278 900.35 1.0
1094.438 332.691 900.35 1.0
1128.858 188.255 900.35 1.0
1128.962 187.716 900.35 1.0
1129.033 187.174 900.35 1.0
1143.883 39.561 900.35 1.0
1143.923 38.975 900.35 1.0
1143.924 38.346 900.35 1.0
1143.011 11.03 900.35 1.0
1250.328 11.03 900.35 1.0
1248.558 66.214 900.35 1.0
1246.852 119.424 900.35 1.0
1221.745 274.722 900.35 1.0
1176.985 425.534 900.35 1.0
1113.307 569.383 900.35 1.0
1031.756 703.909 900.35 1.0
933.672 826.902 900.35 1.0
820.666 936.343 900.35 1.0
694.592 1030.434 900.35 1.0
557.522 1107.631 900.35 1.0
411.705 1166.666 900.35 1.0
259.536 1206.569 900.35 1.0
103.513 1226.686 900.35 1.0
12.331 1226.686 900.35 1.0
12.332 1121.752 900.35 1.0
12.332 1121.752 920.35 0.0
12.348 1109.303 920.35 0.0
98.403 1109.303 920.35 1.0
99.027 1109.281 920.35 1.0
99.616 1109.222 920.35 1.0
245.507 1089.601 920.35 1.0
246.051 1089.504 920.35 1.0
246.589 1089.374 920.35 1.0
388.456 1050.512 920.35 1.0
389.036 1050.332 920.35 1.0
389.605 1050.113 920.35 1.0
525.026 992.69 920.35 1.0
525.577 992.434 920.35 1.0
526.111 992.141 920.35 1.0
652.67 917.18 920.35 1.0
653.183 916.853 920.35 1.0
653.673 916.492 920.35 1.0
769.112 825.331 920.35 1.0
769.576 824.938 920.35 1.0
770.014 824.515 920.35 1.0
872.272 718.781 920.35 1.0
872.68 718.33 920.35 1.0
873.057 717.852 920.35 1.0
960.31 599.432 920.35 1.0
960.654 598.931 920.35 1.0
960.964 598.407 920.35 1.0
1031.654 469.414 920.35 1.0
1031.929 468.871 920.35 1.0
1032.166 468.311 920.35 1.0
1085.033 331.046 920.35 1.0
1085.232 330.472 920.35 1.0
1085.393 329.885 920.35 1.0
1119.52 186.68 920.35 1.0
1119.623 186.141 920.35 1.0
1119.694 185.599 920.35 1.0
1134.418 39.245 920.35 1.0
1134.458 38.659 920.35 1.0
1134.458 38.029 920.35 1.0
1133.555 11.018 920.35 1.0
1241.055 11.018 920.35 1.0
1239.282 66.322 920.35 1.0
1237.608 118.532 920.35 1.0
1212.69 272.655 920.35 1.0
1168.269 422.326 920.35 1.0
1105.073 565.088 920.35 1.0
1024.139 698.596 920.35 1.0
926.797 820.659 920.35 1.0
814.646 929.271 920.35 1.0
689.526 1022.651 920.35 1.0
553.492 1099.263 920.35 1.0
408.778 1157.852 920.35 1.0
257.761 1197.453 920.35 1.0
102.918 1217.418 920.35 1.0
12.348 1217.418 920.35 1.0
12.348 1112.303 920.35 1.0
12.348 1112.303 940.35 0.0
12.365 1099.319 940.35 0.0
97.735 1099.319 940.35 1.0
98.362 1099.297 940.35 1.0
98.948 1099.238 940.35 1.0
243.513 1079.795 940.35 1.0
244.058 1079.698 940.35 1.0
244.596 1079.568 940.35 1.0
385.173 1041.06 940.35 1.0
385.806 1040.861 940.35 1.0
386.322 1040.661 940.35 1.0
520.513 983.759 940.35 1.0
521.114 983.478 940.35 1.0
521.598 983.211 940.35 1.0
647.007 908.931 940.35 1.0
647.52 908.604 940.35 1.0
648.01 908.242 940.35 1.0
762.4 817.91 940.35 1.0
762.864 817.517 940.35 1.0
763.302 817.094 940.35 1.0
864.63 712.321 940.35 1.0
865.038 711.87 940.35 1.0
865.416 711.392 940.35 1.0
951.875 594.048 940.35 1.0
952.22 593.547 940.35 1.0
952.53 593.023 940.35 1.0
1022.578 465.202 940.35 1.0
1022.852 464.659 940.35 1.0
1023.09 464.099 940.35 1.0
1075.476 328.082 940.35 1.0
1075.675 327.507 940.35 1.0
1075.836 326.92 940.35 1.0
1109.653 185.016 940.35 1.0
1109.757 184.477 940.35 1.0
1109.828 183.935 940.35 1.0
1124.417 38.91 940.35 1.0
1124.457 38.324 940.35 1.0
1124.458 37.695 940.35 1.0
1123.565 11.007 940.35 1.0
1231.783 11.007 940.35 1.0
1229.997 66.716 940.35 1.0
1228.364 117.641 940.35 1.0
1203.636 270.589 940.35 1.0
1159.553 419.119 940.35 1.0
1096.839 560.792 940.35 1.0
1016.522 693.283 940.35 1.0
919.922 814.415 940.35 1.0
808.626 922.2 940.35 1.0
684.46 1014.867 940.35 1.0
549.463 1090.896 940.35 1.0
405.852 1149.038 940.35 1.0
255.985 1188.337 940.35 1.0
102.323 1208.15 940.35 1.0
12.365 1208.15 940.35 1.0
12.365 1102.319 940.35 1.0
12.365 1102.319 960.35 0.0
12.382 1089.335 960.35 0.0
97.066 1089.335 960.35 1.0
97.697 1089.313 960.35 1.0
98.28 1089.254 960.35 1.0
241.52 1069.989 960.35 1.0
242.065 1069.892 960.35 1.0
242.603 1069.762 960.35 1.0
381.891 1031.607 960.35 1.0
382.524 1031.409 960.35 1.0
383.04 1031.208 960.35 1.0
516.0 974.828 960.35 1.0
516.601 974.547 960.35 1.0
517.085 974.28 960.35 1.0
641.344 900.681 960.35 1.0
641.903 900.323 960.35 1.0
642.347 899.993 960.35 1.0
755.688 810.489 960.35 1.0
756.193 810.059 960.35 1.0
756.59 809.673 960.35 1.0
856.989 705.861 960.35 1.0
857.433 705.367 960.35 1.0
857.774 704.932 960.35 1.0
943.441 588.664 960.35 1.0
943.815 588.116 960.35 1.0
944.096 587.639 960.35 1.0
1013.501 460.99 960.35 1.0
1013.775 460.447 960.35 1.0
1014.013 459.887 960.35 1.0
1065.919 325.117 960.35 1.0
1066.118 324.542 960.35 1.0
1066.279 323.955 960.35 1.0
1099.786 183.351 960.35 1.0
1099.89 182.812 960.35 1.0
1099.961 182.271 960.35 1.0
1114.417 38.576 960.35 1.0
1114.456 37.99 960.35 1.0
1114.457 37.361 960.35 1.0
1113.576 10.996 960.35 1.0
1222.511 10.996 960.35 1.0
1220.711 67.11 960.35 1.0
1219.12 116.749 960.35 1.0
1194.582 268.522 960.35 1.0
1150.838 415.911 960.35 1.0
1088.605 556.497 960.35 1.0
1008.905 687.969 960.35 1.0
913.047 808.171 960.35 1.0
802.606 915.128 960.35 1.0
679.393 1007.084 960.35 1.0
545.433 1082.529 960.35 1.0
402.925 1140.224 960.35 1.0
254.21 1179.222 960.35 1.0
101.728 1198.882 960.35 1.0
12.382 1198.882 960.35 1.0
12.382 1092.335 960.35 1.0
12.382 1092.335 980.35 0.0
12.399 1079.351 980.35 0.0
96.398 1079.351 980.35 1.0
97.032 1079.329 980.35 1.0
97.611 1079.27 980.35 1.0
239.527 1060.183 980.35 1.0
240.071 1060.086 980.35 1.0
240.61 1059.956 980.35 1.0
378.609 1022.155 980.35 1.0
379.242 1021.956 980.35 1.0
379.758 1021.756 980.35 1.0
511.487 965.898 980.35 1.0
512.088 965.617 980.35 1.0
512.573 965.349 980.35 1.0
635.681 892.432 980.35 1.0
636.24 892.073 980.35 1.0
636.684 891.743 980.35 1.0
748.976 803.068 980.35 1.0
749.481 802.638 980.35 1.0
749.878 802.252 980.35 1.0
849.348 699.4 980.35 1.0
849.791 698.907 980.35 1.0
850.133 698.472 980.35 1.0
935.007 583.28 980.35 1.0
935.381 582.732 980.35 1.0
935.661 582.255 980.35 1.0
1004.425 456.778 980.35 1.0
1004.722 456.185 980.35 1.0
1004.936 455.675 980.35 1.0
1056.362 322.152 980.35 1.0
1056.577 321.525 980.35 1.0
1056.722 320.991 980.35 1.0
1089.916 181.698 980.35 1.0
1090.023 181.148 980.35 1.0
1090.094 180.606 980.35 1.0
1104.416 38.242 980.35 1.0
1104.456 37.656 980.35 1.0
1104.457 37.026 980.35 1.0
1103.586 10.984 980.35 1.0
1213.238 10.984 980.35 1.0
1211.426 67.504 980.35 1.0
1209.875 115.857 980.35 1.0
1185.528 266.455 980.35 1.0
1142.122 412.704 980.35 1.0
1080.371 552.201 980.35 1.0
1001.288 682.656 980.35 1.0
906.172 801.927 980.35 1.0
796.585 908.057 980.35 1.0
674.327 999.301 980.35 1.0
541.404 1074.161 980.35 1.0
399.999 1131.41 980.35 1.0
252.435 1170.106 980.35 1.0
101.133 1189.614 980.35 1.0
12.399 1189.614 980.35 1.0
12.399 1082.351 980.35 1.0
12.399 1082.351 1000.35 0.0
12.416 1069.367 1000.35 0.0
95.73 1069.367 1000.35 1.0
96.367 1069.345 1000.35 1.0
96.943 1069.286 1000.35 1.0
237.534 1050.378 1000.35 1.0
238.078 1050.281 1000.35 1.0
238.616 1050.151 1000.35 1.0
375.326 1012.702 1000.35 1.0
375.959 1012.504 1000.35 1.0
376.475 1012.303 1000.35 1.0
506.974 956.967 1000.35 1.0
507.575 956.686 1000.35 1.0
508.06 956.418 1000.35 1.0
630.018 884.182 1000.35 1.0
630.577 883.823 1000.35 1.0
631.021 883.494 1000.35 1.0
742.264 795.646 1000.35 1.0
742.769 795.217 1000.35 1.0
743.166 794.831 1000.35 1.0
841.707 692.94 1000.35 1.0
842.15 692.447 1000.35 1.0
842.492 692.011 1000.35 1.0
926.573 577.895 1000.35 1.0
926.947 577.347 1000.35 1.0
927.227 576.87 1000.35 1.0
995.348 452.566 1000.35 1.0
995.645 451.973 1000.35 1.0
995.86 451.463 1000.35 1.0
1046.805 319.188 1000.35 1.0
1047.02 318.56 1000.35 1.0
1047.165 318.026 1000.35 1.0
1080.05 180.033 1000.35 1.0
1080.156 179.484 1000.35 1.0
1080.227 178.942 1000.35 1.0
1094.415 37.907 1000.35 1.0
1094.455 37.321 1000.35 1.0
1094.456 36.692 1000.35 1.0
1093.596 10.973 1000.35 1.0
1203.966 10.973 1000.35 1.0
1202.141 67.898 1000.35 1.0
1200.631 114.965 1000.35 1.0
1176.474 264.389 1000.35 1.0
1133.406 409.496 1000.35 1.0
1072.137 547.905 1000.35 1.0
993.671 677.343 1000.35 1.0
899.297 795.684 1000.35 1.0
790.565 900.985 1000.35 1.0
669.26 991.517 1000.35 1.0
537.374 1065.794 1000.35 1.0
397.073 1122.596 1000.35 1.0
250.659 1160.99 1000.35 1.0
100.538 1180.346 1000.35 1.0
12.416 1180.346 1000.35 1.0
12.416 1072.367 1000.35 1.0
