1077.418 0.068 0.35 0.0
1210.666 0.068 0.35 1.0
1208.473 68.441 0.35 1.0
1206.962 115.576 0.35 1.0
1182.674 265.804 0.35 1.0
1139.375 411.693 0.35 1.0
1077.776 550.847 0.35 1.0
998.887 680.982 0.35 1.0
904.006 799.96 0.35 1.0
794.688 905.828 0.35 1.0
672.73 996.848 0.35 1.0
540.134 1071.524 0.35 1.0
399.077 1128.632 0.35 1.0
251.875 1167.233 0.35 1.0
100.946 1186.693 0.35 1.0
1.524 1186.693 0.35 1.0
1.524 1053.563 0.35 1.0
95.298 1053.56 0.35 1.0
234.853 1034.792 0.35 1.0
370.734 997.571 0.35 1.0
500.406 942.583 0.35 1.0
621.56 870.823 0.35 1.0
732.129 783.509 0.35 1.0
830.044 682.261 0.35 1.0
913.571 568.898 0.35 1.0
981.279 445.348 0.35 1.0
1031.899 313.909 0.35 1.0
1064.542 176.934 0.35 1.0
1078.643 36.793 0.35 1.0
1077.518 3.066 0.35 1.0
1083.606 10.962 20.35 0.0
1194.694 10.962 20.35 1.0
1192.855 68.292 20.35 1.0
1191.387 114.074 20.35 1.0
1167.419 262.322 20.35 1.0
1124.691 406.289 20.35 1.0
1063.903 543.61 20.35 1.0
986.054 672.03 20.35 1.0
892.422 789.44 20.35 1.0
784.545 893.913 20.35 1.0
664.194 983.734 20.35 1.0
533.345 1057.427 20.35 1.0
394.146 1113.782 20.35 1.0
248.884 1151.874 20.35 1.0
99.943 1171.078 20.35 1.0
12.433 1171.078 20.35 1.0
12.433 1059.383 20.35 1.0
95.061 1059.383 20.35 1.0
95.702 1059.361 20.35 1.0
96.275 1059.302 20.35 1.0
235.541 1040.572 20.35 1.0
236.085 1040.475 20.35 1.0
236.623 1040.345 20.35 1.0
372.044 1003.25 20.35 1.0
372.677 1003.051 20.35 1.0
373.193 1002.851 20.35 1.0
502.461 948.036 20.35 1.0
503.062 947.755 20.35 1.0
503.547 947.488 20.35 1.0
624.355 875.933 20.35 1.0
624.913 875.574 20.35 1.0
625.358 875.244 20.35 1.0
735.552 788.225 20.35 1.0
736.057 787.795 20.35 1.0
736.454 787.409 20.35 1.0
834.065 686.48 20.35 1.0
834.509 685.986 20.35 1.0
834.85 685.551 20.35 1.0
918.139 572.511 20.35 1.0
918.512 571.963 20.35 1.0
918.793 571.486 20.35 1.0
986.271 448.354 20.35 1.0
986.569 447.761 20.35 1.0
986.783 447.251 20.35 1.0
1037.248 316.223 20.35 1.0
1037.463 315.596 20.35 1.0
1037.608 315.062 20.35 1.0
1070.183 178.369 20.35 1.0
1070.289 177.819 20.35 1.0
1070.36 177.278 20.35 1.0
1084.415 37.573 20.35 1.0
1084.455 36.987 20.35 1.0
1084.455 36.358 20.35 1.0
1083.706 13.96 20.35 1.0
1083.706 13.96 40.35 0.0
1072.896 10.951 40.35 0.0
1185.402 10.951 40.35 1.0
1183.538 69.062 40.35 1.0
1182.123 113.18 40.35 1.0
1158.346 260.251 40.35 1.0
1115.957 403.075 40.35 1.0
1055.652 539.305 40.35 1.0
978.421 666.705 40.35 1.0
885.533 783.183 40.35 1.0
778.512 886.827 40.35 1.0
659.117 975.934 40.35 1.0
529.307 1049.042 40.35 1.0
391.214 1104.949 40.35 1.0
247.105 1142.739 40.35 1.0
99.347 1161.79 40.35 1.0
12.45 1161.79 40.35 1.0
12.45 1048.679 40.35 1.0
94.345 1048.679 40.35 1.0
94.99 1048.656 40.35 1.0
95.558 1048.598 40.35 1.0
233.404 1030.059 40.35 1.0
233.948 1029.962 40.35 1.0
234.486 1029.832 40.35 1.0
368.525 993.115 40.35 1.0
369.158 992.917 40.35 1.0
369.674 992.716 40.35 1.0
497.623 938.461 40.35 1.0
498.224 938.18 40.35 1.0
498.708 937.913 40.35 1.0
618.284 867.088 40.35 1.0
618.842 866.729 40.35 1.0
619.287 866.4 40.35 1.0
728.355 780.269 40.35 1.0
728.861 779.839 40.35 1.0
729.257 779.453 40.35 1.0
825.873 679.553 40.35 1.0
826.316 679.06 40.35 1.0
826.658 678.625 40.35 1.0
909.096 566.739 40.35 1.0
909.47 566.191 40.35 1.0
909.75 565.714 40.35 1.0
976.54 443.838 40.35 1.0
976.838 443.245 40.35 1.0
977.052 442.735 40.35 1.0
1027.001 313.045 40.35 1.0
1027.217 312.417 40.35 1.0
1027.362 311.883 40.35 1.0
1059.604 176.585 40.35 1.0
1059.71 176.035 40.35 1.0
1059.781 175.493 40.35 1.0
1073.692 37.215 40.35 1.0
1073.732 36.629 40.35 1.0
1073.733 35.999 40.35 1.0
1072.996 13.949 40.35 1.0
1072.996 13.949 60.35 0.0
12.466 1037.457 60.35 0.0
93.593 1037.457 60.35 1.0
94.242 1037.434 60.35 1.0
94.807 1037.376 60.35 1.0
231.164 1019.037 60.35 1.0
231.708 1018.94 60.35 1.0
232.246 1018.81 60.35 1.0
364.836 982.49 60.35 1.0
365.468 982.291 60.35 1.0
365.985 982.091 60.35 1.0
492.55 928.423 60.35 1.0
493.151 928.142 60.35 1.0
493.636 927.874 60.35 1.0
611.918 857.815 60.35 1.0
612.476 857.456 60.35 1.0
612.921 857.127 60.35 1.0
720.811 771.927 60.35 1.0
721.316 771.497 60.35 1.0
721.713 771.111 60.35 1.0
817.284 672.292 60.35 1.0
817.727 671.798 60.35 1.0
818.069 671.363 60.35 1.0
899.616 560.687 60.35 1.0
899.989 560.139 60.35 1.0
900.27 559.662 60.35 1.0
966.338 439.104 60.35 1.0
966.635 438.511 60.35 1.0
966.849 438.001 60.35 1.0
1016.259 309.712 60.35 1.0
1016.474 309.085 60.35 1.0
1016.619 308.551 60.35 1.0
1048.513 174.714 60.35 1.0
1048.62 174.164 60.35 1.0
1048.691 173.622 60.35 1.0
1062.451 36.839 60.35 1.0
1062.491 36.253 60.35 1.0
1062.492 35.623 60.35 1.0
1061.667 10.939 60.35 1.0
1174.324 10.939 60.35 1.0
1172.457 69.157 60.35 1.0
1171.08 112.115 60.35 1.0
1147.53 257.783 60.35 1.0
1105.545 399.243 60.35 1.0
1045.815 534.173 60.35 1.0
969.321 660.358 60.35 1.0
877.32 775.724 60.35 1.0
771.32 878.379 60.35 1.0
653.064 966.636 60.35 1.0
524.493 1039.046 60.35 1.0
387.718 1094.42 60.35 1.0
244.984 1131.849 60.35 1.0
98.636 1150.719 60.35 1.0
12.466 1150.719 60.35 1.0
12.466 1040.457 60.35 1.0
12.466 1040.457 80.35 0.0
12.483 1026.235 80.35 0.0
92.842 1026.235 80.35 1.0
93.493 1026.211 80.35 1.0
94.056 1026.153 80.35 1.0
228.923 1008.015 80.35 1.0
229.468 1007.918 80.35 1.0
230.006 1007.788 80.35 1.0
361.146 971.865 80.35 1.0
361.779 971.666 80.35 1.0
362.295 971.466 80.35 1.0
487.477 918.384 80.35 1.0
488.078 918.103 80.35 1.0
488.563 917.835 80.35 1.0
605.553 848.542 80.35 1.0
606.111 848.183 80.35 1.0
606.556 847.854 80.35 1.0
713.266 763.585 80.35 1.0
713.771 763.156 80.35 1.0
714.168 762.77 80.35 1.0
808.694 665.03 80.35 1.0
809.138 664.537 80.35 1.0
809.48 664.101 80.35 1.0
890.135 554.635 80.35 1.0
890.509 554.086 80.35 1.0
890.79 553.61 80.35 1.0
956.135 434.369 80.35 1.0
956.433 433.776 80.35 1.0
956.647 433.266 80.35 1.0
1005.516 306.38 80.35 1.0
1005.732 305.752 80.35 1.0
1005.877 305.218 80.35 1.0
1037.422 172.843 80.35 1.0
1037.529 172.293 80.35 1.0
1037.6 171.752 80.35 1.0
1051.21 36.463 80.35 1.0
1051.25 35.877 80.35 1.0
1051.251 35.248 80.35 1.0
1050.438 10.928 80.35 1.0
1163.247 10.928 80.35 1.0
1161.377 69.253 80.35 1.0
1160.036 111.049 80.35 1.0
1136.713 255.314 80.35 1.0
1095.133 395.411 80.35 1.0
1035.978 529.042 80.35 1.0
960.222 654.01 80.35 1.0
869.106 768.265 80.35 1.0
764.128 869.931 80.35 1.0
647.012 957.337 80.35 1.0
519.679 1029.05 80.35 1.0
384.222 1083.89 80.35 1.0
242.863 1120.959 80.35 1.0
97.925 1139.647 80.35 1.0
12.483 1139.647 80.35 1.0
12.483 1029.235 80.35 1.0
12.483 1029.235 100.35 0.0
12.5 1015.012 100.35 0.0
92.091 1015.012 100.35 1.0
92.744 1014.989 100.35 1.0
93.304 1014.931 100.35 1.0
226.683 996.992 100.35 1.0
227.227 996.896 100.35 1.0
227.765 996.766 100.35 1.0
357.457 961.24 100.35 1.0
358.09 961.041 100.35 1.0
358.606 960.841 100.35 1.0
482.405 908.345 100.35 1.0
483.005 908.064 100.35 1.0
483.49 907.797 100.35 1.0
599.187 839.269 100.35 1.0
599.745 838.911 100.35 1.0
600.19 838.581 100.35 1.0
705.721 755.244 100.35 1.0
706.227 754.814 100.35 1.0
706.623 754.428 100.35 1.0
800.105 657.768 100.35 1.0
800.549 657.275 100.35 1.0
800.89 656.84 100.35 1.0
880.655 548.583 100.35 1.0
881.029 548.034 100.35 1.0
881.309 547.557 100.35 1.0
945.933 429.635 100.35 1.0
946.23 429.042 100.35 1.0
946.444 428.532 100.35 1.0
994.774 303.048 100.35 1.0
994.989 302.42 100.35 1.0
995.134 301.886 100.35 1.0
1026.332 170.972 100.35 1.0
1026.438 170.423 100.35 1.0
1026.509 169.881 100.35 1.0
1039.969 36.087 100.35 1.0
1040.009 35.501 100.35 1.0
1040.009 34.872 100.35 1.0
1039.209 10.917 100.35 1.0
1152.17 10.917 100.35 1.0
1150.296 69.348 100.35 1.0
1148.993 109.984 100.35 1.0
1125.896 252.845 100.35 1.0
1084.721 391.58 100.35 1.0
1026.142 523.91 100.35 1.0
951.122 647.663 100.35 1.0
860.893 760.806 100.35 1.0
756.936 861.483 100.35 1.0
640.959 948.039 100.35 1.0
514.865 1019.054 100.35 1.0
380.725 1073.361 100.35 1.0
240.742 1110.069 100.35 1.0
97.214 1128.575 100.35 1.0
12.5 1128.575 100.35 1.0
12.5 1018.012 100.35 1.0
12.5 1018.012 120.35 0.0
12.517 1003.79 120.35 0.0
91.34 1003.79 120.35 1.0
91.996 1003.766 120.35 1.0
92.553 1003.709 120.35 1.0
224.443 985.97 120.35 1.0
224.987 985.873 120.35 1.0
225.525 985.744 120.35 1.0
353.767 950.614 120.35 1.0
354.4 950.416 120.35 1.0
354.916 950.215 120.35 1.0
477.332 898.307 120.35 1.0
477.933 898.026 120.35 1.0
478.417 897.758 120.35 1.0
592.822 829.996 120.35 1.0
593.38 829.638 120.35 1.0
593.825 829.308 120.35 1.0
698.177 746.902 120.35 1.0
698.682 746.472 120.35 1.0
699.079 746.086 120.35 1.0
791.516 650.507 120.35 1.0
791.96 650.013 120.35 1.0
792.301 649.578 120.35 1.0
871.174 542.53 120.35 1.0
871.548 541.982 120.35 1.0
871.829 541.505 120.35 1.0
935.73 424.9 120.35 1.0
936.028 424.307 120.35 1.0
936.242 423.797 120.35 1.0
984.031 299.715 120.35 1.0
984.247 299.088 120.35 1.0
984.392 298.554 120.35 1.0
1015.241 169.102 120.35 1.0
1015.347 168.552 120.35 1.0
1015.418 168.01 120.35 1.0
1028.728 35.711 120.35 1.0
1028.767 35.125 120.35 1.0
1028.768 34.496 120.35 1.0
1027.979 10.905 120.35 1.0
1141.093 10.905 120.35 1.0
1139.215 69.444 120.35 1.0
1137.949 108.919 120.35 1.0
1115.08 250.376 120.35 1.0
1074.309 387.748 120.35 1.0
1016.305 518.778 120.35 1.0
942.023 641.315 120.35 1.0
852.68 753.347 120.35 1.0
749.745 853.035 120.35 1.0
634.906 938.741 120.35 1.0
510.051 1009.058 120.35 1.0
377.229 1062.831 120.35 1.0
238.622 1099.179 120.35 1.0
96.504 1117.503 120.35 1.0
12.517 1117.503 120.35 1.0
12.517 1006.79 120.35 1.0
12.517 1006.79 140.35 0.0
12.534 992.471 140.35 0.0
90.582 992.471 140.35 1.0
91.241 992.448 140.35 1.0
91.795 992.39 140.35 1.0
222.183 974.854 140.35 1.0
222.727 974.757 140.35 1.0
223.266 974.627 140.35 1.0
350.046 939.898 140.35 1.0
350.679 939.7 140.35 1.0
351.195 939.5 140.35 1.0
472.216 888.182 140.35 1.0
472.817 887.901 140.35 1.0
473.301 887.634 140.35 1.0
586.402 820.644 140.35 1.0
586.96 820.286 140.35 1.0
587.405 819.956 140.35 1.0
690.568 738.489 140.35 1.0
691.073 738.059 140.35 1.0
691.47 737.673 140.35 1.0
782.853 643.183 140.35 1.0
783.297 642.689 140.35 1.0
783.639 642.254 140.35 1.0
861.613 536.427 140.35 1.0
861.987 535.879 140.35 1.0
862.267 535.402 140.35 1.0
925.44 420.125 140.35 1.0
925.738 419.532 140.35 1.0
925.952 419.022 140.35 1.0
973.197 296.354 140.35 1.0
973.413 295.727 140.35 1.0
973.557 295.193 140.35 1.0
1004.055 167.215 140.35 1.0
1004.162 166.665 140.35 1.0
1004.233 166.123 140.35 1.0
1017.39 35.332 140.35 1.0
1017.43 34.746 140.35 1.0
1017.431 34.117 140.35 1.0
1016.654 10.894 140.35 1.0
1130.015 10.894 140.35 1.0
1128.133 69.591 140.35 1.0
1126.906 107.853 140.35 1.0
1104.263 247.907 140.35 1.0
1063.897 383.916 140.35 1.0
1006.469 513.646 140.35 1.0
932.923 634.968 140.35 1.0
844.467 745.888 140.35 1.0
742.553 844.587 140.35 1.0
628.854 929.442 140.35 1.0
505.238 999.062 140.35 1.0
373.733 1052.302 140.35 1.0
236.501 1088.288 140.35 1.0
95.793 1106.431 140.35 1.0
12.534 1106.431 140.35 1.0
12.534 995.471 140.35 1.0
12.534 995.471 160.35 0.0
12.551 979.88 160.35 0.0
89.739 979.88 160.35 1.0
90.403 979.856 160.35 1.0
90.953 979.799 160.35 1.0
219.67 962.488 160.35 1.0
220.214 962.391 160.35 1.0
220.752 962.261 160.35 1.0
345.907 927.977 160.35 1.0
346.54 927.779 160.35 1.0
347.056 927.578 160.35 1.0
466.524 876.919 160.35 1.0
467.125 876.638 160.35 1.0
467.61 876.371 160.35 1.0
579.26 810.24 160.35 1.0
579.818 809.882 160.35 1.0
580.263 809.552 160.35 1.0
682.103 729.13 160.35 1.0
682.608 728.7 160.35 1.0
683.005 728.314 160.35 1.0
773.217 635.036 160.35 1.0
773.66 634.542 160.35 1.0
774.002 634.107 160.35 1.0
850.976 529.636 160.35 1.0
851.35 529.088 160.35 1.0
851.631 528.611 160.35 1.0
913.994 414.813 160.35 1.0
914.291 414.22 160.35 1.0
914.505 413.71 160.35 1.0
961.144 292.616 160.35 1.0
961.36 291.988 160.35 1.0
961.505 291.454 160.35 1.0
991.612 165.116 160.35 1.0
991.718 164.566 160.35 1.0
991.789 164.024 160.35 1.0
1004.778 34.911 160.35 1.0
1004.818 34.325 160.35 1.0
1004.819 33.695 160.35 1.0
1004.056 10.883 160.35 1.0
1118.938 10.883 160.35 1.0
1117.029 70.42 160.35 1.0
1115.862 106.788 160.35 1.0
1093.446 245.439 160.35 1.0
1053.484 380.084 160.35 1.0
996.632 508.515 160.35 1.0
923.823 628.62 160.35 1.0
836.254 738.429 160.35 1.0
735.361 836.139 160.35 1.0
622.801 920.144 160.35 1.0
500.424 989.066 160.35 1.0
370.237 1041.772 160.35 1.0
234.38 1077.398 160.35 1.0
95.082 1095.359 160.35 1.0
12.551 1095.359 160.35 1.0
12.551 982.88 160.35 1.0
12.551 982.88 180.35 0.0
12.568 967.289 180.35 0.0
88.896 967.289 180.35 1.0
89.565 967.265 180.35 1.0
90.11 967.208 180.35 1.0
217.156 950.121 180.35 1.0
217.7 950.024 180.35 1.0
218.238 949.894 180.35 1.0
341.767 916.056 180.35 1.0
342.4 915.858 180.35 1.0
342.916 915.657 180.35 1.0
460.833 865.656 180.35 1.0
461.434 865.375 180.35 1.0
461.918 865.108 180.35 1.0
572.118 799.836 180.35 1.0
572.676 799.478 180.35 1.0
573.121 799.148 180.35 1.0
673.638 719.771 180.35 1.0
674.143 719.341 180.35 1.0
674.54 718.955 180.35 1.0
763.58 626.888 180.35 1.0
764.024 626.395 180.35 1.0
764.365 625.959 180.35 1.0
840.34 522.846 180.35 1.0
840.713 522.298 180.35 1.0
840.994 521.821 180.35 1.0
902.547 409.502 180.35 1.0
902.844 408.908 180.35 1.0
903.059 408.398 180.35 1.0
949.092 288.877 180.35 1.0
949.307 288.249 180.35 1.0
949.452 287.715 180.35 1.0
979.168 163.017 180.35 1.0
979.275 162.467 180.35 1.0
979.346 161.925 180.35 1.0
992.166 34.489 180.35 1.0
992.206 33.903 180.35 1.0
992.206 33.273 180.35 1.0
991.457 10.872 180.35 1.0
1107.861 10.872 180.35 1.0
1105.924 71.248 180.35 1.0
1104.819 105.722 180.35 1.0
1082.63 242.97 180.35 1.0
1043.072 376.253 180.35 1.0
986.795 503.383 180.35 1.0
914.724 622.273 180.35 1.0
828.04 730.97 180.35 1.0
728.169 827.69 180.35 1.0
616.749 910.845 180.35 1.0
495.61 979.07 180.35 1.0
366.741 1031.243 180.35 1.0
232.259 1066.508 180.35 1.0
94.371 1084.287 180.35 1.0
12.568 1084.287 180.35 1.0
12.568 970.289 180.35 1.0
12.568 970.289 200.35 0.0
978.859 10.86 200.35 0.0
1096.783 10.86 200.35 1.0
1094.82 72.077 200.35 1.0
1093.775 104.657 200.35 1.0
1071.813 240.501 200.35 1.0
1032.66 372.421 200.35 1.0
976.959 498.251 200.35 1.0
905.624 615.925 200.35 1.0
819.827 723.511 200.35 1.0
720.977 819.242 200.35 1.0
610.696 901.547 200.35 1.0
490.796 969.073 200.35 1.0
363.245 1020.713 200.35 1.0
230.138 1055.618 200.35 1.0
93.66 1073.215 200.35 1.0
12.585 1073.215 200.35 1.0
12.585 954.698 200.35 1.0
88.053 954.698 200.35 1.0
88.727 954.673 200.35 1.0
89.267 954.617 200.35 1.0
214.642 937.755 200.35 1.0
215.187 937.658 200.35 1.0
215.725 937.528 200.35 1.0
337.628 904.135 200.35 1.0
338.261 903.937 200.35 1.0
338.777 903.736 200.35 1.0
455.141 854.394 200.35 1.0
455.742 854.112 200.35 1.0
456.227 853.845 200.35 1.0
564.977 789.433 200.35 1.0
565.535 789.074 200.35 1.0
565.979 788.744 200.35 1.0
665.173 710.412 200.35 1.0
665.678 709.982 200.35 1.0
666.075 709.596 200.35 1.0
753.943 618.741 200.35 1.0
754.387 618.247 200.35 1.0
754.728 617.812 200.35 1.0
829.703 516.056 200.35 1.0
830.077 515.508 200.35 1.0
830.357 515.031 200.35 1.0
891.1 404.19 200.35 1.0
891.397 403.597 200.35 1.0
891.612 403.087 200.35 1.0
937.039 285.138 200.35 1.0
937.255 284.511 200.35 1.0
937.399 283.976 200.35 1.0
966.725 160.918 200.35 1.0
966.831 160.368 200.35 1.0
966.902 159.826 200.35 1.0
979.554 34.067 200.35 1.0
979.597 33.359 200.35 1.0
979.594 32.852 200.35 1.0
978.959 13.859 200.35 1.0
978.959 13.859 220.35 0.0
12.601 942.107 220.35 0.0
87.21 942.107 220.35 1.0
87.888 942.082 220.35 1.0
88.424 942.026 220.35 1.0
212.129 925.388 220.35 1.0
212.673 925.292 220.35 1.0
213.211 925.162 220.35 1.0
333.489 892.214 220.35 1.0
334.121 892.016 220.35 1.0
334.637 891.815 220.35 1.0
449.45 843.131 220.35 1.0
450.051 842.85 220.35 1.0
450.535 842.582 220.35 1.0
557.835 779.029 220.35 1.0
558.393 778.67 220.35 1.0
558.837 778.34 220.35 1.0
656.708 701.052 220.35 1.0
657.214 700.623 220.35 1.0
657.61 700.237 220.35 1.0
744.307 610.593 220.35 1.0
744.75 610.1 220.35 1.0
745.092 609.665 220.35 1.0
819.066 509.266 220.35 1.0
819.44 508.718 220.35 1.0
819.721 508.241 220.35 1.0
879.653 398.878 220.35 1.0
879.95 398.285 220.35 1.0
880.165 397.775 220.35 1.0
924.986 281.399 220.35 1.0
925.202 280.772 220.35 1.0
925.346 280.238 220.35 1.0
954.281 158.819 220.35 1.0
954.388 158.269 220.35 1.0
954.459 157.727 220.35 1.0
966.941 33.646 220.35 1.0
966.985 32.937 220.35 1.0
966.982 32.43 220.35 1.0
966.26 10.849 220.35 1.0
1085.217 10.849 220.35 1.0
1083.235 72.644 220.35 1.0
1082.244 103.545 220.35 1.0
1060.519 237.923 220.35 1.0
1021.788 368.42 220.35 1.0
966.688 492.893 220.35 1.0
896.122 609.297 220.35 1.0
811.251 715.723 220.35 1.0
713.467 810.421 220.35 1.0
604.376 891.838 220.35 1.0
485.77 958.636 220.35 1.0
359.595 1009.718 220.35 1.0
227.924 1044.247 220.35 1.0
92.918 1061.654 220.35 1.0
12.601 1061.654 220.35 1.0
12.601 945.107 220.35 1.0
12.601 945.107 240.35 0.0
12.618 929.516 240.35 0.0
86.368 929.516 240.35 1.0
87.047 929.491 240.35 1.0
87.581 929.435 240.35 1.0
209.615 913.022 240.35 1.0
210.159 912.925 240.35 1.0
210.698 912.795 240.35 1.0
329.349 880.293 240.35 1.0
329.982 880.095 240.35 1.0
330.498 879.894 240.35 1.0
443.759 831.868 240.35 1.0
444.359 831.587 240.35 1.0
444.844 831.319 240.35 1.0
550.693 768.625 240.35 1.0
551.251 768.266 240.35 1.0
551.696 767.937 240.35 1.0
648.244 691.693 240.35 1.0
648.749 691.264 240.35 1.0
649.145 690.878 240.35 1.0
734.67 602.446 240.35 1.0
735.113 601.953 240.35 1.0
735.455 601.517 240.35 1.0
808.429 502.476 240.35 1.0
808.803 501.927 240.35 1.0
809.084 501.451 240.35 1.0
868.206 393.566 240.35 1.0
868.504 392.973 240.35 1.0
868.718 392.463 240.35 1.0
912.933 277.661 240.35 1.0
913.149 277.033 240.35 1.0
913.294 276.499 240.35 1.0
941.838 156.72 240.35 1.0
941.944 156.17 240.35 1.0
942.015 155.629 240.35 1.0
954.329 33.224 240.35 1.0
954.373 32.515 240.35 1.0
954.37 32.008 240.35 1.0
953.662 10.838 240.35 1.0
1072.037 10.838 240.35 1.0
1070.065 72.353 240.35 1.0
1069.105 102.277 240.35 1.0
1047.65 234.986 240.35 1.0
1009.4 363.861 240.35 1.0
954.985 486.787 240.35 1.0
885.296 601.745 240.35 1.0
801.479 706.848 240.35 1.0
704.911 800.37 240.35 1.0
597.175 880.775 240.35 1.0
480.042 946.743 240.35 1.0
355.435 997.191 240.35 1.0
225.4 1031.29 240.35 1.0
92.072 1048.481 240.35 1.0
12.618 1048.481 240.35 1.0
12.618 932.516 240.35 1.0
12.618 932.516 260.35 0.0
12.635 915.436 260.35 0.0
85.425 915.436 260.35 1.0
86.108 915.41 260.35 1.0
86.639 915.355 260.35 1.0
206.804 899.193 260.35 1.0
207.349 899.097 260.35 1.0
207.887 898.967 260.35 1.0
324.72 866.963 260.35 1.0
325.353 866.764 260.35 1.0
325.869 866.564 260.35 1.0
437.394 819.273 260.35 1.0
437.995 818.992 260.35 1.0
438.48 818.724 260.35 1.0
542.707 756.991 260.35 1.0
543.265 756.632 260.35 1.0
543.709 756.303 260.35 1.0
638.778 681.228 260.35 1.0
639.283 680.798 260.35 1.0
639.68 680.412 260.35 1.0
723.894 593.335 260.35 1.0
724.337 592.842 260.35 1.0
724.679 592.407 260.35 1.0
796.535 494.883 260.35 1.0
796.909 494.334 260.35 1.0
797.189 493.857 260.35 1.0
855.406 387.626 260.35 1.0
855.703 387.033 260.35 1.0
855.918 386.523 260.35 1.0
899.456 273.48 260.35 1.0
899.671 272.852 260.35 1.0
899.816 272.318 260.35 1.0
927.923 154.373 260.35 1.0
928.029 153.823 260.35 1.0
928.1 153.281 260.35 1.0
940.226 32.752 260.35 1.0
940.269 32.044 260.35 1.0
940.266 31.537 260.35 1.0
939.574 10.826 260.35 1.0
1058.858 10.826 260.35 1.0
1056.869 72.859 260.35 1.0
1055.966 101.01 260.35 1.0
1034.781 232.048 260.35 1.0
997.013 359.302 260.35 1.0
943.281 480.682 260.35 1.0
874.47 594.193 260.35 1.0
791.708 697.974 260.35 1.0
696.354 790.319 260.35 1.0
589.974 869.712 260.35 1.0
474.315 934.85 260.35 1.0
351.276 984.663 260.35 1.0
222.877 1018.333 260.35 1.0
91.226 1035.308 260.35 1.0
12.635 1035.308 260.35 1.0
12.635 918.436 260.35 1.0
12.635 918.436 280.35 0.0
12.652 901.323 280.35 0.0
84.48 901.323 280.35 1.0
85.167 901.297 280.35 1.0
85.694 901.242 280.35 1.0
204.078 885.318 280.35 1.0
204.576 885.226 280.35 1.0
205.069 885.105 280.35 1.0
320.08 853.601 280.35 1.0
320.757 853.387 280.35 1.0
321.229 853.202 280.35 1.0
431.015 806.649 280.35 1.0
431.657 806.346 280.35 1.0
432.1 806.1 280.35 1.0
534.701 745.329 280.35 1.0
535.297 744.944 280.35 1.0
535.704 744.641 280.35 1.0
629.29 670.737 280.35 1.0
629.795 670.307 280.35 1.0
630.192 669.921 280.35 1.0
713.092 584.203 280.35 1.0
713.536 583.71 280.35 1.0
713.877 583.274 280.35 1.0
784.613 487.272 280.35 1.0
784.986 486.723 280.35 1.0
785.267 486.246 280.35 1.0
842.575 381.672 280.35 1.0
842.873 381.079 280.35 1.0
843.087 380.569 280.35 1.0
885.946 269.289 280.35 1.0
886.162 268.661 280.35 1.0
886.306 268.127 280.35 1.0
913.975 152.02 280.35 1.0
914.082 151.47 280.35 1.0
914.153 150.929 280.35 1.0
926.089 32.28 280.35 1.0
926.132 31.571 280.35 1.0
926.129 31.064 280.35 1.0
925.452 10.815 280.35 1.0
1045.679 10.815 280.35 1.0
1043.672 73.382 280.35 1.0
1042.827 99.742 280.35 1.0
1021.912 229.111 280.35 1.0
984.625 354.743 280.35 1.0
931.578 474.576 280.35 1.0
863.644 586.641 280.35 1.0
781.936 689.099 280.35 1.0
687.797 780.268 280.35 1.0
582.773 858.649 280.35 1.0
468.588 922.957 280.35 1.0
347.116 972.136 280.35 1.0
220.354 1005.377 280.35 1.0
90.381 1022.135 280.35 1.0
12.652 1022.135 280.35 1.0
12.652 904.323 280.35 1.0
12.669 887.21 300.35 0.0
83.536 887.21 300.35 1.0
84.227 887.184 300.35 1.0
84.749 887.129 300.35 1.0
201.261 871.457 300.35 1.0
201.759 871.364 300.35 1.0
202.252 871.244 300.35 1.0
315.441 840.238 300.35 1.0
316.117 840.025 300.35 1.0
316.59 839.84 300.35 1.0
424.636 794.024 300.35 1.0
425.277 793.722 300.35 1.0
425.721 793.476 300.35 1.0
526.696 733.668 300.35 1.0
527.292 733.283 300.35 1.0
527.699 732.98 300.35 1.0
619.802 660.247 300.35 1.0
620.341 659.786 300.35 1.0
620.704 659.431 300.35 1.0
702.29 575.071 300.35 1.0
702.763 574.542 300.35 1.0
703.076 574.142 300.35 1.0
772.69 479.66 300.35 1.0
773.088 479.073 300.35 1.0
773.345 478.635 300.35 1.0
829.745 375.718 300.35 1.0
830.061 375.083 300.35 1.0
830.257 374.615 300.35 1.0
872.436 265.098 300.35 1.0
872.665 264.427 300.35 1.0
872.797 263.937 300.35 1.0
900.047 149.578 300.35 1.0
900.14 149.079 300.35 1.0
900.205 148.576 300.35 1.0
911.952 31.807 300.35 1.0
911.995 31.099 300.35 1.0
911.993 30.592 300.35 1.0
911.331 10.804 300.35 1.0
1032.499 10.804 300.35 1.0
1030.476 73.906 300.35 1.0
1029.688 98.475 300.35 1.0
1009.042 226.174 300.35 1.0
972.237 350.185 300.35 1.0
919.875 468.47 300.35 1.0
852.817 579.089 300.35 1.0
772.164 680.225 300.35 1.0
679.241 770.217 300.35 1.0
575.572 847.587 300.35 1.0
462.86 911.065 300.35 1.0
342.957 959.608 300.35 1.0
217.83 992.42 300.35 1.0
89.535 1008.962 300.35 1.0
12.669 1008.962 300.35 1.0
12.669 890.21 300.35 1.0
12.669 890.21 320.35 0.0
12.686 873.097 320.35 0.0
82.591 873.097 320.35 1.0
83.286 873.07 320.35 1.0
83.804 873.015 320.35 1.0
198.443 857.596 320.35 1.0
198.942 857.503 320.35 1.0
199.435 857.383 320.35 1.0
310.801 826.876 320.35 1.0
311.477 826.663 320.35 1.0
311.95 826.477 320.35 1.0
418.256 781.4 320.35 1.0
418.898 781.098 320.35 1.0
419.342 780.851 320.35 1.0
518.691 722.006 320.35 1.0
519.287 721.621 320.35 1.0
519.694 721.318 320.35 1.0
610.314 649.756 320.35 1.0
610.853 649.295 320.35 1.0
611.216 648.94 320.35 1.0
691.489 565.939 320.35 1.0
691.962 565.41 320.35 1.0
692.274 565.01 320.35 1.0
760.768 472.049 320.35 1.0
761.166 471.462 320.35 1.0
761.422 471.024 320.35 1.0
816.914 369.764 320.35 1.0
817.231 369.129 320.35 1.0
817.426 368.661 320.35 1.0
858.927 260.907 320.35 1.0
859.156 260.236 320.35 1.0
859.287 259.746 320.35 1.0
886.1 147.225 320.35 1.0
886.192 146.726 320.35 1.0
886.257 146.223 320.35 1.0
897.815 31.334 320.35 1.0
897.859 30.626 320.35 1.0
897.856 30.119 320.35 1.0
897.21 10.793 320.35 1.0
1019.32 10.792 320.35 1.0
1017.279 74.429 320.35 1.0
1016.549 97.207 320.35 1.0
996.173 223.237 320.35 1.0
959.849 345.626 320.35 1.0
908.172 462.365 320.35 1.0
841.991 571.537 320.35 1.0
762.393 671.351 320.35 1.0
670.684 760.166 320.35 1.0
568.371 836.524 320.35 1.0
457.133 899.172 320.35 1.0
338.798 947.08 320.35 1.0
215.307 979.463 320.35 1.0
88.689 995.789 320.35 1.0
12.686 995.789 320.35 1.0
12.686 876.097 320.35 1.0
12.686 876.097 340.35 0.0
882.604 10.781 340.35 0.0
1006.141 10.781 340.35 1.0
1004.074 75.212 340.35 1.0
1003.41 95.94 340.35 1.0
983.304 220.299 340.35 1.0
947.461 341.067 340.35 1.0
896.469 456.259 340.35 1.0
831.165 563.985 340.35 1.0
752.621 662.476 340.35 1.0
662.127 750.114 340.35 1.0
561.17 825.461 340.35 1.0
451.406 887.279 340.35 1.0
334.638 934.553 340.35 1.0
212.784 966.507 340.35 1.0
87.844 982.616 340.35 1.0
12.703 982.616 340.35 1.0
12.703 858.5 340.35 1.0
81.614 858.5 340.35 1.0
82.313 858.473 340.35 1.0
82.827 858.419 340.35 1.0
195.529 843.26 340.35 1.0
196.028 843.167 340.35 1.0
196.521 843.047 340.35 1.0
306.002 813.056 340.35 1.0
306.678 812.843 340.35 1.0
307.151 812.658 340.35 1.0
411.658 768.343 340.35 1.0
412.3 768.04 340.35 1.0
412.744 767.794 340.35 1.0
510.412 709.945 340.35 1.0
511.007 709.56 340.35 1.0
511.414 709.257 340.35 1.0
600.5 638.906 340.35 1.0
601.04 638.445 340.35 1.0
601.402 638.09 340.35 1.0
680.317 556.494 340.35 1.0
680.79 555.965 340.35 1.0
681.102 555.565 340.35 1.0
748.437 464.178 340.35 1.0
748.835 463.59 340.35 1.0
749.091 463.153 340.35 1.0
803.644 363.606 340.35 1.0
803.961 362.971 340.35 1.0
804.156 362.503 340.35 1.0
844.954 256.573 340.35 1.0
845.183 255.901 340.35 1.0
845.314 255.412 340.35 1.0
871.674 144.792 340.35 1.0
871.767 144.293 340.35 1.0
871.832 143.79 340.35 1.0
883.194 30.846 340.35 1.0
883.237 30.137 340.35 1.0
883.235 29.63 340.35 1.0
882.705 13.78 340.35 1.0
882.705 13.78 360.35 0.0
866.776 10.77 360.35 0.0
992.961 10.77 360.35 1.0
990.849 76.649 360.35 1.0
990.271 94.672 360.35 1.0
970.435 217.362 360.35 1.0
935.073 336.508 360.35 1.0
884.766 450.154 360.35 1.0
820.338 556.433 360.35 1.0
742.849 653.602 360.35 1.0
653.571 740.063 360.35 1.0
553.969 814.398 360.35 1.0
445.679 875.386 360.35 1.0
330.479 922.025 360.35 1.0
210.26 953.55 360.35 1.0
86.998 969.443 360.35 1.0
12.72 969.443 360.35 1.0
12.72 842.681 360.35 1.0
80.555 842.681 360.35 1.0
81.26 842.653 360.35 1.0
81.768 842.599 360.35 1.0
192.371 827.723 360.35 1.0
192.87 827.63 360.35 1.0
193.363 827.509 360.35 1.0
300.801 798.079 360.35 1.0
301.478 797.865 360.35 1.0
301.95 797.68 360.35 1.0
404.507 754.192 360.35 1.0
405.149 753.89 360.35 1.0
405.593 753.644 360.35 1.0
501.439 696.874 360.35 1.0
502.035 696.489 360.35 1.0
502.441 696.186 360.35 1.0
589.865 627.148 360.35 1.0
590.405 626.687 360.35 1.0
590.767 626.332 360.35 1.0
668.209 546.257 360.35 1.0
668.682 545.728 360.35 1.0
668.995 545.329 360.35 1.0
735.073 455.647 360.35 1.0
735.471 455.059 360.35 1.0
735.727 454.621 360.35 1.0
789.262 356.932 360.35 1.0
789.579 356.297 360.35 1.0
789.774 355.829 360.35 1.0
829.811 251.876 360.35 1.0
830.04 251.204 360.35 1.0
830.171 250.714 360.35 1.0
856.04 142.154 360.35 1.0
856.133 141.656 360.35 1.0
856.198 141.153 360.35 1.0
867.348 30.316 360.35 1.0
867.391 29.607 360.35 1.0
867.389 29.1 360.35 1.0
866.876 13.768 360.35 1.0
866.876 13.768 380.35 0.0
850.947 10.759 380.35 0.0
978.878 10.759 380.35 1.0
976.734 77.605 380.35 1.0
976.23 93.318 380.35 1.0
956.683 214.223 380.35 1.0
921.836 331.636 380.35 1.0
872.26 443.63 380.35 1.0
808.769 548.363 380.35 1.0
732.407 644.119 380.35 1.0
644.427 729.323 380.35 1.0
546.273 802.576 380.35 1.0
439.558 862.677 380.35 1.0
326.034 908.638 380.35 1.0
207.564 939.705 380.35 1.0
86.094 955.367 380.35 1.0
12.737 955.367 380.35 1.0
12.737 826.861 380.35 1.0
79.496 826.861 380.35 1.0
80.206 826.834 380.35 1.0
80.709 826.78 380.35 1.0
189.013 812.215 380.35 1.0
189.712 812.093 380.35 1.0
190.205 811.972 380.35 1.0
295.601 783.102 380.35 1.0
296.277 782.888 380.35 1.0
296.749 782.703 380.35 1.0
397.542 739.96 380.35 1.0
397.999 739.739 380.35 1.0
398.442 739.493 380.35 1.0
492.466 683.803 380.35 1.0
493.062 683.418 380.35 1.0
493.468 683.114 380.35 1.0
579.23 615.389 380.35 1.0
579.769 614.928 380.35 1.0
580.132 614.573 380.35 1.0
656.241 535.874 380.35 1.0
656.575 535.492 380.35 1.0
656.887 535.092 380.35 1.0
721.709 447.115 380.35 1.0
722.107 446.528 380.35 1.0
722.363 446.09 380.35 1.0
774.881 350.258 380.35 1.0
775.197 349.623 380.35 1.0
775.393 349.155 380.35 1.0
814.739 246.988 380.35 1.0
814.897 246.507 380.35 1.0
815.029 246.017 380.35 1.0
840.362 139.715 380.35 1.0
840.499 139.019 380.35 1.0
840.564 138.516 380.35 1.0
851.502 29.786 380.35 1.0
851.546 29.078 380.35 1.0
851.543 28.571 380.35 1.0
851.048 13.757 380.35 1.0
851.048 13.757 400.35 0.0
12.753 811.042 400.35 0.0
78.437 811.042 400.35 1.0
79.15 811.014 400.35 1.0
79.65 810.961 400.35 1.0
185.855 796.678 400.35 1.0
186.553 796.556 400.35 1.0
187.047 796.435 400.35 1.0
290.4 768.124 400.35 1.0
291.076 767.91 400.35 1.0
291.549 767.725 400.35 1.0
390.392 725.81 400.35 1.0
390.848 725.589 400.35 1.0
391.292 725.342 400.35 1.0
483.493 670.731 400.35 1.0
484.089 670.346 400.35 1.0
484.496 670.043 400.35 1.0
568.595 603.63 400.35 1.0
569.134 603.169 400.35 1.0
569.497 602.814 400.35 1.0
644.134 525.638 400.35 1.0
644.467 525.256 400.35 1.0
644.78 524.856 400.35 1.0
708.345 438.584 400.35 1.0
708.743 437.997 400.35 1.0
709.0 437.559 400.35 1.0
760.499 343.585 400.35 1.0
760.816 342.949 400.35 1.0
761.011 342.481 400.35 1.0
799.596 242.291 400.35 1.0
799.754 241.809 400.35 1.0
799.886 241.319 400.35 1.0
824.728 137.078 400.35 1.0
824.865 136.382 400.35 1.0
824.93 135.879 400.35 1.0
835.656 29.256 400.35 1.0
835.7 28.548 400.35 1.0
835.697 28.041 400.35 1.0
835.119 10.747 400.35 1.0
963.208 10.747 400.35 1.0
961.06 77.715 400.35 1.0
960.608 91.811 400.35 1.0
941.382 210.731 400.35 1.0
907.107 326.216 400.35 1.0
858.345 436.37 400.35 1.0
795.897 539.384 400.35 1.0
720.789 633.567 400.35 1.0
634.253 717.372 400.35 1.0
537.712 789.423 400.35 1.0
432.749 848.537 400.35 1.0
321.088 893.743 400.35 1.0
204.564 924.3 400.35 1.0
85.089 939.704 400.35 1.0
12.753 939.704 400.35 1.0
12.753 814.042 400.35 1.0
12.753 814.042 420.35 0.0
12.77 795.223 420.35 0.0
77.18 795.223 420.35 1.0
77.995 795.202 420.35 1.0
78.591 795.142 420.35 1.0
182.697 781.141 420.35 1.0
183.395 781.019 420.35 1.0
183.888 780.898 420.35 1.0
285.199 753.147 420.35 1.0
285.875 752.933 420.35 1.0
286.348 752.748 420.35 1.0
383.241 711.659 420.35 1.0
383.697 711.438 420.35 1.0
384.141 711.192 420.35 1.0
474.52 657.66 420.35 1.0
475.116 657.275 420.35 1.0
475.523 656.972 420.35 1.0
557.96 591.872 420.35 1.0
558.499 591.41 420.35 1.0
558.862 591.056 420.35 1.0
632.026 515.401 420.35 1.0
632.36 515.02 420.35 1.0
632.672 514.62 420.35 1.0
694.981 430.053 420.35 1.0
695.38 429.466 420.35 1.0
695.636 429.028 420.35 1.0
746.117 336.911 420.35 1.0
746.434 336.276 420.35 1.0
746.629 335.808 420.35 1.0
784.453 237.594 420.35 1.0
784.612 237.112 420.35 1.0
784.743 236.622 420.35 1.0
809.094 134.441 420.35 1.0
809.231 133.745 420.35 1.0
809.296 133.242 420.35 1.0
819.81 28.726 420.35 1.0
819.854 28.018 420.35 1.0
819.851 27.511 420.35 1.0
819.29 10.736 420.35 1.0
947.538 10.736 420.35 1.0
945.387 77.825 420.35 1.0
944.987 90.304 420.35 1.0
926.081 207.239 420.35 1.0
892.378 320.796 420.35 1.0
844.43 429.111 420.35 1.0
783.025 530.405 420.35 1.0
709.171 623.016 420.35 1.0
624.08 705.422 420.35 1.0
529.15 776.27 420.35 1.0
425.939 834.397 420.35 1.0
316.143 878.849 420.35 1.0
201.564 908.895 420.35 1.0
84.083 924.042 420.35 1.0
12.77 924.042 420.35 1.0
12.77 798.223 420.35 1.0
12.77 798.223 440.35 0.0
801.598 10.725 440.35 0.0
931.868 10.725 440.35 1.0
929.681 78.933 440.35 1.0
929.365 88.797 440.35 1.0
910.781 203.746 440.35 1.0
877.65 315.376 440.35 1.0
830.516 421.852 440.35 1.0
770.153 521.426 440.35 1.0
697.552 612.465 440.35 1.0
613.906 693.471 440.35 1.0
520.588 763.117 440.35 1.0
419.13 820.257 440.35 1.0
311.198 863.954 440.35 1.0
198.564 893.49 440.35 1.0
83.077 908.38 440.35 1.0
12.787 908.38 440.35 1.0
12.787 777.541 440.35 1.0
76.194 777.541 440.35 1.0
76.817 777.52 440.35 1.0
77.408 777.46 440.35 1.0
179.167 763.775 440.35 1.0
179.866 763.653 440.35 1.0
180.359 763.532 440.35 1.0
279.386 736.406 440.35 1.0
280.062 736.192 440.35 1.0
280.535 736.007 440.35 1.0
375.249 695.843 440.35 1.0
375.705 695.621 440.35 1.0
376.149 695.375 440.35 1.0
464.491 643.05 440.35 1.0
465.087 642.665 440.35 1.0
465.493 642.362 440.35 1.0
546.073 578.729 440.35 1.0
546.612 578.268 440.35 1.0
546.975 577.913 440.35 1.0
618.493 503.96 440.35 1.0
618.827 503.578 440.35 1.0
619.139 503.178 440.35 1.0
680.044 420.518 440.35 1.0
680.443 419.93 440.35 1.0
680.699 419.493 440.35 1.0
730.043 329.451 440.35 1.0
730.359 328.816 440.35 1.0
730.555 328.348 440.35 1.0
767.528 232.343 440.35 1.0
767.686 231.862 440.35 1.0
767.817 231.372 440.35 1.0
791.619 131.493 440.35 1.0
791.757 130.797 440.35 1.0
791.822 130.294 440.35 1.0
802.099 28.134 440.35 1.0
802.139 27.548 440.35 1.0
802.14 26.919 440.35 1.0
801.699 13.723 440.35 1.0
801.699 13.723 460.35 0.0
783.839 10.713 460.35 0.0
916.199 10.713 460.35 1.0
913.974 80.077 460.35 1.0
913.743 87.29 460.35 1.0
895.48 200.254 460.35 1.0
862.921 309.955 460.35 1.0
816.601 414.593 460.35 1.0
757.281 512.447 460.35 1.0
685.934 601.913 460.35 1.0
603.733 681.521 460.35 1.0
512.026 749.963 460.35 1.0
412.32 806.117 460.35 1.0
306.252 849.059 460.35 1.0
195.563 878.085 460.35 1.0
82.072 892.718 460.35 1.0
12.804 892.718 460.35 1.0
12.804 759.792 460.35 1.0
75.006 759.792 460.35 1.0
75.717 759.764 460.35 1.0
76.219 759.71 460.35 1.0
175.624 746.342 460.35 1.0
176.269 746.231 460.35 1.0
176.815 746.1 460.35 1.0
273.551 719.601 460.35 1.0
274.176 719.406 460.35 1.0
274.7 719.202 460.35 1.0
367.126 680.01 460.35 1.0
367.633 679.769 460.35 1.0
368.125 679.498 460.35 1.0
454.423 628.384 460.35 1.0
454.974 628.03 460.35 1.0
455.426 627.696 460.35 1.0
534.14 565.535 460.35 1.0
534.639 565.111 460.35 1.0
535.042 564.719 460.35 1.0
604.769 492.622 460.35 1.0
605.207 492.135 460.35 1.0
605.555 491.693 460.35 1.0
665.05 410.946 460.35 1.0
665.419 410.405 460.35 1.0
665.704 409.92 460.35 1.0
713.906 321.963 460.35 1.0
714.2 321.378 460.35 1.0
714.418 320.86 460.35 1.0
750.537 227.073 460.35 1.0
750.696 226.591 460.35 1.0
750.827 226.101 460.35 1.0
774.078 128.534 460.35 1.0
774.216 127.838 460.35 1.0
774.28 127.335 460.35 1.0
784.32 27.54 460.35 1.0
784.36 26.954 460.35 1.0
784.361 26.324 460.35 1.0
783.939 13.712 460.35 1.0
783.939 13.712 480.35 0.0
12.821 742.042 480.35 0.0
73.818 742.042 480.35 1.0
74.49 742.017 480.35 1.0
75.031 741.961 480.35 1.0
172.08 728.909 480.35 1.0
172.725 728.799 480.35 1.0
173.272 728.667 480.35 1.0
267.716 702.796 480.35 1.0
268.34 702.601 480.35 1.0
268.864 702.397 480.35 1.0
359.103 664.132 480.35 1.0
359.61 663.892 480.35 1.0
360.102 663.621 480.35 1.0
444.355 613.718 480.35 1.0
444.906 613.364 480.35 1.0
445.358 613.029 480.35 1.0
522.208 552.342 480.35 1.0
522.707 551.918 480.35 1.0
523.11 551.526 480.35 1.0
591.185 481.137 480.35 1.0
591.623 480.65 480.35 1.0
591.97 480.208 480.35 1.0
650.056 401.374 480.35 1.0
650.425 400.833 480.35 1.0
650.71 400.348 480.35 1.0
697.77 314.475 480.35 1.0
698.064 313.89 480.35 1.0
698.282 313.372 480.35 1.0
733.509 221.905 480.35 1.0
733.689 221.373 480.35 1.0
733.836 220.831 480.35 1.0
756.537 125.576 480.35 1.0
756.668 124.918 480.35 1.0
756.739 124.376 480.35 1.0
766.541 26.945 480.35 1.0
766.581 26.359 480.35 1.0
766.581 25.73 480.35 1.0
766.079 10.702 480.35 1.0
900.529 10.702 480.35 1.0
898.267 81.221 480.35 1.0
898.121 85.783 480.35 1.0
880.179 196.762 480.35 1.0
848.192 304.535 480.35 1.0
802.686 407.333 480.35 1.0
744.409 503.468 480.35 1.0
674.316 591.362 480.35 1.0
593.559 669.571 480.35 1.0
503.464 736.81 480.35 1.0
405.511 791.977 480.35 1.0
301.307 834.164 480.35 1.0
192.563 862.68 480.35 1.0
81.066 877.056 480.35 1.0
12.821 877.056 480.35 1.0
12.821 745.042 480.35 1.0
12.821 745.042 500.35 0.0
748.313 10.691 500.35 0.0
884.859 10.691 500.35 1.0
882.637 79.968 500.35 1.0
882.499 84.276 500.35 1.0
864.878 193.269 500.35 1.0
833.464 299.115 500.35 1.0
788.772 400.074 500.35 1.0
731.537 494.489 500.35 1.0
662.698 580.811 500.35 1.0
583.386 657.62 500.35 1.0
494.903 723.657 500.35 1.0
398.701 777.836 500.35 1.0
296.361 819.269 500.35 1.0
189.563 847.275 500.35 1.0
80.061 861.394 500.35 1.0
12.838 861.394 500.35 1.0
12.838 724.287 500.35 1.0
72.629 724.287 500.35 1.0
73.253 724.266 500.35 1.0
73.843 724.206 500.35 1.0
168.536 711.471 500.35 1.0
169.181 711.36 500.35 1.0
169.728 711.229 500.35 1.0
261.878 685.986 500.35 1.0
262.503 685.79 500.35 1.0
263.027 685.587 500.35 1.0
351.077 648.25 500.35 1.0
351.585 648.01 500.35 1.0
352.077 647.738 500.35 1.0
434.334 599.007 500.35 1.0
434.885 598.654 500.35 1.0
435.336 598.32 500.35 1.0
510.271 539.144 500.35 1.0
510.77 538.72 500.35 1.0
511.173 538.328 500.35 1.0
577.595 469.648 500.35 1.0
578.034 469.161 500.35 1.0
578.381 468.719 500.35 1.0
635.056 391.798 500.35 1.0
635.426 391.257 500.35 1.0
635.711 390.773 500.35 1.0
681.628 306.985 500.35 1.0
681.922 306.399 500.35 1.0
682.14 305.881 500.35 1.0
716.513 216.633 500.35 1.0
716.693 216.101 500.35 1.0
716.84 215.559 500.35 1.0
738.99 122.616 500.35 1.0
739.121 121.958 500.35 1.0
739.192 121.417 500.35 1.0
748.756 26.351 500.35 1.0
748.796 25.765 500.35 1.0
748.796 25.135 500.35 1.0
748.414 13.689 500.35 1.0
748.414 13.689 520.35 0.0
12.855 704.329 520.35 0.0
71.293 704.329 520.35 1.0
71.923 704.307 520.35 1.0
72.507 704.247 520.35 1.0
164.551 691.869 520.35 1.0
165.197 691.758 520.35 1.0
165.743 691.626 520.35 1.0
255.317 667.09 520.35 1.0
255.942 666.894 520.35 1.0
256.466 666.691 520.35 1.0
342.055 630.397 520.35 1.0
342.563 630.157 520.35 1.0
343.055 629.885 520.35 1.0
422.964 582.555 520.35 1.0
423.515 582.202 520.35 1.0
423.966 581.867 520.35 1.0
496.853 524.309 520.35 1.0
497.352 523.885 520.35 1.0
497.755 523.493 520.35 1.0
562.32 456.733 520.35 1.0
562.758 456.247 520.35 1.0
563.105 455.805 520.35 1.0
618.196 381.035 520.35 1.0
618.565 380.494 520.35 1.0
618.85 380.01 520.35 1.0
663.484 298.565 520.35 1.0
663.778 297.979 520.35 1.0
663.996 297.461 520.35 1.0
697.408 210.706 520.35 1.0
697.588 210.174 520.35 1.0
697.735 209.632 520.35 1.0
719.265 119.289 520.35 1.0
719.397 118.631 520.35 1.0
719.468 118.089 520.35 1.0
728.764 25.682 520.35 1.0
728.804 25.096 520.35 1.0
728.804 24.467 520.35 1.0
728.343 10.68 520.35 1.0
868.087 10.68 520.35 1.0
865.914 78.449 520.35 1.0
865.779 82.663 520.35 1.0
848.501 189.531 520.35 1.0
817.699 293.313 520.35 1.0
773.879 392.304 520.35 1.0
717.76 484.879 520.35 1.0
650.263 569.517 520.35 1.0
572.497 644.829 520.35 1.0
485.739 709.579 520.35 1.0
391.413 762.702 520.35 1.0
291.068 803.327 520.35 1.0
186.352 830.787 520.35 1.0
78.985 844.63 520.35 1.0
12.855 844.63 520.35 1.0
12.855 707.329 520.35 1.0
12.855 707.329 540.35 0.0
12.872 684.37 540.35 0.0
69.957 684.37 540.35 1.0
70.587 684.348 540.35 1.0
71.17 684.289 540.35 1.0
159.734 672.378 540.35 1.0
160.66 672.253 540.35 1.0
161.212 672.156 540.35 1.0
161.759 672.024 540.35 1.0
248.755 648.193 540.35 1.0
249.38 647.998 540.35 1.0
249.904 647.794 540.35 1.0
333.034 612.544 540.35 1.0
333.541 612.304 540.35 1.0
334.033 612.032 540.35 1.0
411.643 566.064 540.35 1.0
412.194 565.71 540.35 1.0
412.645 565.376 540.35 1.0
483.435 509.474 540.35 1.0
483.935 509.049 540.35 1.0
484.337 508.658 540.35 1.0
547.045 443.819 540.35 1.0
547.483 443.332 540.35 1.0
547.83 442.89 540.35 1.0
601.336 370.272 540.35 1.0
601.705 369.731 540.35 1.0
601.99 369.247 540.35 1.0
645.339 290.145 540.35 1.0
645.633 289.559 540.35 1.0
645.851 289.041 540.35 1.0
678.303 204.78 540.35 1.0
678.483 204.248 540.35 1.0
678.63 203.706 540.35 1.0
699.541 115.962 540.35 1.0
699.672 115.304 540.35 1.0
699.743 114.762 540.35 1.0
708.772 25.014 540.35 1.0
708.812 24.428 540.35 1.0
708.812 23.799 540.35 1.0
708.374 10.668 540.35 1.0
849.29 10.668 540.35 1.0
847.171 76.746 540.35 1.0
847.039 80.855 540.35 1.0
830.146 185.342 540.35 1.0
800.031 286.811 540.35 1.0
757.187 383.596 540.35 1.0
702.318 474.108 540.35 1.0
636.326 556.86 540.35 1.0
560.293 630.494 540.35 1.0
475.468 693.8 540.35 1.0
383.244 745.739 540.35 1.0
285.136 785.459 540.35 1.0
182.753 812.307 540.35 1.0
77.778 825.842 540.35 1.0
12.872 825.842 540.35 1.0
12.872 687.37 540.35 1.0
12.872 687.37 560.35 0.0
688.404 10.657 560.35 0.0
830.492 10.657 560.35 1.0
828.427 75.044 560.35 1.0
828.299 79.047 560.35 1.0
811.791 181.152 560.35 1.0
782.362 280.309 560.35 1.0
740.495 374.888 560.35 1.0
686.877 463.337 560.35 1.0
622.388 544.203 560.35 1.0
548.088 616.158 560.35 1.0
465.197 678.021 560.35 1.0
375.075 728.777 560.35 1.0
279.203 767.591 560.35 1.0
179.154 793.827 560.35 1.0
76.572 807.054 560.35 1.0
12.888 807.054 560.35 1.0
12.888 664.412 560.35 1.0
68.621 664.412 560.35 1.0
69.251 664.39 560.35 1.0
69.834 664.331 560.35 1.0
155.947 652.75 560.35 1.0
156.675 652.651 560.35 1.0
157.228 652.554 560.35 1.0
157.774 652.422 560.35 1.0
242.194 629.297 560.35 1.0
242.819 629.101 560.35 1.0
243.343 628.898 560.35 1.0
324.012 594.691 560.35 1.0
324.52 594.45 560.35 1.0
325.012 594.179 560.35 1.0
400.322 549.573 560.35 1.0
400.873 549.219 560.35 1.0
401.325 548.884 560.35 1.0
470.018 494.638 560.35 1.0
470.517 494.214 560.35 1.0
470.92 493.822 560.35 1.0
531.769 430.904 560.35 1.0
532.207 430.417 560.35 1.0
532.555 429.976 560.35 1.0
584.475 359.508 560.35 1.0
584.844 358.968 560.35 1.0
585.129 358.483 560.35 1.0
627.194 281.725 560.35 1.0
627.488 281.139 560.35 1.0
627.706 280.621 560.35 1.0
659.198 198.853 560.35 1.0
659.378 198.321 560.35 1.0
659.525 197.779 560.35 1.0
679.816 112.634 560.35 1.0
679.948 111.977 560.35 1.0
680.019 111.435 560.35 1.0
688.78 24.346 560.35 1.0
688.82 23.76 560.35 1.0
688.821 23.13 560.35 1.0
688.504 13.655 560.35 1.0
688.504 13.655 580.35 0.0
12.905 643.451 580.35 0.0
67.218 643.451 580.35 1.0
67.903 643.425 580.35 1.0
68.431 643.37 580.35 1.0
151.996 632.131 580.35 1.0
153.083 631.958 580.35 1.0
153.59 631.835 580.35 1.0
235.303 609.451 580.35 1.0
235.965 609.242 580.35 1.0
236.452 609.053 580.35 1.0
314.611 575.908 580.35 1.0
315.081 575.682 580.35 1.0
315.537 575.429 580.35 1.0
388.433 532.253 580.35 1.0
389.017 531.876 580.35 1.0
389.435 531.565 580.35 1.0
455.926 479.058 580.35 1.0
456.455 478.607 580.35 1.0
456.828 478.242 580.35 1.0
515.727 417.341 580.35 1.0
516.19 416.823 580.35 1.0
516.512 416.412 580.35 1.0
566.768 348.205 580.35 1.0
567.158 347.63 580.35 1.0
567.422 347.179 580.35 1.0
608.138 272.882 580.35 1.0
608.449 272.26 580.35 1.0
608.65 271.778 580.35 1.0
639.161 192.554 580.35 1.0
639.325 192.059 580.35 1.0
639.461 191.555 580.35 1.0
659.101 109.14 580.35 1.0
659.236 108.458 580.35 1.0
659.303 107.941 580.35 1.0
667.784 23.644 580.35 1.0
667.824 23.058 580.35 1.0
667.824 22.428 580.35 1.0
667.431 10.646 580.35 1.0
811.694 10.646 580.35 1.0
809.684 73.341 580.35 1.0
809.559 77.239 580.35 1.0
793.436 176.963 580.35 1.0
764.694 273.807 580.35 1.0
723.803 366.18 580.35 1.0
671.435 452.565 580.35 1.0
608.451 531.545 580.35 1.0
535.884 601.822 580.35 1.0
454.926 662.243 580.35 1.0
366.907 711.814 580.35 1.0
273.27 749.723 580.35 1.0
175.555 775.347 580.35 1.0
75.366 788.265 580.35 1.0
12.905 788.265 580.35 1.0
12.905 646.451 580.35 1.0
12.905 646.451 600.35 0.0
644.831 10.634 600.35 0.0
646.168 10.634 600.35 1.0
792.897 10.634 600.35 1.0
790.941 71.638 600.35 1.0
790.819 75.431 600.35 1.0
775.081 172.774 600.35 1.0
747.025 267.305 600.35 1.0
707.111 357.472 600.35 1.0
655.994 441.794 600.35 1.0
594.514 518.888 600.35 1.0
523.68 587.486 600.35 1.0
444.656 646.464 600.35 1.0
358.738 694.852 600.35 1.0
267.338 731.856 600.35 1.0
171.956 756.868 600.35 1.0
74.16 769.477 600.35 1.0
12.922 769.477 600.35 1.0
12.922 622.201 600.35 1.0
12.922 620.865 600.35 1.0
65.706 620.865 600.35 1.0
66.391 620.839 600.35 1.0
66.919 620.783 600.35 1.0
148.061 609.869 600.35 1.0
148.574 609.775 600.35 1.0
149.081 609.652 600.35 1.0
227.877 588.067 600.35 1.0
228.54 587.858 600.35 1.0
229.026 587.668 600.35 1.0
304.242 555.774 600.35 1.0
304.871 555.478 600.35 1.0
305.328 555.225 600.35 1.0
375.622 513.59 600.35 1.0
376.206 513.214 600.35 1.0
376.624 512.902 600.35 1.0
440.742 462.269 600.35 1.0
441.27 461.818 600.35 1.0
441.644 461.453 600.35 1.0
498.44 402.726 600.35 1.0
498.904 402.208 600.35 1.0
499.225 401.797 600.35 1.0
547.687 336.024 600.35 1.0
548.078 335.449 600.35 1.0
548.342 334.999 600.35 1.0
587.605 263.353 600.35 1.0
587.915 262.731 600.35 1.0
588.117 262.25 600.35 1.0
617.48 186.01 600.35 1.0
617.705 185.352 600.35 1.0
617.84 184.848 600.35 1.0
636.78 105.375 600.35 1.0
636.915 104.693 600.35 1.0
636.982 104.176 600.35 1.0
645.16 22.887 600.35 1.0
645.2 22.301 600.35 1.0
645.2 21.672 600.35 1.0
644.932 13.633 600.35 1.0
644.932 13.633 620.35 0.0
622.232 10.623 620.35 0.0
623.569 10.623 620.35 1.0
774.099 10.623 620.35 1.0
772.197 69.936 620.35 1.0
772.079 73.623 620.35 1.0
756.726 168.584 620.35 1.0
729.356 260.802 620.35 1.0
690.419 348.763 620.35 1.0
640.552 431.023 620.35 1.0
580.577 506.23 620.35 1.0
511.476 573.151 620.35 1.0
434.385 630.685 620.35 1.0
350.569 677.889 620.35 1.0
261.405 713.988 620.35 1.0
168.357 738.388 620.35 1.0
72.953 750.689 620.35 1.0
12.939 750.689 620.35 1.0
12.939 599.615 620.35 1.0
12.939 598.278 620.35 1.0
64.194 598.278 620.35 1.0
64.879 598.253 620.35 1.0
65.407 598.197 620.35 1.0
143.569 587.683 620.35 1.0
144.073 587.59 620.35 1.0
144.572 587.469 620.35 1.0
220.452 566.683 620.35 1.0
221.114 566.474 620.35 1.0
221.601 566.284 620.35 1.0
294.033 535.57 620.35 1.0
294.662 535.275 620.35 1.0
295.118 535.022 620.35 1.0
362.81 494.928 620.35 1.0
363.394 494.551 620.35 1.0
363.813 494.239 620.35 1.0
425.557 445.48 620.35 1.0
426.086 445.029 620.35 1.0
426.459 444.665 620.35 1.0
481.153 388.111 620.35 1.0
481.617 387.594 620.35 1.0
481.939 387.182 620.35 1.0
528.607 323.844 620.35 1.0
528.998 323.269 620.35 1.0
529.261 322.818 620.35 1.0
567.071 253.824 620.35 1.0
567.382 253.202 620.35 1.0
567.583 252.721 620.35 1.0
595.859 179.303 620.35 1.0
596.084 178.645 620.35 1.0
596.22 178.142 620.35 1.0
614.458 101.61 620.35 1.0
614.594 100.928 620.35 1.0
614.661 100.411 620.35 1.0
622.535 22.131 620.35 1.0
622.566 21.745 620.35 1.0
622.576 20.915 620.35 1.0
622.332 13.621 620.35 1.0
622.332 13.621 640.35 0.0
599.24 10.612 640.35 0.0
600.97 10.612 640.35 1.0
755.302 10.612 640.35 1.0
753.454 68.233 640.35 1.0
753.339 71.816 640.35 1.0
738.371 164.395 640.35 1.0
711.688 254.3 640.35 1.0
673.727 340.055 640.35 1.0
625.111 420.252 640.35 1.0
566.639 493.573 640.35 1.0
499.272 558.815 640.35 1.0
424.114 614.907 640.35 1.0
342.4 660.927 640.35 1.0
255.473 696.12 640.35 1.0
164.759 719.908 640.35 1.0
71.747 731.9 640.35 1.0
12.956 731.9 640.35 1.0
12.956 577.028 640.35 1.0
12.956 575.299 640.35 1.0
62.656 575.299 640.35 1.0
63.34 575.274 640.35 1.0
63.869 575.218 640.35 1.0
138.845 565.135 640.35 1.0
139.418 565.036 640.35 1.0
139.985 564.9 640.35 1.0
212.897 544.927 640.35 1.0
213.516 544.733 640.35 1.0
214.046 544.528 640.35 1.0
283.646 515.015 640.35 1.0
284.234 514.741 640.35 1.0
284.731 514.467 640.35 1.0
349.776 475.94 640.35 1.0
350.322 475.59 640.35 1.0
350.779 475.252 640.35 1.0
410.109 428.4 640.35 1.0
410.603 427.98 640.35 1.0
411.011 427.584 640.35 1.0
463.566 373.242 640.35 1.0
464.0 372.76 640.35 1.0
464.351 372.313 640.35 1.0
509.195 311.451 640.35 1.0
509.561 310.916 640.35 1.0
509.849 310.426 640.35 1.0
546.18 244.13 640.35 1.0
546.472 243.55 640.35 1.0
546.692 243.027 640.35 1.0
573.863 172.48 640.35 1.0
574.074 171.867 640.35 1.0
574.223 171.318 640.35 1.0
591.749 97.779 640.35 1.0
591.88 97.122 640.35 1.0
591.951 96.58 640.35 1.0
599.518 21.361 640.35 1.0
599.548 20.975 640.35 1.0
599.559 20.146 640.35 1.0
599.34 13.61 640.35 1.0
599.34 13.61 660.35 0.0
573.407 10.601 660.35 0.0
577.978 10.601 660.35 1.0
733.577 10.601 660.35 1.0
731.792 66.265 660.35 1.0
731.681 69.726 660.35 1.0
717.159 159.553 660.35 1.0
691.269 246.786 660.35 1.0
654.436 329.991 660.35 1.0
607.266 407.803 660.35 1.0
550.532 478.945 660.35 1.0
485.168 542.247 660.35 1.0
412.244 596.671 660.35 1.0
332.96 641.323 660.35 1.0
248.617 675.47 660.35 1.0
160.599 698.551 660.35 1.0
70.353 710.187 660.35 1.0
12.973 710.187 660.35 1.0
12.973 554.049 660.35 1.0
12.973 549.482 660.35 1.0
60.927 549.482 660.35 1.0
61.557 549.46 660.35 1.0
62.141 549.4 660.35 1.0
133.723 539.773 660.35 1.0
134.28 539.675 660.35 1.0
134.831 539.543 660.35 1.0
204.409 520.483 660.35 1.0
205.028 520.29 660.35 1.0
205.558 520.084 660.35 1.0
271.976 491.921 660.35 1.0
272.563 491.646 660.35 1.0
273.061 491.372 660.35 1.0
335.132 454.607 660.35 1.0
335.678 454.257 660.35 1.0
336.135 453.919 660.35 1.0
392.752 409.209 660.35 1.0
393.246 408.789 660.35 1.0
393.654 408.393 660.35 1.0
443.806 356.536 660.35 1.0
444.24 356.054 660.35 1.0
444.591 355.607 660.35 1.0
487.384 297.528 660.35 1.0
487.75 296.992 660.35 1.0
488.039 296.503 660.35 1.0
522.709 233.238 660.35 1.0
523.0 232.658 660.35 1.0
523.221 232.135 660.35 1.0
549.149 164.814 660.35 1.0
549.361 164.2 660.35 1.0
549.509 163.652 660.35 1.0
566.233 93.475 660.35 1.0
566.365 92.818 660.35 1.0
566.436 92.276 660.35 1.0
573.657 20.497 660.35 1.0
573.687 20.111 660.35 1.0
573.697 19.281 660.35 1.0
573.507 13.599 660.35 1.0
573.507 13.599 680.35 0.0
547.575 10.589 680.35 0.0
552.145 10.589 680.35 1.0
710.847 10.589 680.35 1.0
709.127 64.207 680.35 1.0
709.02 67.54 680.35 1.0
694.963 154.487 680.35 1.0
669.903 238.923 680.35 1.0
634.252 319.461 680.35 1.0
588.594 394.779 680.35 1.0
533.679 463.639 680.35 1.0
470.41 524.912 680.35 1.0
399.825 577.591 680.35 1.0
323.082 620.812 680.35 1.0
241.443 653.864 680.35 1.0
156.247 676.205 680.35 1.0
68.894 687.468 680.35 1.0
12.99 687.468 680.35 1.0
12.99 528.232 680.35 1.0
12.99 523.664 680.35 1.0
59.199 523.664 680.35 1.0
59.829 523.642 680.35 1.0
60.412 523.582 680.35 1.0
128.597 514.412 680.35 1.0
129.14 514.315 680.35 1.0
129.677 514.185 680.35 1.0
195.922 496.039 680.35 1.0
196.54 495.846 680.35 1.0
197.07 495.64 680.35 1.0
260.306 468.826 680.35 1.0
260.893 468.552 680.35 1.0
261.391 468.278 680.35 1.0
320.488 433.274 680.35 1.0
321.034 432.924 680.35 1.0
321.491 432.586 680.35 1.0
375.395 390.018 680.35 1.0
375.889 389.599 680.35 1.0
376.297 389.203 680.35 1.0
424.046 339.83 680.35 1.0
424.48 339.348 680.35 1.0
424.831 338.901 680.35 1.0
465.574 283.605 680.35 1.0
465.94 283.069 680.35 1.0
466.228 282.58 680.35 1.0
499.237 222.346 680.35 1.0
499.529 221.766 680.35 1.0
499.749 221.243 680.35 1.0
524.435 157.147 680.35 1.0
524.647 156.534 680.35 1.0
524.796 155.986 680.35 1.0
540.718 89.172 680.35 1.0
540.85 88.514 680.35 1.0
540.92 87.972 680.35 1.0
547.796 19.632 680.35 1.0
547.826 19.246 680.35 1.0
547.836 18.416 680.35 1.0
547.675 13.588 680.35 1.0
547.675 13.588 700.35 0.0
520.632 10.578 700.35 0.0
526.312 10.578 700.35 1.0
688.116 10.578 700.35 1.0
686.462 62.148 700.35 1.0
686.36 65.354 700.35 1.0
672.768 149.421 700.35 1.0
648.538 231.06 700.35 1.0
614.067 308.931 700.35 1.0
569.922 381.754 700.35 1.0
516.826 448.334 700.35 1.0
455.652 507.577 700.35 1.0
387.405 558.511 700.35 1.0
313.204 600.3 700.35 1.0
234.269 632.258 700.35 1.0
151.895 653.859 700.35 1.0
67.436 664.748 700.35 1.0
13.007 664.748 700.35 1.0
13.007 502.414 700.35 1.0
13.007 496.736 700.35 1.0
57.396 496.736 700.35 1.0
58.026 496.715 700.35 1.0
58.61 496.655 700.35 1.0
123.109 487.981 700.35 1.0
123.78 487.865 700.35 1.0
124.301 487.738 700.35 1.0
187.069 470.545 700.35 1.0
187.721 470.339 700.35 1.0
188.218 470.146 700.35 1.0
248.134 444.739 700.35 1.0
248.753 444.449 700.35 1.0
249.219 444.191 700.35 1.0
305.214 411.025 700.35 1.0
305.79 410.654 700.35 1.0
306.217 410.337 700.35 1.0
357.292 370.003 700.35 1.0
357.812 369.559 700.35 1.0
358.194 369.187 700.35 1.0
403.437 322.406 700.35 1.0
403.871 321.924 700.35 1.0
404.222 321.477 700.35 1.0
442.826 269.083 700.35 1.0
443.192 268.548 700.35 1.0
443.481 268.058 700.35 1.0
474.757 210.986 700.35 1.0
475.048 210.407 700.35 1.0
475.269 209.883 700.35 1.0
498.66 149.152 700.35 1.0
498.871 148.538 700.35 1.0
499.02 147.99 700.35 1.0
514.107 84.683 700.35 1.0
514.241 84.007 700.35 1.0
514.309 83.484 700.35 1.0
520.823 18.73 700.35 1.0
520.854 18.344 700.35 1.0
520.864 17.515 700.35 1.0
520.732 13.576 700.35 1.0
520.732 13.576 720.35 0.0
13.023 642.029 720.35 0.0
13.023 475.486 720.35 1.0
13.023 466.87 720.35 1.0
55.397 466.871 720.35 1.0
56.094 466.844 720.35 1.0
56.611 466.789 720.35 1.0
117.327 458.622 720.35 1.0
117.836 458.528 720.35 1.0
118.339 458.406 720.35 1.0
177.25 442.268 720.35 1.0
177.903 442.063 720.35 1.0
178.399 441.869 720.35 1.0
234.634 418.024 720.35 1.0
235.253 417.733 720.35 1.0
235.719 417.475 720.35 1.0
288.274 386.347 720.35 1.0
288.849 385.977 720.35 1.0
289.277 385.659 720.35 1.0
337.213 347.803 720.35 1.0
337.734 347.359 720.35 1.0
338.115 346.988 720.35 1.0
380.579 303.081 720.35 1.0
381.036 302.571 720.35 1.0
381.364 302.152 720.35 1.0
417.596 252.977 720.35 1.0
417.981 252.411 720.35 1.0
418.251 251.952 720.35 1.0
447.605 198.386 720.35 1.0
447.911 197.774 720.35 1.0
448.117 197.283 720.35 1.0
470.071 140.283 720.35 1.0
470.292 139.636 720.35 1.0
470.431 139.122 720.35 1.0
484.623 79.565 720.35 1.0
484.727 79.018 720.35 1.0
484.793 78.505 720.35 1.0
490.907 17.73 720.35 1.0
490.938 17.344 720.35 1.0
490.948 16.514 720.35 1.0
490.749 10.567 720.35 1.0
499.37 10.567 720.35 1.0
665.385 10.567 720.35 1.0
663.797 60.089 720.35 1.0
663.699 63.168 720.35 1.0
650.573 144.356 720.35 1.0
627.173 223.198 720.35 1.0
593.883 298.401 720.35 1.0
551.249 368.729 720.35 1.0
499.973 433.028 720.35 1.0
440.895 490.242 720.35 1.0
374.985 539.431 720.35 1.0
303.326 579.789 720.35 1.0
227.095 610.651 720.35 1.0
147.544 631.512 720.35 1.0
65.977 642.029 720.35 1.0
16.023 642.029 720.35 1.0
16.023 642.029 740.35 0.0
13.04 619.31 740.35 0.0
13.04 445.62 740.35 1.0
13.04 437.004 740.35 1.0
53.398 437.005 740.35 1.0
54.095 436.978 740.35 1.0
54.611 436.923 740.35 1.0
111.328 429.294 740.35 1.0
111.891 429.191 740.35 1.0
112.377 429.073 740.35 1.0
166.96 414.121 740.35 1.0
167.638 413.932 740.35 1.0
168.113 413.776 740.35 1.0
168.58 413.593 740.35 1.0
221.134 391.308 740.35 1.0
221.781 391.003 740.35 1.0
222.219 390.759 740.35 1.0
271.334 361.669 740.35 1.0
271.934 361.281 740.35 1.0
272.336 360.981 740.35 1.0
317.135 325.604 740.35 1.0
317.679 325.139 740.35 1.0
318.037 324.788 740.35 1.0
357.721 283.755 740.35 1.0
358.197 283.222 740.35 1.0
358.506 282.827 740.35 1.0
392.366 236.871 740.35 1.0
392.768 236.278 740.35 1.0
393.021 235.846 740.35 1.0
420.454 185.787 740.35 1.0
420.773 185.146 740.35 1.0
420.966 184.684 740.35 1.0
441.482 131.415 740.35 1.0
441.713 130.737 740.35 1.0
441.842 130.253 740.35 1.0
455.075 74.725 740.35 1.0
455.207 74.067 740.35 1.0
455.277 73.526 740.35 1.0
460.991 16.73 740.35 1.0
461.031 16.144 740.35 1.0
461.032 15.514 740.35 1.0
460.866 10.555 740.35 1.0
469.487 10.555 740.35 1.0
642.655 10.555 740.35 1.0
641.132 58.03 740.35 1.0
641.038 60.982 740.35 1.0
628.378 139.29 740.35 1.0
605.808 215.335 740.35 1.0
573.699 287.87 740.35 1.0
532.577 355.704 740.35 1.0
483.12 417.722 740.35 1.0
426.137 472.907 740.35 1.0
362.565 520.351 740.35 1.0
293.449 559.277 740.35 1.0
219.922 589.045 740.35 1.0
143.192 609.166 740.35 1.0
64.518 619.31 740.35 1.0
16.04 619.31 740.35 1.0
16.04 619.31 760.35 0.0
13.057 593.67 760.35 0.0
13.057 415.754 760.35 1.0
13.057 402.818 760.35 1.0
51.109 402.818 760.35 1.0
51.739 402.796 760.35 1.0
52.323 402.737 760.35 1.0
104.486 395.721 760.35 1.0
105.017 395.626 760.35 1.0
105.552 395.496 760.35 1.0
156.193 381.625 760.35 1.0
156.815 381.43 760.35 1.0
157.341 381.226 760.35 1.0
205.681 360.728 760.35 1.0
206.328 360.423 760.35 1.0
206.766 360.179 760.35 1.0
251.943 333.421 760.35 1.0
252.543 333.033 760.35 1.0
252.945 332.733 760.35 1.0
294.152 300.193 760.35 1.0
294.696 299.727 760.35 1.0
295.054 299.377 760.35 1.0
331.556 261.634 760.35 1.0
332.033 261.101 760.35 1.0
332.341 260.706 760.35 1.0
363.486 218.435 760.35 1.0
363.888 217.842 760.35 1.0
364.141 217.409 760.35 1.0
389.475 171.175 760.35 1.0
389.693 170.724 760.35 1.0
389.886 170.261 760.35 1.0
408.757 121.264 760.35 1.0
408.988 120.586 760.35 1.0
409.118 120.102 760.35 1.0
421.309 68.942 760.35 1.0
421.414 68.408 760.35 1.0
421.492 67.827 760.35 1.0
426.747 15.585 760.35 1.0
426.787 14.999 760.35 1.0
426.788 14.369 760.35 1.0
426.66 10.544 760.35 1.0
439.604 10.544 760.35 1.0
617.002 10.544 760.35 1.0
615.554 55.707 760.35 1.0
615.464 58.515 760.35 1.0
603.329 133.573 760.35 1.0
581.696 206.462 760.35 1.0
550.92 275.987 760.35 1.0
511.505 341.005 760.35 1.0
464.1 400.449 760.35 1.0
409.482 453.343 760.35 1.0
348.549 498.819 760.35 1.0
282.301 536.129 760.35 1.0
211.826 564.662 760.35 1.0
138.28 583.947 760.35 1.0
62.872 593.67 760.35 1.0
16.057 593.67 760.35 1.0
16.057 593.67 780.35 0.0
589.166 10.533 780.35 0.0
587.798 53.186 780.35 1.0
587.713 55.838 780.35 1.0
576.149 127.369 780.35 1.0
555.532 196.833 780.35 1.0
526.202 263.091 780.35 1.0
488.639 325.055 780.35 1.0
443.461 381.706 780.35 1.0
391.41 432.115 780.35 1.0
333.34 475.453 780.35 1.0
270.205 511.011 780.35 1.0
203.041 538.202 780.35 1.0
132.951 556.582 780.35 1.0
61.086 565.848 780.35 1.0
13.074 565.848 780.35 1.0
13.074 381.568 780.35 1.0
13.074 367.715 780.35 1.0
48.76 367.715 780.35 1.0
49.389 367.693 780.35 1.0
49.973 367.634 780.35 1.0
97.492 361.242 780.35 1.0
98.028 361.145 780.35 1.0
98.544 361.02 780.35 1.0
144.652 348.39 780.35 1.0
145.299 348.186 780.35 1.0
145.801 347.991 780.35 1.0
189.814 329.328 780.35 1.0
190.426 329.041 780.35 1.0
190.899 328.779 780.35 1.0
232.032 304.416 780.35 1.0
232.6 304.051 780.35 1.0
233.034 303.728 780.35 1.0
270.553 274.1 780.35 1.0
271.067 273.662 780.35 1.0
271.455 273.284 780.35 1.0
304.689 238.92 780.35 1.0
305.141 238.417 780.35 1.0
305.475 237.991 780.35 1.0
333.832 199.504 780.35 1.0
334.213 198.945 780.35 1.0
334.487 198.479 780.35 1.0
357.525 156.436 780.35 1.0
357.764 155.951 780.35 1.0
357.973 155.452 780.35 1.0
375.155 110.84 780.35 1.0
375.375 110.201 780.35 1.0
375.516 109.679 780.35 1.0
386.598 63.175 780.35 1.0
386.732 62.502 780.35 1.0
386.8 61.975 780.35 1.0
391.585 14.409 780.35 1.0
391.625 13.823 780.35 1.0
391.626 13.194 780.35 1.0
391.537 10.533 780.35 1.0
405.398 10.533 780.35 1.0
586.166 10.533 780.35 1.0
586.166 10.533 800.35 0.0
561.33 10.522 800.35 0.0
560.043 50.665 800.35 1.0
559.963 53.161 800.35 1.0
548.968 121.165 800.35 1.0
529.368 187.205 800.35 1.0
501.484 250.196 800.35 1.0
465.773 309.104 800.35 1.0
422.823 362.962 800.35 1.0
373.338 410.886 800.35 1.0
318.131 452.088 800.35 1.0
258.108 485.892 800.35 1.0
194.256 511.743 800.35 1.0
127.621 529.217 800.35 1.0
59.3 538.026 800.35 1.0
13.091 538.026 800.35 1.0
13.091 346.465 800.35 1.0
13.091 327.32 800.35 1.0
46.055 327.32 800.35 1.0
46.685 327.298 800.35 1.0
47.269 327.239 800.35 1.0
89.432 321.567 800.35 1.0
89.979 321.468 800.35 1.0
90.48 321.345 800.35 1.0
131.372 310.144 800.35 1.0
132.049 309.93 800.35 1.0
132.521 309.745 800.35 1.0
171.012 293.424 800.35 1.0
171.73 293.117 800.35 1.0
172.191 292.894 800.35 1.0
172.64 292.645 800.35 1.0
209.119 271.038 800.35 1.0
209.71 270.656 800.35 1.0
210.122 270.35 800.35 1.0
243.396 244.074 800.35 1.0
243.931 243.616 800.35 1.0
244.298 243.258 800.35 1.0
273.772 212.782 800.35 1.0
274.242 212.257 800.35 1.0
274.558 211.853 800.35 1.0
299.707 177.719 800.35 1.0
300.103 177.137 800.35 1.0
300.362 176.694 800.35 1.0
320.737 139.513 800.35 1.0
321.052 138.883 800.35 1.0
321.249 138.41 800.35 1.0
336.487 98.845 800.35 1.0
336.715 98.179 800.35 1.0
336.848 97.684 800.35 1.0
346.676 56.441 800.35 1.0
346.803 55.813 800.35 1.0
346.878 55.242 800.35 1.0
351.122 13.056 800.35 1.0
351.162 12.47 800.35 1.0
351.163 11.841 800.35 1.0
351.119 10.522 800.35 1.0
370.275 10.522 800.35 1.0
558.33 10.522 800.35 1.0
558.33 10.522 820.35 0.0
533.494 10.51 820.35 0.0
532.287 48.144 820.35 1.0
532.212 50.484 820.35 1.0
521.788 114.961 820.35 1.0
503.204 177.576 820.35 1.0
476.766 237.301 820.35 1.0
442.907 293.154 820.35 1.0
402.184 344.219 820.35 1.0
355.266 389.657 820.35 1.0
302.922 428.722 820.35 1.0
246.012 460.773 820.35 1.0
185.47 485.284 820.35 1.0
122.292 501.851 820.35 1.0
57.514 510.203 820.35 1.0
13.108 510.204 820.35 1.0
13.108 306.07 820.35 1.0
13.108 284.881 820.35 1.0
43.214 284.881 820.35 1.0
43.93 284.853 820.35 1.0
44.428 284.8 820.35 1.0
80.978 279.883 820.35 1.0
81.515 279.784 820.35 1.0
82.008 279.664 820.35 1.0
117.42 269.964 820.35 1.0
118.069 269.76 820.35 1.0
118.569 269.565 820.35 1.0
152.371 255.232 820.35 1.0
152.994 254.939 820.35 1.0
153.457 254.683 820.35 1.0
185.047 235.972 820.35 1.0
185.61 235.61 820.35 1.0
186.05 235.284 820.35 1.0
214.865 212.529 820.35 1.0
215.374 212.095 820.35 1.0
215.767 211.713 820.35 1.0
241.292 185.321 820.35 1.0
241.739 184.823 820.35 1.0
242.077 184.392 820.35 1.0
263.856 154.833 820.35 1.0
264.233 154.28 820.35 1.0
264.51 153.808 820.35 1.0
282.155 121.61 820.35 1.0
282.455 121.011 820.35 1.0
282.667 120.506 820.35 1.0
295.863 86.244 820.35 1.0
296.083 85.605 820.35 1.0
296.224 85.082 820.35 1.0
304.735 49.366 820.35 1.0
304.863 48.727 820.35 1.0
304.937 48.167 820.35 1.0
308.613 11.635 820.35 1.0
308.653 11.049 820.35 1.0
308.653 10.51 820.35 1.0
329.857 10.51 820.35 1.0
530.494 10.51 820.35 1.0
530.494 10.51 840.35 0.0
503.356 10.499 840.35 0.0
502.236 45.414 840.35 1.0
502.166 47.585 840.35 1.0
492.36 108.244 840.35 1.0
474.876 167.151 840.35 1.0
450.004 223.339 840.35 1.0
418.15 275.884 840.35 1.0
379.839 323.925 840.35 1.0
335.699 366.673 840.35 1.0
286.455 403.425 840.35 1.0
232.915 433.578 840.35 1.0
175.959 456.636 840.35 1.0
116.522 472.223 840.35 1.0
55.58 480.08 840.35 1.0
13.125 480.081 840.35 1.0
13.125 263.631 840.35 1.0
13.125 232.954 840.35 1.0
39.738 232.954 840.35 1.0
40.368 232.932 840.35 1.0
40.952 232.873 840.35 1.0
70.543 228.893 840.35 1.0
71.074 228.8 840.35 1.0
71.642 228.663 840.35 1.0
100.348 220.8 840.35 1.0
100.981 220.602 840.35 1.0
101.497 220.401 840.35 1.0
128.899 208.782 840.35 1.0
129.515 208.493 840.35 1.0
129.985 208.233 840.35 1.0
155.593 193.065 840.35 1.0
156.155 192.704 840.35 1.0
156.596 192.377 840.35 1.0
179.955 173.931 840.35 1.0
180.46 173.501 840.35 1.0
180.857 173.115 840.35 1.0
201.549 151.72 840.35 1.0
201.992 151.227 840.35 1.0
202.334 150.791 840.35 1.0
219.989 126.829 840.35 1.0
220.363 126.281 840.35 1.0
220.643 125.804 840.35 1.0
234.947 99.703 840.35 1.0
235.245 99.11 840.35 1.0
235.459 98.6 840.35 1.0
246.157 70.824 840.35 1.0
246.371 70.203 840.35 1.0
246.517 69.663 840.35 1.0
253.417 40.71 840.35 1.0
253.548 40.051 840.35 1.0
253.619 39.511 840.35 1.0
256.538 10.499 840.35 1.0
287.37 10.499 840.35 1.0
500.356 10.499 840.35 1.0
500.356 10.499 860.35 0.0
468.193 10.488 860.35 0.0
467.175 42.23 860.35 1.0
467.111 44.204 860.35 1.0
458.025 100.408 860.35 1.0
441.826 154.988 860.35 1.0
418.78 207.049 860.35 1.0
389.266 255.736 860.35 1.0
353.768 300.249 860.35 1.0
312.87 339.857 860.35 1.0
267.242 373.909 860.35 1.0
217.634 401.848 860.35 1.0
164.861 423.213 860.35 1.0
109.79 437.655 860.35 1.0
53.323 444.935 860.35 1.0
13.142 444.935 860.35 1.0
13.142 211.704 860.35 1.0
13.142 171.607 860.35 1.0
13.488 171.641 860.35 1.0
14.077 171.66 860.35 1.0
35.635 171.661 860.35 1.0
36.265 171.639 860.35 1.0
36.849 171.579 860.35 1.0
58.214 168.706 860.35 1.0
58.892 168.588 860.35 1.0
59.406 168.463 860.35 1.0
80.197 162.768 860.35 1.0
80.869 162.556 860.35 1.0
81.346 162.369 860.35 1.0
101.193 153.953 860.35 1.0
101.809 153.664 860.35 1.0
102.279 153.405 860.35 1.0
120.827 142.419 860.35 1.0
121.396 142.052 860.35 1.0
121.829 141.73 860.35 1.0
138.748 128.37 860.35 1.0
139.261 127.933 860.35 1.0
139.65 127.554 860.35 1.0
154.636 112.058 860.35 1.0
155.109 111.53 860.35 1.0
155.422 111.13 860.35 1.0
168.209 93.774 860.35 1.0
168.608 93.187 860.35 1.0
168.864 92.749 860.35 1.0
179.224 73.844 860.35 1.0
179.536 73.219 860.35 1.0
179.736 72.741 860.35 1.0
187.484 52.624 860.35 1.0
187.692 52.023 860.35 1.0
187.844 51.462 860.35 1.0
192.841 30.492 860.35 1.0
192.978 29.798 860.35 1.0
193.044 29.293 860.35 1.0
194.935 10.488 860.35 1.0
235.181 10.488 860.35 1.0
465.193 10.488 860.35 1.0
465.193 10.488 880.35 0.0
13.158 409.79 880.35 0.0
13.158 150.177 880.35 1.0
13.158 91.135 880.35 1.0
18.204 91.814 880.35 1.0
18.828 91.876 880.35 1.0
19.417 91.895 880.35 1.0
30.295 91.895 880.35 1.0
30.803 91.881 880.35 1.0
31.509 91.814 880.35 1.0
42.29 90.364 880.35 1.0
42.915 90.258 880.35 1.0
43.482 90.121 880.35 1.0
54.08 87.217 880.35 1.0
54.582 87.057 880.35 1.0
55.122 86.848 880.35 1.0
65.137 82.602 880.35 1.0
65.778 82.3 880.35 1.0
66.222 82.053 880.35 1.0
75.582 76.51 880.35 1.0
76.168 76.132 880.35 1.0
76.585 75.821 880.35 1.0
85.123 69.08 880.35 1.0
85.646 68.633 880.35 1.0
86.025 68.264 880.35 1.0
93.587 60.444 880.35 1.0
94.039 59.94 880.35 1.0
94.372 59.516 880.35 1.0
100.825 50.758 880.35 1.0
101.19 50.223 880.35 1.0
101.48 49.733 880.35 1.0
106.76 40.096 880.35 1.0
107.02 39.567 880.35 1.0
107.219 39.09 880.35 1.0
111.129 28.938 880.35 1.0
111.32 28.39 880.35 1.0
111.489 27.777 880.35 1.0
114.092 16.819 880.35 1.0
114.213 15.996 880.35 1.0
114.769 10.476 880.35 1.0
173.579 10.476 880.35 1.0
433.03 10.476 880.35 1.0
432.113 39.046 880.35 1.0
432.057 40.822 880.35 1.0
423.69 92.571 880.35 1.0
408.775 142.825 880.35 1.0
387.556 190.76 880.35 1.0
360.381 235.587 880.35 1.0
327.697 276.572 880.35 1.0
290.04 313.04 880.35 1.0
248.029 344.394 880.35 1.0
202.354 370.117 880.35 1.0
153.764 389.789 880.35 1.0
103.058 403.086 880.35 1.0
51.067 409.79 880.35 1.0
16.158 409.79 880.35 1.0
16.158 409.79 900.35 0.0
13.175 374.644 900.35 0.0
13.175 69.696 900.35 1.0
13.175 10.465 900.35 1.0
93.412 10.465 900.35 1.0
397.867 10.465 900.35 1.0
397.052 35.861 900.35 1.0
397.002 37.44 900.35 1.0
389.355 84.734 900.35 1.0
375.724 130.662 900.35 1.0
356.332 174.47 900.35 1.0
331.496 215.439 900.35 1.0
301.626 252.895 900.35 1.0
267.211 286.224 900.35 1.0
228.817 314.878 900.35 1.0
187.074 338.387 900.35 1.0
142.667 356.366 900.35 1.0
96.325 368.518 900.35 1.0
48.811 374.644 900.35 1.0
16.175 374.644 900.35 1.0
16.175 374.644 920.35 0.0
13.192 10.454 920.35 0.0
351.512 10.454 920.35 1.0
350.832 31.663 920.35 1.0
350.789 32.982 920.35 1.0
344.093 74.403 920.35 1.0
332.154 114.628 920.35 1.0
315.17 152.996 920.35 1.0
293.418 188.877 920.35 1.0
267.257 221.682 920.35 1.0
237.116 250.872 920.35 1.0
203.49 275.968 920.35 1.0
166.93 296.558 920.35 1.0
128.037 312.304 920.35 1.0
87.45 322.947 920.35 1.0
45.836 328.313 920.35 1.0
13.192 328.313 920.35 1.0
13.192 13.454 920.35 1.0
13.192 13.454 940.35 0.0
13.209 10.442 940.35 0.0
304.141 10.443 940.35 1.0
303.598 27.374 940.35 1.0
303.564 28.426 940.35 1.0
297.838 63.846 940.35 1.0
287.629 98.243 940.35 1.0
273.106 131.051 940.35 1.0
254.506 161.733 940.35 1.0
232.136 189.785 940.35 1.0
206.362 214.746 940.35 1.0
177.607 236.206 940.35 1.0
146.345 253.813 940.35 1.0
113.087 267.277 940.35 1.0
78.381 276.378 940.35 1.0
42.796 280.966 940.35 1.0
13.209 280.966 940.35 1.0
13.209 13.442 940.35 1.0
13.209 13.442 960.35 0.0
13.226 10.431 960.35 0.0
254.778 10.431 960.35 1.0
254.378 22.904 960.35 1.0
254.353 23.679 960.35 1.0
249.638 52.845 960.35 1.0
241.232 81.168 960.35 1.0
229.273 108.184 960.35 1.0
213.957 133.448 960.35 1.0
195.537 156.547 960.35 1.0
174.314 177.101 960.35 1.0
150.636 194.772 960.35 1.0
124.894 209.269 960.35 1.0
97.508 220.356 960.35 1.0
68.93 227.851 960.35 1.0
39.629 231.628 960.35 1.0
13.226 231.629 960.35 1.0
13.226 13.431 960.35 1.0
13.226 13.431 980.35 0.0
13.243 10.42 980.35 0.0
183.242 10.42 980.35 1.0
183.049 16.426 980.35 1.0
183.037 16.799 980.35 1.0
179.787 36.902 980.35 1.0
173.993 56.423 980.35 1.0
165.75 75.044 980.35 1.0
155.194 92.458 980.35 1.0
142.497 108.378 980.35 1.0
127.87 122.545 980.35 1.0
111.55 134.724 980.35 1.0
93.807 144.717 980.35 1.0
74.932 152.359 980.35 1.0
55.234 157.524 980.35 1.0
35.038 160.128 980.35 1.0
14.675 160.128 980.35 1.0
13.243 159.944 980.35 1.0
13.243 13.42 980.35 1.0
13.243 13.42 1000.35 0.0
13.26 10.409 1000.35 0.0
99.507 10.409 1000.35 1.0
98.234 18.288 1000.35 1.0
95.49 27.533 1000.35 1.0
91.585 36.352 1000.35 1.0
86.586 44.6 1000.35 1.0
80.573 52.14 1000.35 1.0
73.645 58.849 1000.35 1.0
65.915 64.617 1000.35 1.0
57.512 69.351 1000.35 1.0
48.573 72.97 1000.35 1.0
39.244 75.416 1000.35 1.0
29.678 76.65 1000.35 1.0
20.035 76.65 1000.35 1.0
13.26 75.776 1000.35 1.0
13.26 13.409 1000.35 1.0
